25 4
57 58
84 23
91 66
117 50
143 29
152 8
178 112
198 50
205 51
210 107
230 102
256 113
277 110
303 117
333 34
355 38
364 123
366 119
395 74
426 77
469 87
494 122
535 101
576 91
605 30
619 68
646 93
660 56
690 14
694 44
716 87
737 97
766 91
808 61
839 17
841 4
867 108
879 70
879 20
917 29
935 103
948 59
984 24
991 14
1013 58
1038 88
1062 69
1084 31
1091 64
1128 88
1154 94
1185 79
1185 35
1194 87
1202 116
1243 5
1277 68
1294 85
1312 16
1357 123
1400 10
1400 3
1422 25
1441 85
1480 104
1493 125
1531 24
1561 37
1593 92
1612 6
1622 122
1626 125
1629 33
1643 68
1661 117
1690 52
1732 126
1732 62
1747 53
1757 122
1786 101
1815 90
1829 26
1832 101
1876 78
1908 76
1942 7
1965 48
1971 61
1981 118
2015 113
2047 124
2067 114
2111 36
2126 93
2153 97
2171 103
2186 18
2223 108
2245 97
2281 46
2288 97
2308 25
2314 97
2332 105
2336 57
2364 92
2390 68
2425 118
2452 41
2494 79
2498 103
2525 113
2555 10
2589 50
2626 94
2650 33
2658 93
2699 95
2705 115
2748 97
2773 31
2786 42
2801 34
2844 73
2888 11
2902 91
2918 29
2951 102
2951 18
2994 118
3020 24
3050 93
3072 59
3108 16
3112 2
3145 126
3172 32
3205 107
3248 121
3273 104
3291 97
3294 90
3334 22
3366 31
3368 36
3392 58
3419 16
3461 115
3492 95
3497 53
3517 69
3517 68
3559 96
3586 63
3626 119
3654 43
3686 18
3727 10
3759 95
3781 92
3811 19
3822 2
3848 112
3879 9
3907 32
3929 20
3970 54
3984 116
3987 54
4004 12
4037 2
4055 100
4080 89
4116 79
4147 47
4155 4
4174 33
4212 18
4243 100
4252 62
4276 117
4299 48
4310 110
4343 11
4362 102
4399 31
4402 26
4422 97
4466 8
4474 122
4477 82
4504 36
4544 122
4546 7
4572 71
4603 31
4643 42
4678 77
4697 100
4707 92
4724 118
4748 121
4774 73
4796 118
4812 115
4819 53
4860 56
4898 78
4926 111
4951 86
4982 102
4990 41
4997 74
4998 52
5033 95
5065 32
5070 118
5108 28
5129 98
5131 79
5166 62
5191 82
5218 78
5229 105
5231 32
5241 122
5284 54
5310 89
5316 62
5357 53
5357 84
5390 103
5404 19
5444 28
5487 80
5497 23
5525 4
5549 115
5585 113
5621 6
5642 45
5679 22
5719 70
5731 8
5745 92
5772 55
5792 83
5801 67
5843 79
5862 102
5906 60
5924 82
5941 46
5972 115
5988 45
5998 117
6022 117
6036 100
6077 28
6088 98
6108 126
6120 101
6131 15
6176 64
6178 56
6189 40
6230 88
6256 100
6262 113
6282 73
6285 44
6290 102
6292 105
6308 1
6346 94
6361 126
6368 98
6394 61
6425 71
6443 75
6471 50
6483 27
6523 97
6557 97
6591 1
6600 24
6617 72
6645 85
6675 96
6698 68
6700 32
6738 49
6750 122
6793 8
6809 119
6854 117
6879 67
6913 18
6954 61
6994 102
7023 35
7040 21
7076 80
7116 5
7147 65
7155 23
7162 27
7197 3
7233 41
7278 16
7320 84
7326 75
7364 86
7394 28
7398 20
7436 126
7477 36
7481 108
7491 61
7518 30
7542 79
7574 54
7611 58
7630 80
7647 25
7669 39
7670 97
7707 93
7721 31
7754 8
7792 48
7807 1
7826 84
7846 66
7877 42
7907 27
7952 42
7986 25
7998 58
8042 111
8070 78
8094 42
8139 63
8142 76
8152 57
8175 57
8218 9
8247 106
8271 104
8312 53
8349 115
8394 77
8409 1
8434 38
8449 54
8461 79
8470 116
8513 14
8521 63
8534 58
8541 40
8565 97
8607 1
8650 33
8693 115
8698 12
8722 79
8747 99
8787 14
8803 20
8842 33
8880 117
8895 59
8932 31
8970 19
9003 82
9003 85
9035 8
9066 117
9080 3
9105 11
9135 96
9179 126
9224 104
9269 45
9310 57
9328 58
9351 61
9385 29
9409 47
9414 66
9438 68
9464 46
9478 67
9501 90
9543 127
9576 69
9587 1
9599 14
9610 45
9620 33
9656 50
9690 107
9705 93
9730 62
9768 100
9774 81
9800 71
9844 96
9873 120
9889 27
9921 22
9945 74
9947 40
9951 96
9960 68
9996 61
10021 90
10045 58
10070 90
10096 2
10105 99
10144 13
10183 125
10186 111
10199 102
10202 29
10230 32
10232 21
10261 40
10298 74
10306 41
10348 2
10380 1
10401 123
10417 91
10456 42
10480 76
10511 25
10534 121
10572 80
10614 83
10656 49
10660 20
10700 17
10705 58
10722 19
10743 119
10750 14
10777 25
10806 40
10812 22
10825 45
10850 108
10886 73
10912 88
10919 1
10948 62
10963 119
10999 100
11007 42
11021 55
11066 114
11080 119
11112 98
11120 18
11123 122
11139 71
11169 117
11203 63
11230 85
11236 87
11265 99
11282 12
11310 17
11340 106
11385 102
11389 57
11410 109
11414 74
11446 8
11478 65
11500 64
11538 7
11556 40
11588 66
11592 78
11608 65
11638 87
11658 123
11661 114
11661 1
11696 98
11726 122
11768 66
11783 112
11795 91
11816 74
11848 80
11890 33
11893 10
11923 50
11961 62
11974 27
11977 124
12015 11
12042 28
12045 103
12090 38
12093 119
12118 94
12121 39
12136 123
12139 68
12145 58
12159 28
12174 97
12182 106
12214 78
12242 9
12258 36
12297 88
12321 99
12359 59
12366 72
12379 29
12401 92
12437 40
12457 18
12492 57
12530 63
12554 120
12579 92
12621 111
12663 25
12672 109
12712 19
12744 96
12769 74
12794 94
12800 9
12828 9
12849 6
12882 4
12922 55
12951 98
12965 67
12969 22
12994 95
13002 84
13008 1
13042 87
13070 86
13110 64
13145 111
13145 50
13157 69
13176 65
13204 106
13215 72
13215 106
13246 18
13249 83
13276 48
13307 102
13314 10
13314 116
13350 55
13377 78
13394 116
13400 67
13437 19
13437 40
13468 77
13487 7
13512 84
13552 53
13587 91
13592 110
13622 12
13626 39
13662 71
13704 54
13729 126
13750 15
13765 64
13807 57
13849 51
13870 122
13902 10
13918 71
13952 33
13985 70
13992 44
14015 115
14034 112
14069 80
14076 41
14106 16
14140 24
14150 82
14179 83
14194 36
14209 108
14247 46
14261 54
14304 85
14338 104
14347 123
14378 58
14399 90
14405 22
14432 20
14470 48
14474 121
14496 16
14541 33
14553 15
14578 40
14601 9
14615 21
14651 57
14651 62
14667 121
14712 32
14722 32
14753 117
14774 49
14802 121
14814 114
14845 53
14864 62
14887 66
14893 110
14931 114
14956 97
14976 93
14982 57
15027 64
15029 110
15048 46
15084 14
15115 32
15139 44
15148 37
15156 121
15168 87
15172 29
15198 95
15221 110
15221 46
15260 64
15283 48
15293 112
15334 104
15355 113
15385 110
15398 7
15435 126
15466 73
15477 14
15513 95
15526 67
15533 17
15559 73
15572 67
15577 37
15610 44
15652 35
15665 9
15678 54
15714 83
15758 59
15783 43
15824 93
15835 105
15844 90
15848 122
15857 78
15900 92
15902 85
15941 71
15952 2
15993 123
16003 17
16027 27
16070 45
16083 20
16106 35
16117 56
16121 18
16125 125
16158 66
16160 24
16172 113
16210 46
16253 95
16269 53
16277 6
16286 46
16327 50
16366 38
16408 79
16429 46
16453 65
16455 104
16465 51
16500 107
16535 124
16544 72
16581 56
16615 71
16635 110
16659 10
16669 123
16672 61
16702 41
16702 60
16722 27
16724 36
16736 4
16764 13
16790 66
16817 31
16843 10
16877 79
16893 50
16922 103
16967 123
17008 69
17030 123
17030 31
17069 20
17088 8
17101 2
17145 40
17175 6
17219 73
17225 102
17259 4
17284 1
17305 20
17349 45
17379 92
17384 47
17422 77
17444 69
17452 49
17473 26
17476 84
17517 65
17530 30
17541 108
17545 28
17585 121
17626 102
17631 38
17661 46
17700 55
17729 25
17737 97
17754 22
17761 68
17787 116
17831 67
17870 39
17911 52
17922 127
17956 89
17970 83
17993 53
18020 29
18033 79
18077 11
18104 67
18134 73
18171 108
18201 25
18246 27
18251 14
18268 122
18311 62
18354 36
18378 20
18390 74
18399 99
18430 21
18444 71
18449 83
18480 38
18516 73
18517 35
18551 12
18589 19
18594 67
18635 37
18669 70
18674 31
18704 4
18729 95
18744 61
18777 74
18792 5
18816 100
18861 50
18900 49
18912 64
18947 22
18949 114
18991 38
19002 44
19015 51
19034 59
19052 16
19064 37
19107 40
19118 13
19119 38
19151 11
19163 62
19167 42
19208 65
19209 121
19214 89
19220 77
19240 74
19269 63
19310 100
19327 42
19342 90
19355 75
19380 98
19415 11
19449 87
19483 91
19528 103
19561 13
19575 66
19608 53
19636 62
19677 113
19689 39
19710 78
19728 40
19761 84
19765 104
19808 88
19835 113
19871 60
19891 21
19924 45
19943 1
19950 96
19962 20
19976 113
20008 87
20034 27
20059 120
20076 41
20105 37
20107 41
20150 46
20183 86
20196 84
20221 66
20260 85
20285 95
20293 100
20311 50
20334 10
20358 16
20373 1
20413 90
20448 71
20453 62
20488 91
20497 91
20527 113
20536 107
20541 109
20557 43
20566 6
20580 108
20617 3
20648 87
20692 19
20731 109
20767 31
20811 33
20818 106
20859 77
20872 17
20907 84
20919 85
20953 101
20995 90
21033 44
21054 13
21092 100
21129 27
21141 83
21149 49
21182 97
21206 111
21213 87
21233 77
21246 100
21251 94
21256 126
21260 116
21304 29
21319 107
21353 62
21370 66
21385 58
21421 113
21422 34
21439 119
21441 109
21477 73
21513 35
21527 43
21566 81
21581 48
21588 122
21610 66
21637 47
21676 57
21695 8
21724 124
21745 96
21760 37
21783 77
21826 69
21851 120
21875 44
21885 104
21908 120
21937 48
21968 58
21993 70
22009 15
22012 9
22015 127
22054 31
22073 66
22113 37
22134 104
22146 31
22181 8
22183 98
22193 51
22215 120
22250 76
22257 60
22285 127
22309 103
22338 15
22369 120
22375 50
22383 103
22402 119
22405 126
22441 45
22447 89
22478 116
22482 96
22505 29
22511 25
22534 123
22535 60
22547 82
22566 1
22586 79
22623 30
22632 97
22641 95
22672 75
22681 60
22710 95
22742 31
22753 10
22769 71
22810 30
22811 127
22828 21
22837 77
22845 63
22856 95
22889 45
22899 75
22904 55
22945 56
22963 125
22999 38
22999 87
23014 20
23036 113
