19 76
42 37
64 16
103 107
146 119
178 120
203 64
238 90
263 85
280 77
323 35
353 50
383 83
427 21
444 24
451 70
468 124
481 46
511 40
522 124
532 92
558 23
577 50
588 103
595 83
610 120
633 17
670 6
682 113
725 14
762 23
807 48
841 55
860 83
876 10
902 113
909 46
928 10
957 77
962 95
970 66
981 29
992 21
997 110
1033 106
1075 62
1094 42
1135 104
1173 47
1211 64
1247 70
1282 88
1295 43
1315 2
1349 11
1390 113
1434 56
1475 106
1489 100
1529 104
1567 82
1581 125
1595 30
1606 95
1641 18
1655 118
1661 125
1698 57
1742 96
1754 33
1770 118
1815 58
1849 18
1855 83
1860 12
1889 115
1897 52
1905 51
1912 123
1920 108
1925 117
1954 90
1980 48
1985 59
2026 82
2043 55
2049 115
2094 60
2118 69
2120 94
2141 49
2168 103
2213 109
2218 17
2224 127
2231 77
2276 118
2279 43
2284 98
2289 119
2291 99
2310 120
2326 47
2353 113
2360 99
2391 96
2427 78
2428 100
2465 43
2500 57
2504 80
2520 67
2531 31
2567 124
2591 52
2615 30
2624 49
2634 33
2668 17
2709 23
2731 71
2735 48
2752 91
2781 26
2807 13
2835 1
2871 90
2889 72
2916 46
2939 100
2970 73
3005 77
3025 83
3054 68
3079 104
3112 105
3113 77
3156 34
3189 94
3217 47
3220 26
3257 42
3276 77
3314 21
3325 14
3327 87
3365 56
3379 41
3408 124
3423 116
3428 82
3471 104
3493 28
3531 39
3558 48
3601 17
3633 113
3677 29
3677 59
3687 75
3708 88
3731 105
3752 26
3795 77
3808 106
3851 37
3887 32
3927 29
3959 117
3961 57
3979 127
3983 23
4023 31
4067 62
4093 126
4096 50
4122 74
4155 63
4180 90
4207 119
4217 104
4255 78
4260 114
4275 107
4320 51
4321 53
4335 66
4344 28
4345 37
4382 43
4396 82
4412 60
4416 107
4428 67
4445 12
4475 114
4519 13
4550 90
4555 99
4557 70
4599 48
4644 49
4650 2
4689 54
4721 119
4752 124
4778 87
4802 113
4823 54
4848 46
4873 5
4907 81
4914 106
4949 82
4949 8
4965 55
4982 47
5007 64
5010 63
5020 3
5038 114
5057 64
5090 65
5091 107
5132 62
5150 50
5183 115
5194 74
5203 22
5222 92
5248 90
5289 114
5325 24
5348 41
5382 72
5426 49
5453 11
5498 23
5500 42
5510 43
5524 117
5555 49
5577 50
5600 30
5631 82
5655 76
5655 95
5683 4
5720 2
5759 87
5793 119
5830 105
5864 120
5895 45
5918 43
5922 87
5924 38
5949 62
5987 69
6027 96
6058 18
6066 88
6086 29
6130 71
6133 93
6135 44
6165 117
6174 115
6208 77
6247 25
6278 54
6297 125
6316 22
6345 113
6389 94
6433 107
6440 20
6455 34
6483 60
6513 65
6532 63
6552 70
6590 12
6620 16
6641 108
6646 52
6674 68
6716 77
6722 24
6750 9
6755 59
6758 79
6763 56
6805 107
6832 121
6833 25
6852 70
6895 108
6940 103
6940 17
6959 73
6987 119
6999 50
7005 108
7014 23
7049 40
7082 85
7109 8
7128 94
7131 32
7148 6
7183 96
7226 28
7263 12
7297 125
7306 121
7335 43
7356 118
7360 72
7391 42
7393 11
7418 2
7435 1
7435 73
7460 108
7467 42
7500 46
7538 30
7539 75
7548 76
7557 31
7557 117
7572 103
7572 74
7597 33
7617 7
7629 11
7646 26
7660 39
7668 125
7692 113
7704 120
7735 24
7750 66
7753 4
7782 97
7788 95
7789 110
7817 35
7844 96
7869 11
7875 76
7910 48
7935 17
7936 86
7970 40
8010 28
8040 74
8062 33
8065 15
8067 23
8084 66
8090 38
8118 57
8148 7
8190 40
8223 125
8236 20
8247 2
8278 117
8303 104
8337 17
8340 29
8360 82
8365 127
8400 22
8432 21
8462 7
8503 109
8509 29
8526 61
8549 86
8583 73
8587 10
8601 120
8611 93
8628 17
8640 121
8669 54
8674 21
8696 63
8698 77
8737 36
8739 27
8765 68
8785 124
8816 87
8841 127
8880 51
8906 81
8908 73
8937 117
8956 101
8989 108
9021 29
9039 115
9073 76
9099 106
9114 87
9154 18
9180 66
9186 113
9221 73
9239 38
9282 114
9313 117
9324 38
9328 25
9372 101
9414 115
9451 52
9467 42
9489 27
9503 23
9517 64
9551 11
9580 31
9619 6
9648 90
9664 9
9675 16
9689 91
9720 102
9748 62
9786 124
9793 127
9811 57
9829 90
9872 40
9878 89
9919 34
9921 115
9959 59
9971 84
9997 7
10035 97
10044 93
10070 11
10109 96
10131 110
10154 123
10179 19
10182 83
10187 10
10229 56
10232 56
10232 65
10246 115
10251 105
10289 58
10298 66
10334 104
10356 95
10356 59
10371 21
10380 108
10399 4
10408 46
10452 116
10467 77
10489 70
10495 60
10504 97
10530 81
10574 11
10582 10
10607 11
10636 73
10649 21
10675 66
10702 58
10725 49
10730 121
10754 23
10771 68
10815 38
10829 102
10834 20
10850 86
10879 63
10913 82
10937 79
10951 110
10972 72
10989 71
11033 25
11058 3
11080 97
11102 88
11125 60
11154 61
11197 110
11203 7
11205 56
11212 91
11233 75
11235 70
11253 103
11260 19
11262 107
11283 13
11291 63
11320 69
11322 26
11353 63
11375 15
11397 106
11420 8
11437 78
11466 112
11485 95
11508 94
11530 5
11545 119
11589 93
11623 127
11627 100
11638 83
11658 65
11694 121
11717 109
11726 101
11768 42
11812 106
11832 79
11832 14
11836 30
11857 23
11867 20
11903 20
11906 59
11915 65
11915 98
11916 23
11936 44
11936 115
11955 13
11998 97
12031 112
12044 97
12086 107
12092 12
12108 64
12135 69
12157 70
12159 110
12195 25
12211 1
12229 69
12243 99
12256 88
12260 89
12282 2
12325 101
12326 36
12341 4
12348 50
12378 37
12403 52
12447 78
12467 107
12503 98
12544 22
12588 85
12591 66
12592 69
12603 76
12618 94
12636 117
12672 98
12717 32
12752 30
12772 29
12773 49
12792 39
12792 82
12802 26
12808 17
12827 41
12842 54
12867 111
12876 21
12888 101
12899 117
12933 32
12970 117
13013 8
13038 38
13073 55
13095 62
13133 15
13142 20
13153 96
13179 46
13215 118
13248 63
13252 96
13281 7
13308 39
13336 122
13369 68
13395 68
13411 110
13416 20
13444 15
13465 43
13490 117
13535 101
13568 16
13609 24
13637 122
13637 81
13660 84
13662 66
13696 35
13696 10
13708 120
13708 112
13709 116
13720 5
13743 48
13759 23
13797 74
13816 94
13821 55
13858 108
13897 18
13927 94
13939 12
13943 101
13959 22
13997 63
14041 97
14051 45
14054 64
14098 6
14125 87
14126 14
14139 108
14170 71
14196 119
14228 32
14241 107
14277 30
14321 77
14363 98
14365 127
14396 26
14429 63
14459 57
14488 94
14516 58
14520 86
14548 48
14558 104
14589 49
14614 33
14632 46
14637 58
14655 77
14695 28
14696 103
14727 44
14745 21
14755 9
14780 78
14801 21
14820 71
14851 94
14868 34
14879 28
14881 20
14922 22
14956 56
14989 25
15018 112
15034 71
15053 65
15066 21
15067 80
15067 20
15089 86
15097 101
15125 90
15153 55
15163 71
15194 87
15222 81
15243 22
15262 62
15279 9
15318 39
15353 17
15373 65
15406 13
15430 37
15434 10
15453 78
15485 60
15496 77
15529 105
15531 124
15567 49
15600 88
15601 51
15631 56
15672 113
15682 111
15691 127
15692 49
15707 118
15740 38
15751 94
15763 4
15794 82
15804 13
15837 67
15844 29
15884 16
15904 99
15946 83
15981 122
15988 12
16009 113
16033 102
16033 108
16073 70
16096 106
16102 37
16114 112
16150 4
16174 80
16186 30
16205 35
16234 48
16251 101
16286 41
16305 51
16332 21
16364 109
16400 72
16413 29
16428 117
16433 36
16458 36
16483 34
16517 125
16548 35
16581 67
16594 32
16619 127
16639 90
16643 62
16662 63
16681 9
16696 114
16707 66
16731 96
16773 95
16779 53
16782 110
16827 13
16850 103
16869 113
16911 14
16945 31
16945 98
16959 110
16978 77
16987 116
17013 54
17035 79
17077 86
17083 63
17115 101
17141 5
17180 126
17200 99
17208 90
17209 60
17226 109
17271 5
17282 78
17301 17
17346 22
17370 100
17374 19
17379 104
17382 105
17410 66
17436 25
17469 19
17500 77
17518 17
17561 69
17578 45
17612 3
17612 104
17624 3
17651 77
17689 26
17724 18
17725 44
17764 62
17789 102
17826 77
17852 39
17889 36
17924 100
17954 31
17963 53
18002 73
18038 66
18058 10
18071 63
18101 108
18118 12
18131 77
18145 90
18190 34
18227 29
18248 96
18282 79
18294 57
18314 37
18342 36
18370 13
18371 25
18404 101
18410 66
18417 75
18420 66
18431 90
18471 126
18498 81
18535 64
18557 34
18558 27
18559 31
18592 112
18594 44
18614 33
18619 112
18653 68
18675 67
18699 120
18730 115
18734 85
18760 7
18770 8
18808 55
18837 24
18840 87
18864 50
18890 36
18919 32
18957 114
18996 30
19033 109
19055 96
19099 56
19144 20
19185 126
19230 50
19259 81
19300 1
19323 120
19342 91
19348 50
19375 59
19410 106
19452 104
19459 69
19477 111
19511 30
19540 30
19556 49
19594 114
19624 63
19633 41
19658 4
19667 51
19703 13
19730 109
19770 18
19782 26
19799 2
19805 119
19846 107
19869 4
19907 16
19949 124
19973 43
20011 119
20029 107
20055 55
20076 57
20095 93
20122 77
20126 118
20170 56
20211 65
20213 78
20226 9
20257 66
20264 1
20268 66
20291 11
20306 75
20339 15
20370 125
20372 39
20400 3
20430 49
20456 78
20494 69
20499 116
20505 94
20506 62
20547 124
20574 50
20587 43
20607 59
20611 49
20632 12
20677 18
20681 46
20693 7
20736 12
20764 30
20798 114
20811 87
20827 88
20868 78
20878 112
20923 89
20928 13
20970 51
20978 112
20990 121
21022 36
21035 115
21046 76
21064 7
21103 104
21105 105
21134 63
21146 127
21153 60
21176 31
21206 32
21217 23
21230 78
21232 73
21232 10
21249 60
21287 82
21316 98
21329 120
21359 41
21387 9
21389 119
21412 48
21447 82
21482 47
21525 96
21541 40
21556 102
21579 105
21587 68
21629 24
21638 45
21671 63
21704 37
21705 18
21736 79
21743 76
21788 63
21806 41
21845 62
21884 75
21891 45
21931 89
21963 65
21975 12
22016 67
22048 39
22061 97
22077 18
22088 93
