7 94
25 89
52 88
85 51
122 41
129 21
160 15
189 44
198 10
227 17
257 29
287 103
314 112
315 66
325 102
341 33
355 54
392 24
427 87
459 96
483 15
492 59
527 72
565 103
605 46
640 35
655 107
698 114
742 51
742 93
771 25
780 57
814 32
856 45
859 35
865 71
909 109
931 17
965 4
985 100
1007 15
1032 122
1066 57
1070 14
1101 85
1102 124
1108 90
1122 49
1131 9
1157 19
1171 51
1185 2
1225 106
1233 82
1273 85
1311 15
1346 98
1360 105
1362 49
1376 73
1398 104
1417 63
1455 18
1474 5
1481 76
1518 26
1530 127
1533 18
1565 71
1609 86
1609 18
1616 21
1639 16
1649 108
1681 64
1712 121
1723 27
1767 39
1805 81
1806 95
1836 24
1851 96
1867 81
1887 65
1918 8
1920 22
1961 110
2002 16
2002 9
2005 10
2016 108
2061 48
2064 80
2091 98
2133 35
2148 78
2148 101
2188 69
2205 7
2228 43
