25 102
59 13
74 20
78 71
113 38
158 118
168 61
205 24
225 22
255 53
258 25
291 119
320 109
337 20
344 12
371 84
404 103
408 125
411 98
441 50
482 98
491 1
497 15
528 18
535 63
548 126
585 16
619 65
621 11
629 27
661 120
696 15
730 30
734 79
776 94
787 2
832 105
853 61
894 18
918 84
931 21
968 38
968 50
1001 83
1031 83
1074 39
1078 43
1112 106
1122 68
1144 66
1186 95
1201 31
1232 81
1232 30
1253 116
1279 68
1294 86
1311 75
1332 113
1372 93
1384 100
1409 81
1420 94
1464 11
1468 125
1495 97
1517 54
1546 13
1548 112
1574 29
1612 36
1623 106
1629 13
1671 57
1680 38
1720 37
1764 28
1789 67
1819 113
1858 32
1901 121
1932 36
1944 98
1971 63
2006 57
2048 126
2089 29
2134 66
2178 121
2205 76
2235 77
2251 41
2294 116
2316 107
2359 71
2362 95
2400 111
2436 64
2470 63
2504 70
2519 71
2538 109
2546 70
2570 18
2586 121
2594 89
2600 90
2600 73
2630 63
2648 25
2686 118
2699 123
2709 33
2725 101
2767 88
2771 127
2797 117
2805 89
2832 5
2841 23
2872 63
2904 108
2925 101
2939 64
2947 74
2951 28
2996 85
3005 101
3020 69
3026 105
3043 114
3084 91
3127 81
3134 12
3176 74
3219 122
3259 31
3281 86
3326 98
3330 25
3362 72
3362 103
3402 2
3417 55
3459 26
3462 43
3507 34
3546 45
3562 105
3562 54
3579 103
3621 110
3665 98
3681 111
3700 68
3726 38
3734 77
3765 68
3791 59
3801 62
3807 41
3827 77
3866 45
3886 72
3907 9
3936 3
3953 13
3957 93
3962 117
3979 41
3992 56
4011 77
4032 18
4036 90
4049 38
4085 53
4105 20
4126 11
4134 79
4135 19
4141 84
4178 116
4194 86
4217 92
4225 26
4263 82
4288 13
4291 29
4318 46
4363 35
4389 114
4413 104
4458 88
4497 115
4497 115
4522 1
4565 79
4583 58
4591 7
4624 103
4630 37
4671 53
4676 18
4710 109
4726 1
4766 90
4804 90
4848 42
4869 51
4902 111
4903 70
4917 47
4942 43
4970 30
4999 76
5014 124
5032 24
5035 126
5053 98
5066 106
5067 115
5082 102
5106 41
5140 29
5147 35
5154 111
5192 43
5237 4
5263 34
5305 50
5328 106
5360 74
5373 49
5396 46
5440 53
5454 32
5489 114
5517 11
5522 126
5523 80
5527 59
5555 94
5584 19
5605 50
5612 39
5635 82
5654 59
5659 60
5692 61
5697 49
5707 13
5744 56
5766 13
5800 28
5833 111
5838 125
5865 77
5904 118
5948 58
5963 113
6008 86
6036 2
6075 14
6119 116
6124 1
6146 69
6157 29
6194 116
6209 56
6219 72
6254 92
6270 22
6299 30
6337 62
6340 98
6381 28
6416 44
6425 81
6427 11
6462 28
6489 54
6518 40
6544 54
6560 1
6587 43
6614 105
6641 55
6673 46
6706 73
6712 92
6730 65
6751 55
6788 115
6811 52
6852 68
6874 102
6909 70
6943 123
6967 73
6979 82
7004 9
7009 90
7018 109
7051 125
7068 54
7084 21
7118 116
7149 84
7175 1
7206 23
7239 100
7277 65
7294 34
7298 126
7315 100
7335 65
7359 103
7394 44
7428 86
7432 77
7464 82
7492 44
7517 70
7541 14
7578 88
7581 57
7626 21
7652 103
7695 57
7733 104
7773 57
7817 63
7824 58
7852 19
7858 47
7858 35
7877 75
7894 113
7906 16
7911 77
7938 9
7954 46
7965 110
7976 99
8002 24
8042 84
8077 6
8083 123
8115 51
8117 61
8125 58
8145 114
8166 22
8178 36
8218 125
8223 24
8234 112
8277 74
8299 39
8312 34
8348 28
8369 13
8399 95
8439 69
8463 4
8479 34
8511 71
8521 22
8564 89
8570 2
8602 91
8628 32
8628 18
8663 47
8707 53
8715 108
8729 112
8761 89
8798 80
8825 124
8859 91
8900 105
8938 108
8954 4
8989 69
9000 68
9009 71
9024 26
9064 54
9090 80
9128 116
9144 123
9157 8
9168 11
9195 6
9195 52
9204 24
9204 105
9208 62
9238 21
9280 124
9300 32
9327 14
9334 7
9344 19
9384 2
9418 115
9460 27
9489 60
9516 63
9540 42
9569 38
9595 5
9624 93
9627 19
9664 99
9709 90
9717 86
9732 33
9736 96
9765 42
9795 85
9840 72
9876 58
9881 78
9896 122
9910 78
9939 40
9946 56
9961 12
9988 80
10012 57
10033 75
10036 70
10063 119
10099 21
10135 80
10173 121
10183 81
10211 111
10242 29
10252 86
10261 37
10280 102
10313 48
10350 4
10377 14
10421 69
10466 122
10474 120
10505 28
10512 10
10530 58
10556 114
10559 76
10560 68
10589 112
10622 60
10637 25
10671 60
10714 12
10715 59
10720 47
10733 25
10757 66
10776 46
10786 98
10829 65
10830 70
10840 13
10880 85
10917 48
10939 23
10973 25
10990 104
10993 117
11015 70
11043 111
11086 20
11089 36
11111 81
11116 23
11128 68
11133 121
11173 116
11218 28
11249 46
11269 96
11296 96
11341 35
11344 1
11355 98
11394 76
11412 53
11432 101
11474 78
11502 32
11525 87
11567 57
11574 23
11610 93
11648 104
11652 32
11652 70
11686 19
11691 25
11719 59
11750 84
11778 8
11810 92
11848 55
11873 83
11898 20
11924 27
11931 18
11961 11
11965 97
11993 47
12015 29
12031 103
12073 5
12098 102
12107 55
12108 88
12112 46
12143 20
12150 26
12188 74
12195 67
12216 114
12237 19
12273 34
12282 22
12305 62
12340 63
12356 99
12364 27
12374 44
12395 71
12416 106
12440 32
12478 104
12495 95
12522 114
12523 48
12567 71
12609 93
12642 21
12684 33
12694 48
12717 87
12749 115
12774 127
12779 70
12784 15
12791 110
12808 101
12844 69
12846 12
12885 100
12922 125
12928 36
12937 20
12969 48
12980 102
13008 49
13046 14
13073 73
13091 82
13123 92
13132 55
13145 17
13167 3
13184 41
13186 10
13212 82
13212 102
13228 91
13258 105
13283 23
13300 69
13325 122
13328 91
13357 44
13377 3
13401 107
13425 91
13459 90
13473 33
13496 11
13529 7
13535 80
13551 40
13557 82
13564 3
13604 90
13613 111
13625 63
13639 115
13672 118
13711 91
13748 123
13764 15
13771 94
13776 32
13791 18
13813 68
13824 127
13853 104
13871 29
13885 17
13910 69
13928 125
13952 78
13960 83
13993 2
13993 87
14033 30
14040 114
14085 27
14115 24
14137 44
14148 49
14174 13
14186 65
14217 84
14218 18
14250 27
14289 39
14311 77
14327 49
14352 88
14354 28
14368 33
14373 33
14379 1
14405 59
14420 51
14438 37
14460 60
14489 115
14518 80
14560 9
14576 42
14592 125
14624 5
14655 53
14658 62
14686 60
14699 34
14713 126
14735 90
14765 13
14782 8
14802 83
14823 126
14850 122
14872 107
14883 109
14919 102
14933 80
14955 55
14983 64
15002 44
15033 53
15036 81
15055 125
15096 4
15103 16
15119 77
15125 13
15130 113
15140 26
15170 71
15183 17
15199 63
15211 8
15211 67
15248 94
15274 122
15290 14
15334 122
15354 22
15356 53
15389 65
15434 1
15464 44
15500 45
15507 121
15527 67
15553 8
15595 84
15618 9
15651 45
15668 58
15669 124
15714 108
15732 85
15741 99
15781 64
15792 33
15801 50
15816 22
15826 35
15827 37
15838 8
15882 31
15922 111
15930 94
15947 33
15959 22
15983 36
16002 117
16021 40
16057 5
16059 11
16077 116
16107 69
16140 95
16165 123
16195 124
16235 33
16235 54
16259 33
16260 25
16294 46
16322 104
16347 14
16386 104
16421 123
16453 75
16489 49
16504 115
16529 32
16552 40
16572 122
16609 92
16622 38
16638 127
16639 79
16648 119
16661 66
16671 16
16701 74
16726 24
16744 114
16787 110
16825 123
16870 120
16895 99
16916 124
16940 113
16959 85
16980 55
16984 3
17022 86
17059 66
17074 85
17080 76
17089 123
17124 58
17144 110
17167 33
17173 62
17216 105
17244 56
17258 8
17287 51
17332 57
17355 92
17369 44
17413 38
17439 43
17449 16
17458 52
17493 114
17499 117
17544 83
17574 2
17613 42
17658 34
17700 9
17727 46
17760 99
17782 24
17807 87
17831 47
17864 105
17877 113
17916 106
17930 105
17956 121
17964 51
17977 100
18021 113
18046 48
18056 73
18084 95
18096 8
18126 27
18146 85
18178 39
18186 90
18231 19
18235 6
18236 91
18257 104
18280 11
18310 117
18348 127
18383 49
18401 1
18420 85
18452 15
18487 68
18495 48
18511 93
18524 106
18526 29
18530 50
18534 7
18563 7
18571 6
18591 5
18596 40
18616 125
18631 45
18638 102
18654 62
18666 36
18691 108
18695 109
18716 49
18759 79
18789 57
18796 13
18812 11
18824 9
18846 106
18889 107
18932 19
18935 115
18940 89
18942 54
18964 105
18979 53
18988 38
19017 98
19061 56
19075 4
19106 60
19131 61
19176 15
19182 103
19225 120
19252 55
19255 120
19298 23
19341 45
19372 78
19383 110
19409 56
19428 22
19449 18
19451 66
19475 69
19483 52
19486 23
19516 103
19550 42
19585 12
19628 118
19648 94
19657 14
19668 100
19698 12
19738 102
19739 78
19769 6
19779 57
19811 114
19830 77
19872 8
19883 50
19921 9
19957 84
19977 16
19993 78
20018 98
20049 103
20073 41
20093 53
20108 100
20133 72
20165 14
20195 59
20232 31
20262 96
20305 1
20310 73
20331 68
20342 78
20350 32
20395 48
20400 91
20443 110
20459 47
20463 27
20481 55
20483 102
20525 106
20530 96
20547 28
20558 64
20580 101
20599 116
20623 61
20625 10
20658 87
20685 40
20686 101
20718 5
20736 37
20763 8
20789 17
20822 107
20822 22
20858 40
20899 42
20913 70
20950 96
20993 103
21003 127
21020 122
21049 62
21086 50
21110 77
21119 49
21120 1
21141 84
21146 117
21157 85
21162 54
21179 43
21215 49
21239 125
21239 40
21271 84
21295 66
21326 53
21371 95
21377 57
21417 12
21432 110
21467 83
21507 91
21509 89
21553 18
21571 49
21581 121
21615 6
21629 17
21672 86
21685 26
21696 94
21701 120
21708 9
21737 59
21765 60
21773 66
21787 94
21819 50
21834 58
21859 29
21892 72
21926 118
21940 74
21985 7
22005 122
22011 39
22040 14
22080 59
22123 30
22151 102
22168 126
22188 10
22203 20
22227 24
22267 4
22274 94
22274 89
22287 61
22325 126
22346 49
22369 102
22410 81
22445 112
22471 97
22499 27
22510 105
