38 29
58 99
78 85
96 66
118 84
151 92
172 47
173 19
181 15
216 43
229 118
272 116
309 65
350 12
375 69
413 74
457 61
479 98
499 36
506 11
545 123
577 73
607 59
646 64
671 104
713 54
756 73
763 99
763 64
780 117
801 108
812 21
846 101
880 111
912 59
920 78
943 67
978 114
1012 120
1013 102
1026 100
1044 114
1087 49
1109 106
1149 63
1151 65
1191 53
1196 126
1226 9
1257 124
1276 23
1303 90
1326 80
1335 95
1353 21
1356 119
1398 90
1422 37
1453 96
1480 120
1480 93
1512 38
1554 33
1591 58
1621 95
1623 40
1655 25
1674 33
1719 82
1757 70
1801 106
1843 90
1881 71
1903 33
1913 122
1930 25
1947 5
1963 96
1973 84
1976 91
1996 31
2025 83
2064 3
2075 85
2108 90
2131 47
2134 101
2172 29
2172 40
2186 89
2229 120
2274 92
2303 6
2345 32
2378 12
2395 16
2428 98
2448 54
2463 80
2501 68
2543 15
2546 98
2561 76
2601 62
2614 78
2654 127
2686 64
2729 98
2743 14
2785 107
2801 68
2841 118
2849 113
2884 80
2913 45
2936 96
2969 60
2989 14
3030 95
3059 105
3077 121
3097 39
3115 61
3121 41
3137 6
3149 120
3151 63
3159 49
3194 6
3206 97
3239 115
3246 11
3290 10
3290 22
3309 89
3341 24
3341 72
3363 102
3394 38
3416 96
3434 45
3436 5
3459 86
3459 14
3499 55
3499 79
3506 95
3533 96
3540 112
3583 125
3603 8
3633 69
3645 111
3677 22
3680 24
3706 87
3749 42
3771 123
3792 61
3802 57
3828 49
3834 16
3858 58
3880 8
3899 89
3924 63
3939 19
3961 86
3963 96
3968 47
3972 77
3972 13
4013 43
4019 41
4035 123
4062 47
4090 123
4124 98
4137 30
4172 120
4186 86
4188 40
4202 80
4203 76
4215 32
4219 71
4237 29
4248 20
4262 32
4270 7
4311 70
4330 68
4366 78
4367 30
4381 83
4386 4
4426 118
4426 126
4452 14
4494 55
4513 46
4530 70
4553 109
4557 1
4574 49
4576 13
4581 23
4586 33
4626 110
4638 110
4654 69
4659 46
4697 25
4738 84
4753 14
4779 11
4797 82
4808 101
4846 113
4862 79
4878 122
4918 25
4939 68
4945 48
4973 62
5002 103
5028 6
5066 122
5073 104
5074 17
5075 37
5096 34
5121 86
5155 68
5187 39
5220 40
5243 49
5281 42
5282 65
5319 85
5344 69
5381 60
5417 94
5420 70
5455 76
5500 30
5525 50
5569 116
5579 126
5624 109
5636 64
5659 21
5676 14
5693 123
5702 82
5740 114
5780 60
5804 92
5842 105
5852 4
5854 43
5896 123
5910 101
5915 127
5951 60
5989 22
5997 104
6034 105
6047 25
6090 82
6099 124
6122 6
6161 1
6201 82
6224 19
6236 75
6271 82
6299 55
6332 20
6369 120
6400 1
6432 52
6472 49
6512 43
6523 59
6546 7
6559 97
6571 115
6583 32
6605 86
6645 6
6654 61
6654 19
6668 106
6696 88
6726 118
6771 123
6794 58
6805 122
6850 114
6877 25
6896 38
6915 67
6930 50
6944 109
6988 67
7001 4
7037 100
7076 67
7094 48
7125 73
7160 38
7191 46
7228 79
7232 55
7253 72
7255 122
7281 105
7293 41
7312 104
7323 82
7356 4
7383 122
7406 108
7426 125
7430 100
7454 57
7487 91
7513 43
7547 48
7578 79
7596 93
7635 62
7649 39
7669 1
7698 122
7733 110
7746 48
7752 103
7791 114
7830 45
7831 55
7866 117
7881 52
7907 111
7945 77
7973 26
7999 82
8015 88
8059 112
8087 85
8093 34
8125 28
8147 54
8178 65
8221 51
8237 35
8256 28
8284 87
8293 109
8338 95
8379 98
8399 117
8431 100
8444 107
8477 49
8508 39
8545 87
8573 69
8615 47
8642 66
8678 94
8699 80
8710 92
8742 12
8781 24
8809 118
8852 63
8884 84
8904 10
8939 126
8952 56
8995 104
9000 76
9011 15
9036 122
9080 62
9093 80
9123 56
9126 27
9163 90
9185 86
9194 63
9214 23
9252 19
9267 27
9299 84
9299 118
9334 85
9340 103
9381 42
9409 11
9453 126
9492 29
9517 41
9526 122
9526 30
9533 54
9534 30
9540 33
9563 15
9576 73
9602 20
9640 43
9657 6
9658 109
9666 85
9681 69
9689 19
9694 62
9712 66
9735 48
9757 24
9768 45
9806 71
9839 30
9843 72
9876 41
9918 97
9933 41
9944 45
9967 118
9995 94
10036 94
10067 37
10069 72
10100 25
10105 52
10130 41
10147 65
10189 80
10213 46
10224 3
10241 42
10280 81
10287 110
10294 47
10329 32
10352 30
10382 9
10405 49
10434 2
10445 44
10468 17
10493 87
10506 64
10550 66
10565 16
10609 28
10629 116
10648 113
10648 83
10669 15
10696 50
10721 65
10731 58
10762 9
10774 67
10796 36
10831 4
10864 116
10901 124
10944 107
10955 57
10981 89
10996 77
11016 118
11035 121
11062 33
11074 96
11117 114
11125 92
11156 120
11161 79
11171 71
11175 55
11191 19
11233 106
11236 122
11262 84
11294 99
11305 91
11305 126
11312 122
11324 37
11336 104
11337 30
11345 84
11385 13
11402 8
11428 21
11444 72
11470 69
11495 61
11501 7
11524 55
11552 65
11584 1
11628 88
11660 46
11681 50
11705 3
11712 6
11747 44
11756 16
11764 61
11801 73
11803 9
11831 115
11836 100
11875 82
11887 81
11894 74
11930 110
11973 103
11988 43
12017 85
12024 6
12034 3
12070 20
12102 23
12144 79
12175 126
12197 53
12204 43
12224 12
12252 115
12276 15
12295 34
12335 117
12346 37
12365 35
12365 87
12369 97
12378 52
12383 82
12404 105
12414 9
12430 36
12431 57
12450 99
12461 40
12500 86
12516 44
12523 20
12552 27
12560 38
12562 72
12588 91
12594 106
12610 20
12649 85
12694 111
12736 81
12780 34
12809 111
12852 110
12895 43
12896 108
12922 117
12932 63
12969 22
12994 61
13017 107
13018 77
13027 82
13044 49
13067 94
13112 24
13113 50
13125 76
13140 14
13145 4
13186 24
13231 111
13263 32
13269 52
13301 105
13340 43
13368 91
13388 87
13403 9
13425 123
13452 7
13466 111
13474 109
13475 107
13497 120
13508 56
13509 47
13534 40
13546 96
13586 18
13601 116
13611 89
13624 114
13632 46
13647 100
13659 22
13704 110
13730 74
13730 91
13737 84
13775 8
13818 86
13831 43
13866 103
13894 27
13894 18
13927 45
13955 93
13985 98
14013 101
14016 125
14026 75
14031 45
14048 119
14050 99
14092 7
14102 82
14145 112
14187 19
14219 110
14243 112
14257 42
14262 68
14269 60
14292 15
14317 90
14336 76
14342 19
14385 52
14427 26
14438 60
14473 82
14506 74
14519 58
14538 91
14558 19
14594 99
14611 37
14652 64
14682 23
14690 99
14727 19
14729 70
14739 62
14745 60
14753 106
14785 14
14797 76
14828 96
14842 6
14851 106
14894 76
14898 66
14900 38
14912 120
14920 16
14945 4
14955 13
14979 20
14990 118
15025 67
15056 65
15086 46
15129 9
15153 61
15187 25
15226 82
15270 118
15270 42
15315 57
15347 47
15362 53
15392 123
15404 6
15442 126
15452 44
15460 35
15487 11
15521 4
15555 54
15595 21
15597 68
15621 65
15653 23
15660 92
15669 17
15700 93
15719 14
15722 4
15752 127
15779 23
15812 89
15826 123
15848 20
15883 5
15886 21
15917 108
15942 35
15969 121
15978 79
15991 76
16030 101
16058 94
16079 126
16083 98
16084 103
16124 111
16124 102
16142 87
16160 113
16170 117
16170 127
16198 74
16201 29
16227 84
16242 49
16267 38
16268 126
16311 125
16344 57
16375 53
16401 112
16412 72
16441 44
16457 112
16502 123
16516 11
16539 73
16539 77
16576 80
16595 8
16640 83
16673 94
16673 1
16693 126
16696 41
16716 89
16745 18
16765 47
16778 10
16805 48
16807 3
16843 55
16854 106
16883 113
16883 103
16892 28
16937 113
16951 50
16973 49
17017 54
17034 30
17063 85
17063 32
17107 122
17150 121
17191 78
17198 89
17214 4
17253 84
17271 116
17283 124
17315 39
17341 18
17377 112
17409 34
17443 110
17476 82
17514 81
17519 33
17537 7
17548 89
17574 86
17583 52
17596 29
17602 112
17644 112
17671 58
17686 125
17721 94
17754 34
17791 71
17804 101
17839 46
17873 7
17883 92
17926 78
17955 54
17990 63
18017 98
18018 18
18045 24
18064 90
18078 81
18078 121
18082 95
18112 16
18146 94
18158 44
18189 16
18228 90
18263 82
18285 78
18325 41
18329 28
18342 63
18350 107
18383 41
18419 92
18461 53
18497 34
18540 99
18563 56
18565 123
18585 81
18598 65
18622 119
18655 57
18664 123
18708 74
18710 63
18740 43
18741 57
18773 52
18786 49
18787 115
18790 51
18824 30
18863 2
18871 82
18915 100
18930 65
18964 47
19004 71
19020 83
19061 58
19066 101
19067 44
19099 2
19118 63
19124 41
19166 91
19182 60
19224 35
19264 125
19267 54
19267 14
19294 3
19319 110
19350 96
19358 10
19388 67
19403 50
19419 125
19460 71
19484 16
19511 34
19554 15
19584 44
19629 34
19647 93
19691 20
19720 74
19735 79
19772 44
19805 104
19823 115
19833 7
19875 26
19882 64
19927 127
19962 5
20005 21
20013 80
20047 40
20090 115
20135 78
20146 80
20183 5
20213 28
20235 54
20235 60
20254 106
20271 62
20281 123
20290 86
20331 86
20334 53
20334 5
20367 72
20386 10
20404 37
20448 73
20478 24
20493 51
20503 84
20546 117
20571 22
20574 58
20599 47
20613 120
20618 89
20640 4
20656 88
20691 89
20721 16
20727 67
20753 41
20762 64
20776 31
20801 102
20820 2
20827 54
20827 26
20856 122
20897 95
20939 59
20966 75
20997 34
21030 122
21060 57
21079 105
21087 42
21116 114
21127 116
21172 26
21180 73
21188 111
21204 87
21215 10
21226 110
21240 82
21267 118
21300 94
21325 104
21335 42
21362 104
21387 2
21395 68
21425 106
21425 110
21453 110
21461 21
21505 12
21549 101
21557 4
21587 30
21599 124
21628 99
21628 113
21631 55
21638 89
21649 99
21684 102
21685 108
21686 16
21718 102
21730 10
21752 99
21773 126
21807 94
21818 35
21834 42
21861 108
21865 66
21882 75
21913 96
21948 11
21982 62
22016 110
22040 37
22066 46
22090 120
22135 61
22137 41
22152 95
22157 119
22179 126
22191 100
22211 30
22228 88
22265 78
22302 41
22303 127
22310 46
22310 72
22336 24
