3 5
19 4
25 90
30 104
70 4
88 20
96 108
141 97
156 61
156 44
166 27
192 17
211 118
223 54
243 2
272 4
314 121
351 104
357 52
361 123
394 16
397 40
410 47
442 100
476 91
488 43
533 30
542 59
552 17
578 76
622 64
626 43
643 79
645 17
690 78
700 8
728 88
742 55
784 82
811 22
813 59
817 99
857 64
864 118
897 87
917 42
931 20
943 83
951 48
973 41
999 96
1031 86
1071 59
1084 49
1114 31
1148 49
1170 107
1210 73
1217 26
1252 42
1261 114
1281 22
1303 84
1347 124
1384 19
1413 115
1431 9
1438 29
1466 103
1500 104
1544 105
1550 15
1567 6
1577 19
1595 74
1598 15
1612 112
1635 108
1648 44
1649 31
1670 1
1671 66
1713 9
1719 51
1723 30
1740 60
1751 94
1766 90
1767 35
1769 114
1796 10
1832 67
1856 15
1882 106
1916 97
1928 20
1960 42
1967 66
2007 1
2041 125
2064 104
2101 64
2138 58
2174 62
2178 77
2200 45
2228 19
2244 67
2274 105
2317 113
2356 49
2394 25
2413 50
2445 26
2467 113
2485 105
2492 23
2529 93
2543 115
2544 16
2577 19
2617 57
2653 27
2657 99
2673 9
2704 23
2723 59
2743 29
2763 58
2799 58
2811 11
2827 104
2869 30
2914 104
2945 17
2954 99
2968 65
2991 71
3021 25
3064 64
3079 71
3104 29
3148 22
3150 40
3183 2
3228 122
3240 79
3258 60
3269 32
3283 15
3312 63
3331 46
3370 124
3391 93
3405 77
3415 12
3428 115
3471 68
3480 80
3513 4
3520 72
3551 85
3557 29
3560 116
3594 11
3596 103
3613 35
3621 65
3653 82
3694 34
3736 32
3780 99
3818 102
3828 16
3841 42
3886 48
3890 18
3933 50
3940 100
3959 16
3999 88
4044 83
4047 21
4062 51
4085 60
4094 120
4111 6
4151 14
4154 63
4154 59
4194 70
4219 101
4220 35
4256 54
4258 4
4299 85
4336 28
4348 4
4357 31
4360 102
4362 113
4387 53
4409 61
4442 93
4458 66
4467 54
4510 16
4537 81
4550 2
4584 12
4587 114
4624 127
4649 42
4680 127
4711 117
4754 70
4797 61
4827 4
4857 27
4869 11
4877 33
4884 17
4920 41
4928 39
4958 127
4976 93
4984 100
4996 79
5027 46
5056 70
5086 18
5126 75
5159 66
5189 49
5190 71
5216 53
5226 119
5246 97
5253 47
5297 34
5317 96
5351 57
5395 4
5429 78
5465 104
5497 77
5517 55
5556 9
5565 127
5609 66
5616 86
5634 37
5634 97
5666 34
5669 32
5710 47
5727 65
5755 99
5769 90
5813 72
5829 49
5835 73
5848 89
5887 33
5931 86
5966 108
5999 8
6020 14
6060 117
6061 127
6072 35
6076 57
6114 45
6136 20
6173 33
6204 59
6247 123
6256 91
6259 56
6302 59
6327 39
6362 98
6392 18
6411 103
6451 47
6458 121
6492 23
6499 38
6501 42
6511 75
6524 81
6528 116
6564 71
6575 27
6576 112
6617 96
6648 124
6672 31
6716 41
6731 111
6760 120
6762 59
6802 15
6834 38
6859 51
6865 100
6895 57
6899 84
6910 86
6930 37
6943 96
6983 115
6997 78
7023 98
7050 65
7055 22
7081 28
7117 40
7118 108
7138 33
7177 67
7203 83
7236 109
7258 89
7281 121
7304 37
7326 33
7358 52
7396 98
7397 47
7419 100
7457 54
7500 73
7529 30
7535 53
7547 100
7591 76
7623 29
7664 84
7671 61
7677 51
7701 73
7703 50
7717 95
7729 50
7772 57
7776 121
7814 9
7830 102
7859 55
7881 44
7921 83
7930 72
7936 11
7966 38
7998 106
8042 32
8044 42
8068 39
8084 121
8125 110
8157 87
8189 101
8219 70
8238 79
8278 50
8318 64
8340 56
8363 30
8395 24
8413 1
8439 29
8449 44
8480 16
8495 118
8522 98
8553 13
8583 76
8619 115
8652 123
8665 79
8692 15
8732 8
8761 74
8801 71
8813 91
8823 58
8855 38
8890 58
8929 116
8936 68
8976 17
9006 112
9017 37
9043 6
9069 126
9080 34
9122 55
9164 62
9179 83
9185 36
9199 125
9206 2
9243 97
9276 88
9301 33
9340 93
9350 113
9371 45
9395 98
9434 48
9463 84
9488 12
9490 54
9531 80
9563 35
9571 6
9585 24
9592 116
9635 12
9651 76
9656 3
9675 54
9711 15
9729 81
9737 104
9781 44
9783 2
9822 60
9834 50
9844 11
9845 39
9848 79
9870 115
9905 54
9924 23
9959 86
9975 36
10000 94
10037 14
10054 71
10061 86
10072 122
10084 39
10116 4
10136 6
10163 95
10191 67
10208 10
10227 86
10235 106
10258 81
10272 65
10273 29
10313 111
10347 117
10366 94
10390 98
10402 10
10414 122
10435 17
10480 32
10512 76
10524 85
10540 78
10543 69
10571 81
10599 60
10611 1
10629 112
10638 14
10646 45
10649 60
10654 92
10665 120
10685 69
10687 81
10703 37
10713 1
10748 120
10764 4
10783 44
10792 95
10834 126
10861 88
10870 20
10891 86
10923 88
10954 12
10963 44
10967 114
11007 25
11042 124
11045 27
11073 46
11075 76
11105 67
11124 105
11156 40
11186 51
11205 14
11217 6
11227 42
11232 106
11237 60
11243 63
11286 35
11287 83
11330 4
11368 101
11408 93
11451 87
11464 107
11490 4
11532 117
11549 78
11572 71
11612 72
11654 92
11670 37
11712 48
11751 45
11790 22
11808 70
11834 72
11851 117
11882 40
11927 13
11936 15
11942 12
11969 9
11971 86
12004 2
12026 14
12043 125
12050 12
12074 38
12092 87
12113 114
12117 121
12125 23
12145 49
12157 102
12160 46
12170 84
12183 75
12201 44
12239 3
12263 110
12284 88
12323 47
12336 73
12353 34
12360 94
12385 116
12430 114
12472 78
12499 110
12504 2
12542 54
12583 111
12588 122
12618 25
12632 27
12651 14
12675 13
12715 61
12719 119
12749 15
12769 110
12812 95
12856 65
12870 56
12900 73
12934 82
12957 18
12962 23
12986 87
12987 94
13022 80
13023 83
13058 94
13083 120
13084 125
13120 43
13133 127
13170 127
13201 21
13204 114
13215 56
13233 27
13264 3
13290 92
13314 82
13333 101
13337 26
13352 108
13388 97
13420 2
13434 63
13477 70
13477 110
13510 93
13539 99
13539 23
13557 123
13563 110
13580 50
13608 46
13629 10
13654 96
13672 4
13692 109
13707 96
13725 92
13729 83
13754 10
13789 88
13804 3
13820 86
13859 9
13893 73
13901 1
13919 32
13954 51
13961 84
13977 3
13997 55
14041 58
14086 57
14118 65
14129 77
14134 79
14154 92
14188 18
14227 63
14251 114
14256 38
14301 43
14332 113
14352 54
14378 26
14412 35
14447 5
14478 11
14522 61
14522 117
14543 36
14551 113
14586 29
14609 88
14624 120
14669 40
14705 93
14747 70
14785 75
14815 9
14828 4
14838 21
14844 28
14845 89
14872 96
14873 41
14896 81
14898 82
14920 80
14960 45
15001 113
15008 77
15045 111
15070 112
15088 55
15105 126
15136 127
15173 118
15197 15
15209 21
15231 1
15260 27
15270 123
15313 3
15317 18
15326 104
15358 54
15399 118
15404 50
15420 7
15431 44
15456 47
15456 61
15473 52
15490 110
15532 62
15552 33
15592 12
15607 50
15616 59
15641 122
15652 29
15681 100
15708 89
15722 99
15726 20
15728 124
15733 113
15744 112
15756 123
15784 36
15823 43
15866 95
15896 119
15901 19
15930 54
15968 97
16013 42
16020 111
16021 36
16055 28
16077 19
16120 73
16139 77
16146 25
16175 83
16205 54
16219 98
16254 59
16273 92
16278 110
16278 111
16305 60
16325 15
16326 17
16334 89
16341 46
16369 78
16408 57
16447 31
16451 122
16476 84
16476 58
16513 24
16545 123
16582 104
16606 93
16622 7
16663 83
16673 57
16679 47
16719 53
16730 42
16743 75
16759 5
16761 62
16788 122
16788 100
16828 36
16850 14
16870 69
16887 6
16901 70
16938 54
16976 25
16997 118
17026 62
17069 98
17087 24
17096 26
17140 100
17163 53
17183 5
17183 121
17206 51
17250 61
17281 109
17293 69
17304 77
17313 71
17354 48
17396 114
17401 102
17418 99
17438 92
17481 32
17507 27
17547 19
17582 54
17614 52
17645 8
17647 87
17662 125
17692 110
17724 94
17729 65
17736 64
17752 46
17796 109
17820 101
17849 84
17877 27
17913 77
17920 108
17954 53
17985 19
18022 18
18056 73
18066 5
18093 16
18117 118
18125 34
18143 77
18172 99
18177 59
18177 126
18182 52
18186 58
18188 117
18203 33
18218 78
18256 72
18294 110
18324 69
18358 87
18371 90
18373 25
18379 19
18421 26
18422 105
18444 54
18483 111
18509 9
18539 46
18558 34
18574 31
18612 44
18619 43
18656 116
18658 57
18661 85
18679 55
18715 102
18739 46
18756 47
18769 100
18789 7
18814 59
18822 110
18838 97
18860 81
18891 107
18932 87
18964 24
18981 63
19014 96
19027 48
19057 87
19064 45
19104 30
19123 70
19161 80
19180 124
19180 127
19203 9
19205 42
19220 127
19239 74
19259 79
19303 23
19348 59
19390 46
19422 122
19446 126
19478 52
19502 95
19534 73
19537 56
19537 98
19569 38
19574 30
19619 90
19627 5
19657 33
19686 19
19714 86
19740 59
19751 117
19796 86
19809 39
19827 95
19844 19
19876 24
19898 15
19919 112
19956 116
19983 106
19989 114
19997 40
20015 89
20053 9
20085 39
20091 34
20105 41
20123 9
20124 122
20155 71
20188 108
20202 93
20239 125
20255 61
20259 116
20284 62
20293 91
20320 30
20321 54
20322 97
20348 92
20390 36
20406 10
20428 109
20466 49
20489 69
20502 22
20547 57
20592 91
20604 45
20633 122
20647 40
20660 71
20691 50
20691 112
20699 12
20703 20
20747 66
20782 34
20795 113
20827 21
20842 12
20857 1
20872 45
20907 65
20915 28
20939 97
20975 117
20986 6
21017 44
21026 60
21056 97
21064 76
21079 84
21096 13
21102 52
21103 2
21111 122
21126 17
21167 15
21188 9
21201 70
21207 54
21225 89
21256 62
21295 92
21303 18
21314 25
21324 51
21345 29
21359 43
21404 122
21419 60
21456 41
21474 113
21488 64
21525 24
21557 104
21587 6
21605 56
21633 51
21655 93
21684 104
21692 81
21737 123
21754 60
21788 126
21826 5
21833 4
21866 53
21897 73
21933 67
21950 13
21966 120
22006 78
22034 74
22050 53
22088 19
22120 111
22143 84
22167 81
22184 104
22225 126
22266 126
22304 11
22344 38
22364 23
22372 52
22373 33
22403 64
22443 70
22451 87
22486 16
22521 90
22562 32
22593 55
22619 66
22649 16
22690 94
22703 81
22725 49
22725 34
22754 60
22766 86
22775 27
22779 125
22801 45
22835 37
22870 61
22870 97
22875 38
22887 110
22912 111
22920 104
22962 49
22971 100
22996 32
23006 59
23045 92
23085 111
23115 36
23149 95
23186 26
23198 48
23200 82
23237 69
23241 102
23264 69
23297 51
23309 91
23339 13
23340 64
23364 70
23371 10
23395 68
23435 38
23462 16
23503 6
23519 119
23523 9
23567 108
23569 83
23595 90
23636 127
23642 54
23675 35
23706 69
23741 18
23759 124
23803 111
23812 50
23840 126
23870 113
23890 101
23895 123
23909 99
23937 94
23957 37
23980 116
24018 18
24051 112
24051 10
24072 43
24076 80
24076 67
24081 9
24103 123
24109 101
24152 57
24176 85
24182 90
24202 73
24205 13
24219 23
24231 51
24253 64
24298 123
24308 106
24339 38
24348 51
24388 13
24433 91
24466 16
24500 52
24532 39
24539 48
24569 65
24569 84
24580 125
24595 114
24623 119
24632 72
24645 11
24659 112
24674 95
24702 53
24706 113
24748 58
24789 74
24797 43
24834 41
24854 79
24862 82
24868 3
24882 52
24906 62
24933 90
24948 78
24985 104
25016 108
25059 13
25087 80
25122 115
25145 79
25157 110
25185 51
25227 36
25263 36
25299 94
25318 111
25360 5
25377 104
25381 88
25401 6
25426 59
25456 2
25476 93
25496 23
25510 45
25536 117
25545 65
25585 108
25625 79
25643 41
25675 75
25698 54
25719 1
25751 91
25764 103
25804 126
25805 4
25805 108
25814 100
25828 108
25845 38
25867 31
25888 77
25894 83
25898 14
25908 38
25948 124
25965 71
25984 123
26028 24
26064 22
26088 43
26119 37
26142 95
26178 19
26193 53
26233 86
26277 8
26289 98
26291 19
26329 55
26361 67
26382 32
26395 122
26428 55
26453 86
26497 106
26538 32
26543 6
26585 20
26608 111
26629 32
26649 33
26668 61
26696 28
26736 57
26758 95
26761 56
26785 20
26811 50
26833 96
26864 82
26868 44
26881 122
26897 66
26934 83
26951 42
26996 122
27034 89
27044 103
27073 44
27076 111
27111 64
27143 17
27144 71
27150 56
27184 6
27223 125
27255 105
27282 35
27317 88
27358 85
27376 121
27377 124
27399 4
27437 123
27439 88
27440 105
27476 14
27478 1
27500 113
27527 110
27550 60
27581 39
27601 72
27634 115
27650 29
27674 114
27718 79
27746 57
27761 127
27765 96
27807 7
27826 61
27846 126
27862 96
27862 13
27903 20
27935 37
27973 117
28010 81
28014 1
28055 34
28074 66
28096 93
28126 80
28150 108
28175 79
28194 95
28217 51
28228 112
28256 4
28283 29
28291 75
28293 93
28312 50
28337 1
28345 33
28384 30
28419 63
28430 32
28433 70
28438 112
28478 57
28493 120
28503 82
28544 14
28558 31
28595 110
28595 84
28627 4
28650 23
28688 13
28730 4
28741 54
28782 74
28825 64
28844 43
28869 82
28876 105
28915 34
28921 68
28924 112
28953 122
28994 6
29029 92
29067 111
29081 82
29116 30
29116 78
29146 102
29169 52
29199 108
29237 27
29277 4
29284 39
29305 61
29314 89
29318 48
29356 78
29392 127
29429 79
29433 104
29459 122
29460 89
29460 109
29504 107
29529 49
29556 127
29582 42
29626 28
29652 124
29671 87
29674 52
29716 1
29750 72
29788 33
29788 4
29817 85
29851 98
29881 78
29907 63
29928 123
29964 76
29972 72
29997 14
30030 79
30047 54
30055 73
30068 38
30071 107
30102 73
30137 78
30141 65
30161 64
30164 110
30186 120
30200 71
30214 68
30215 56
30253 123
30280 111
30319 105
30337 122
30382 75
30422 110
30440 49
30480 15
30494 126
30505 36
30544 37
30574 79
30594 104
30600 33
30642 61
30661 47
30702 29
30719 59
30721 122
30725 53
30729 55
30745 116
30771 7
30789 27
30791 36
30818 81
30856 39
30856 88
30888 121
30910 54
30919 96
30930 52
30961 20
30994 16
31033 9
31060 38
31083 29
31106 85
31112 53
31146 67
31185 101
31191 65
31201 119
31224 3
31254 41
31262 39
31263 33
31292 65
31297 83
31305 9
31347 70
31377 66
31392 63
31420 29
31462 9
31464 59
31467 12
31512 38
31554 45
31563 63
31578 78
31618 62
31629 60
31634 13
31643 107
31659 73
31663 107
31666 121
31684 105
31702 62
31708 7
31723 99
31768 11
31782 62
31787 118
31796 91
31818 75
31848 92
31870 107
31906 34
31924 120
31932 118
31962 71
31995 36
32026 101
32029 23
32050 111
32053 33
32078 13
32118 70
32137 119
32159 60
32168 87
32169 103
32197 105
32234 106
32275 88
32275 43
32285 20
32316 56
32318 20
32330 100
32344 78
32367 74
32376 126
32419 84
32431 41
32466 32
32476 39
32511 114
32519 45
32528 84
32534 64
32579 124
32600 24
32644 111
32677 35
32699 84
32724 10
32736 87
32766 16
32770 12
32771 111
32789 89
32795 62
32802 45
32817 9
32831 56
32874 22
32878 70
32914 108
32933 32
32946 17
32971 17
33013 15
33014 24
33019 17
33044 103
33055 14
33055 115
33100 112
33109 115
33116 82
33119 90
33121 49
33148 124
33175 18
33206 54
33243 52
33273 120
33282 45
33299 112
33327 63
33365 80
33366 114
33393 44
33403 2
33443 39
33463 106
33472 81
33516 99
33545 25
33571 94
33580 73
33619 119
33644 124
33658 55
33694 109
33703 1
33748 125
33755 78
33792 69
33833 87
33855 34
33886 36
33915 73
33937 85
33954 41
33980 77
34014 53
34043 92
34069 59
34090 42
34100 93
34138 121
34145 41
34164 7
34197 48
34235 6
34251 98
34274 116
34315 117
34331 46
34362 20
34370 18
34391 29
34411 111
34431 105
34452 127
34458 84
34502 29
34503 13
34514 112
34519 81
34525 1
34540 21
34558 1
34591 58
34619 44
34622 80
34666 6
34692 56
34692 22
34737 16
34750 107
34764 56
34782 2
34784 108
34812 112
34857 54
34901 124
34902 13
34927 113
34933 112
34972 124
34983 94
34990 117
35002 72
35002 98
35044 26
35069 60
35113 17
35127 111
35164 4
35181 102
35187 18
35209 125
35221 49
35250 29
35290 12
35305 104
35336 108
35339 26
35346 125
35390 69
35411 115
35432 110
35475 25
35517 122
35521 114
35564 110
35575 116
35603 102
35613 84
35631 62
35636 61
35676 82
35680 70
35714 33
35736 60
35736 18
35776 109
35803 46
35808 107
35849 47
35866 8
35877 109
35886 54
35923 100
35952 54
35996 110
36013 113
36052 15
36055 99
36067 92
36096 74
36109 28
36150 53
36153 102
36182 117
36220 73
36224 40
36243 114
36284 110
36289 124
36332 22
36358 63
36366 122
36397 28
36409 50
36418 80
36453 18
36495 7
36513 74
36532 43
36538 21
36571 16
36581 124
36622 12
36655 127
36699 22
36703 48
36714 97
36731 101
36773 123
36807 3
36816 26
36837 70
36848 36
36881 71
36889 62
36912 110
36934 81
36958 59
36967 57
36994 97
37009 98
37035 62
37068 36
37074 21
37110 67
37148 96
37190 63
37216 12
37248 68
37251 50
37262 40
37290 106
37329 49
37355 56
37381 104
37421 104
37454 104
37457 50
37490 23
37507 108
37529 10
37571 80
37613 7
37643 121
37677 55
37689 81
37693 21
37712 32
37729 120
37756 61
37775 5
37807 62
37807 105
37837 96
37861 26
37894 89
37918 6
37935 3
37958 23
38003 11
38034 94
38049 69
38072 89
38103 112
38136 112
38153 65
38196 70
38231 99
38261 23
38305 4
38309 107
38321 125
38356 60
38365 9
38391 10
38421 68
38430 111
38468 76
38485 120
38528 127
38573 100
38589 76
38623 66
38659 27
38689 44
38724 58
38745 50
38746 2
38782 77
38806 116
38849 113
38877 124
38916 111
38955 65
38986 7
38986 94
39011 60
39031 51
39061 88
39088 115
39090 63
39126 5
39160 8
39198 62
39222 75
39260 104
39285 80
39324 73
39326 47
39333 99
39373 53
39406 48
39439 113
39468 49
39501 48
39534 73
39562 10
39603 57
39643 43
39661 97
39671 7
39700 49
39739 41
39750 73
39778 32
39800 21
39824 92
39843 82
39873 7
39875 38
39896 117
39911 14
39933 86
39966 91
39969 65
39986 3
40007 68
40040 43
40045 36
40080 124
40093 58
40138 18
40165 30
40166 86
40195 7
40196 18
40214 36
40234 17
40278 23
40294 116
40329 54
40373 81
40403 29
40443 58
40478 87
40496 115
40532 20
40549 71
40561 73
40564 79
40574 23
40595 52
40614 15
40634 28
40642 57
40647 84
40678 2
40720 99
40756 59
40790 78
40808 116
40831 115
40876 110
40908 42
40938 115
40957 106
40983 84
41016 2
41016 35
41041 78
41051 38
41057 80
41087 82
41121 103
41145 15
41154 4
41199 65
41199 63
41209 125
41221 33
41246 32
41288 65
41309 96
41324 26
41334 26
41378 107
41400 20
41433 126
41446 109
41467 98
41485 50
41520 42
41536 14
41540 121
41572 12
41595 73
41626 125
41644 10
41653 97
41695 51
41727 11
41767 87
41803 63
41807 77
41835 123
41843 19
41868 49
41902 75
41904 60
41929 122
41941 123
41944 32
41959 34
41971 93
41980 107
42024 113
42056 31
42096 42
42098 101
42109 25
42132 63
42138 92
42180 6
42192 40
42214 74
42238 115
42264 118
42288 94
42290 26
42298 80
42301 92
42340 38
42363 88
42390 12
42392 36
42424 71
42439 46
42457 119
42465 52
42498 5
42500 30
42513 46
42515 55
42515 112
42536 14
42557 78
42569 40
42578 59
42612 106
42655 76
42700 12
42717 58
42732 20
42745 72
42775 69
42778 48
42818 67
42819 93
42862 98
42899 61
42921 55
42950 49
42993 96
42997 58
43042 54
43056 17
43093 63
43123 77
43150 106
43154 88
43157 47
43160 50
43199 57
43212 90
43247 71
43288 12
43323 26
43364 25
43370 93
43375 34
43419 61
43452 123
43466 35
43498 53
43499 83
43533 46
43545 103
43552 41
43558 91
43596 38
43609 35
43628 38
43649 13
43687 72
43732 88
43748 94
43754 55
43755 16
43784 42
43785 93
43824 66
43849 82
43889 103
43919 101
43926 29
43948 12
43982 80
44006 41
44039 37
44040 6
44070 111
44082 5
44093 102
44112 56
44127 36
44145 53
44182 61
44220 75
44264 117
44293 62
44294 61
44301 103
44344 82
44364 43
44379 116
44406 56
44418 109
44436 53
44446 28
44467 94
44487 46
44490 5
44499 6
44538 64
44582 68
44594 6
44609 71
44615 58
44628 56
44656 77
44685 18
44730 94
44767 64
44785 41
44809 37
44809 30
44833 72
44863 26
44907 3
44924 47
44951 16
44987 72
45000 21
45016 122
45061 41
45061 80
45088 16
45104 111
45131 115
45167 43
45200 65
45215 54
45220 66
45236 117
45259 25
45287 24
45332 20
45374 72
45399 80
45428 101
45434 7
45463 63
45498 25
45529 72
45541 20
45579 91
45613 8
45644 96
45668 19
45677 87
45682 75
45719 38
45735 29
45757 89
45773 41
45816 68
45817 39
45830 31
45853 112
45856 123
45862 127
45903 49
45936 14
45954 3
45974 113
46010 120
46050 59
46075 30
46098 6
46108 16
46147 2
46168 70
46175 12
46176 46
46198 125
46232 27
46243 1
46249 29
46250 100
46269 98
46284 68
46290 119
46300 77
46329 12
46369 100
46407 101
46447 70
46451 117
46479 89
46524 124
46551 94
46594 111
46600 18
46640 104
46661 122
46677 86
46698 109
46713 106
46732 93
46758 117
46766 79
46768 71
46773 51
46780 28
46791 33
46802 19
46824 112
46826 52
46851 32
46867 68
46872 80
46900 120
46907 104
46936 34
46962 66
46987 44
46993 30
46998 72
46999 127
47035 26
47035 20
47058 97
47085 49
47103 52
47139 80
47153 36
47162 92
47166 14
47189 29
47217 92
47255 106
47264 44
47274 93
47282 97
47313 46
47325 62
47352 103
47383 68
47401 105
47410 88
47410 13
47410 27
47446 109
47447 23
47476 63
47476 61
47498 9
47525 105
47557 37
47568 55
47568 85
47585 112
47620 39
47629 39
47658 47
47694 84
47737 97
47765 38
47780 97
47800 115
47811 95
47844 112
47847 10
47887 69
47889 90
47905 38
47925 53
47946 127
47987 111
47990 8
48020 70
48049 118
48082 56
48085 125
48115 6
48138 24
48167 70
48172 55
48180 59
48209 112
48244 2
48269 7
48294 5
48335 28
48336 52
48375 67
48401 40
48440 83
48440 89
48444 67
48460 104
48483 2
48490 62
48532 37
48534 124
48577 124
48597 73
48608 25
48610 83
48613 44
48636 51
48637 8
48663 61
48685 7
48709 71
48712 32
48718 49
48748 50
48784 51
48826 73
48866 9
48893 27
48934 6
48972 36
48994 115
49025 52
49043 91
49084 61
49094 121
49097 20
49130 114
49163 2
49169 52
49176 50
49186 104
49222 112
49226 97
49256 26
49286 68
49302 100
49312 112
49344 107
49372 124
49390 69
49420 38
49425 85
49468 93
49496 19
49540 33
49581 18
49604 106
49644 96
49685 35
49685 23
49712 126
49724 120
49760 38
49773 48
49810 93
49838 23
49857 50
49880 20
49913 35
49929 69
49932 102
49941 117
49950 125
49993 50
50017 19
50035 67
50040 101
50074 78
50096 121
50121 98
50145 108
50157 87
50195 61
50239 100
50277 19
50300 112
50318 61
50323 55
50352 20
50393 30
50434 78
50468 20
50511 59
50528 78
50573 33
50574 112
50594 26
50616 108
50616 7
50657 68
50668 84
50680 118
50699 89
50707 38
50731 82
50776 106
50798 74
50798 115
50841 38
50856 113
50861 46
50861 117
50886 25
50899 39
50940 109
50953 56
50964 96
50987 5
50989 54
51016 96
51036 108
51081 92
51105 89
51116 59
51151 58
51185 36
51202 90
51231 22
51258 11
51295 127
51316 94
51358 117
51383 50
51386 21
51412 59
51439 10
51461 47
51472 116
51514 45
51559 117
51577 48
51595 73
51607 49
51623 91
51662 67
51663 54
51674 54
51701 63
51712 63
51732 113
51770 92
51799 27
51837 104
51873 81
51874 110
51880 68
51897 61
51910 45
51942 61
51978 32
52011 28
52019 31
52025 117
52039 18
52049 52
52051 105
52096 79
52130 74
52154 98
52174 88
52181 75
52206 68
52212 46
52251 29
52265 41
52274 113
52289 27
52317 120
52319 83
52355 125
52371 68
52411 104
52454 67
52484 21
52493 55
52519 99
52519 71
52550 27
52593 103
52617 28
52619 113
52635 20
52674 8
52679 67
52700 101
52711 9
52736 92
52754 58
52772 111
52773 84
52812 96
52826 123
52831 46
52838 77
52848 107
52872 62
52911 41
52916 127
52955 3
52986 112
53010 42
53034 17
53038 87
53043 29
53065 85
53096 43
53097 4
53135 93
53170 11
53180 120
53222 82
53242 35
53287 91
53292 102
53308 79
53322 25
53340 25
53341 16
53386 32
53415 78
53424 106
53438 79
53441 125
53483 16
53509 13
53552 63
53570 75
53590 3
53605 5
53645 54
53646 81
53662 31
53668 117
53713 103
53736 30
53776 21
53807 24
53850 112
53879 68
53897 77
53927 10
53968 90
53982 61
54017 75
54041 19
54052 122
54081 52
54124 93
54128 121
54136 7
54179 44
54183 50
54220 10
54221 43
54235 39
54240 35
54268 32
54282 119
54294 3
54315 52
54315 103
54337 25
54356 126
54364 26
54396 75
54409 27
54435 99
54477 70
54518 89
54553 107
54560 115
54583 41
54604 23
54639 52
54640 27
54664 79
54664 63
54692 100
54699 84
54713 27
54750 98
54761 57
54796 113
54814 69
54832 101
54832 1
54840 67
54883 7
54888 76
54898 70
54923 49
54924 101
54936 25
54942 28
54957 94
54968 23
54998 26
55031 84
55034 93
55067 48
55086 69
55105 47
55110 56
55151 46
55162 107
55202 119
55224 68
55266 7
55290 124
55329 66
55359 125
55399 14
55424 65
55456 92
55485 74
55501 103
55509 96
55545 13
55588 42
55625 28
55625 50
55656 76
55686 122
55710 85
55719 120
55749 74
55763 118
55787 81
55805 78
55818 12
55850 32
55875 1
55888 59
55914 97
55920 84
55948 36
55958 73
55986 49
56021 108
56053 101
56071 111
56105 55
56140 83
56175 45
56218 25
56239 34
56244 9
56267 56
56274 127
56316 29
56317 48
56351 120
56384 49
56393 45
56436 31
56440 112
56450 109
56482 35
56500 34
56522 54
56550 60
56577 105
56618 102
56639 72
56678 89
56689 15
56712 5
56716 4
56722 80
56727 8
56733 105
56775 49
56796 4
56826 81
56871 25
56888 36
56905 1
56917 87
56919 59
56948 126
56975 8
56986 27
56989 39
56998 73
57024 104
57030 51
57071 34
57097 127
57102 85
57145 42
57145 92
57171 71
57182 83
57206 22
57248 121
57253 28
57287 43
57317 25
57348 67
57389 108
57400 113
57419 123
57426 61
57432 13
57432 119
57439 34
57474 98
57507 111
57546 99
57581 120
57617 3
57640 8
57667 45
57680 91
57685 74
57702 107
57726 127
57767 70
57808 105
57816 75
57838 104
57877 45
57919 112
57935 59
57958 38
57982 21
58000 17
58027 36
58051 100
58055 90
58072 117
58112 67
58144 2
58155 71
58187 29
58205 72
58226 74
58262 3
58269 120
58272 97
58287 68
58322 69
58358 1
58390 54
58399 53
58412 58
58445 73
58447 127
58486 82
58506 13
58539 62
58548 91
58590 44
58595 113
58635 90
58635 114
58638 73
58664 13
58675 49
58684 80
58723 27
58745 107
58745 33
58788 4
58827 72
58832 39
58844 70
58880 88
58913 6
58949 48
58955 100
58988 10
58995 15
59030 95
59061 39
59087 33
59122 45
59157 3
59161 44
59168 93
59201 82
59240 11
59253 26
59292 82
59295 113
59339 126
59347 65
59361 124
59372 38
59417 57
59425 1
59455 25
59466 60
59497 50
59501 94
59511 6
59521 19
59564 59
59607 94
59646 35
59691 95
59729 56
59746 56
59791 84
59807 113
59833 49
59848 30
59862 62
59864 16
59884 76
59918 11
59947 13
59949 109
59957 28
59998 11
60031 123
60054 11
60087 36
60087 127
60131 30
60158 70
60168 33
60169 23
60201 97
60234 12
60248 86
60252 49
60291 70
60321 22
60339 92
60370 72
60371 119
60397 107
60407 93
60449 100
60474 15
60494 19
60518 69
60518 47
60545 18
60555 18
60589 24
60616 62
60630 104
60669 40
60713 47
60734 18
60738 15
60772 15
60788 105
60807 44
60831 97
60836 23
60865 106
60891 9
60914 100
60927 123
60938 29
60966 65
60999 30
61002 73
61008 98
61048 6
61064 117
61101 69
61111 24
61123 98
61125 90
61132 114
61132 53
61146 114
61166 66
61167 21
61178 33
61195 12
61210 4
61224 12
61251 62
61259 4
61304 23
61333 97
61354 20
61375 107
61406 13
61409 90
61417 84
61450 11
61486 40
61521 42
61542 4
61556 31
61596 36
61603 34
61636 1
61675 14
61700 93
61714 89
61758 24
61800 113
61842 67
61876 50
61880 71
61895 87
61913 79
61948 24
61977 124
62013 48
62026 93
62029 116
62058 102
62064 63
62090 111
62134 2
62166 112
62194 44
62213 41
62229 31
62266 96
62280 125
62322 60
62352 59
62385 26
62406 99
62426 69
62436 104
62439 63
62447 59
62484 8
62486 69
62504 28
62507 91
62512 67
62515 85
62515 116
62560 125
62563 20
62582 20
62608 88
62631 32
62644 20
62650 64
62675 6
62716 80
62718 13
62763 51
62774 19
62776 80
62804 33
62846 10
62888 67
62910 53
62931 85
62953 81
62972 124
63001 45
63025 65
63025 3
63035 110
63056 15
63059 73
63101 99
63135 9
63169 27
63169 42
63197 24
63210 34
63221 7
63241 26
63270 14
63307 22
63309 64
63350 85
63369 84
63410 72
63455 7
63461 117
63472 114
63507 116
63513 30
63522 19
63567 39
63575 47
63596 65
63620 107
63629 16
63668 73
63676 124
63690 49
63704 63
63715 118
63716 39
63742 73
63766 68
63785 55
63814 73
63817 98
63836 83
63857 125
63868 97
63880 44
63887 90
63903 55
63908 85
63909 10
63934 31
63957 82
63959 23
64002 12
64043 32
64067 40
64091 47
64119 8
64128 30
64143 45
64172 6
64196 109
64219 83
64262 35
64303 87
64311 10
64315 36
64319 87
64347 20
64384 122
64409 85
64440 14
64457 39
64497 42
64533 28
64569 97
64600 91
64627 99
64668 23
64675 74
64718 86
64719 6
64733 49
64746 39
64747 40
64749 41
64774 10
64810 39
64836 125
64867 79
64886 34
64913 104
64937 93
64948 105
64964 94
64985 21
65027 52
65055 56
65061 59
65089 31
65117 39
65137 111
65179 41
65203 104
65220 112
65259 92
65291 41
65310 15
65334 70
65356 114
65395 61
65419 3
65431 54
65472 122
65506 76
65527 122
65565 127
65579 62
65607 40
65637 125
65651 99
65657 47
65696 17
65727 29
65768 10
65811 26
65815 126
65842 7
65867 118
65879 114
65902 102
65933 37
65960 97
65980 74
66003 27
66024 3
66059 21
66081 51
66092 35
66116 16
66124 114
66126 52
66166 77
66202 97
66202 15
66227 26
66265 93
66280 22
66317 41
66326 101
66371 114
66393 102
66401 125
66419 67
66456 4
66467 54
66509 32
66523 15
66535 69
66539 62
66545 117
66551 119
66595 38
66639 10
66656 77
66662 27
66696 99
66718 120
66758 15
66783 19
66810 116
66835 22
66848 126
66878 79
66880 107
66921 5
66924 87
66964 109
67004 28
67042 117
67055 103
67080 71
67090 67
67096 42
67141 82
67154 18
67179 82
67188 118
67221 82
67239 124
67252 53
67254 85
67259 90
67276 96
67285 95
67289 106
67314 67
67357 72
67399 123
67438 50
67443 99
67488 84
67513 122
67525 67
67534 74
67545 111
67558 58
67561 97
67595 85
67611 6
67655 21
67680 4
67722 5
67727 107
67754 58
67796 43
67799 24
67844 25
67855 25
67878 121
67887 77
67929 38
67943 93
67962 37
67995 84
68038 88
68044 42
68068 66
68085 2
68122 115
68167 3
68207 113
68246 38
68269 97
68276 7
68287 117
68299 62
68344 69
68360 84
68366 63
68373 7
68416 97
68421 56
68432 107
68474 94
68477 33
68505 88
68523 64
68546 119
68571 74
68595 83
68598 66
68627 54
68633 39
68666 40
68666 39
68700 96
68716 113
68751 64
68786 39
68797 55
68832 105
68837 56
68867 31
68906 6
68910 85
68947 95
68959 61
68982 37
69027 82
69058 29
69062 70
69076 49
69100 10
69110 83
69118 104
69119 105
69160 111
69203 54
69203 72
69234 69
69276 127
69296 101
69330 102
69339 68
69349 12
69350 93
69395 39
69427 102
69464 92
69493 15
69500 92
69538 57
69579 95
69624 81
69643 96
69668 40
69702 71
69723 100
69755 8
69777 39
69795 4
69839 97
69841 104
69842 89
69875 3
69902 73
69903 71
69929 117
69938 120
69967 29
69976 113
70004 51
70020 28
70064 47
70080 25
70111 104
70153 116
70155 116
70193 113
70218 42
70234 41
70265 49
70299 89
70335 17
70351 6
70376 21
70393 6
70417 54
70429 121
70472 12
70503 17
70524 4
70564 63
70607 11
70625 72
70641 62
70653 104
70683 85
70713 108
70732 38
70759 91
70781 67
70797 118
70840 11
70872 13
70892 5
70897 59
70942 1
70957 78
70958 35
70979 2
70989 64
71002 20
71033 53
71077 87
71082 27
71110 101
71153 18
71155 109
71178 97
71195 93
71235 121
71270 54
71275 126
71297 46
71331 49
71358 54
71394 85
71411 81
71446 115
71486 119
71526 54
71558 5
71598 123
71624 55
71669 27
71682 64
71698 78
71722 108
71752 38
71773 94
71809 33
71831 70
71846 35
71855 88
71874 75
71874 5
71917 29
71942 49
71979 43
71985 22
72021 98
72058 121
72098 126
72127 73
72147 61
72188 60
72210 117
72231 50
72274 78
72286 123
72299 35
72326 101
72363 103
72375 58
72384 88
72397 6
72409 41
72416 39
72460 16
72479 58
72502 62
72528 101
72561 91
72591 67
72591 31
72593 82
72627 76
72652 5
72668 111
72711 33
72742 5
72764 113
72768 84
72781 25
72792 58
72821 77
72857 41
72883 92
72884 1
72926 85
72941 9
72979 42
73004 44
73027 9
73059 83
73064 113
73101 92
73141 81
73173 103
73193 83
73211 116
73213 5
73219 55
73255 100
73291 112
73326 96
73370 60
73413 114
73421 65
73442 12
73470 28
73492 15
73522 87
73566 123
73604 107
73636 49
73666 8
73677 121
73688 67
73716 32
73727 91
73729 64
73742 25
73771 81
73808 109
73844 50
73870 96
73910 30
73945 48
73959 105
73992 29
73996 95
74009 100
74026 99
74053 80
74068 43
74077 35
74118 4
74151 116
74170 84
74203 117
74235 95
74267 106
74296 35
74324 8
74324 17
74345 47
74389 110
74390 36
74431 97
74460 116
74495 79
74534 122
74563 37
74568 62
74587 105
74608 52
74622 45
74667 94
74698 56
74740 51
74781 30
74818 110
74829 26
74838 4
74876 82
74921 29
74925 113
74938 88
74957 99
74992 118
75017 31
75025 14
75032 13
75039 30
75073 67
75076 114
75121 13
75147 62
75156 68
75184 75
75220 102
75225 26
75231 39
75272 109
75286 47
75329 93
75372 73
75384 114
75404 7
75420 68
75430 4
75469 91
75497 121
75533 127
75537 81
75557 57
75561 30
75585 98
75604 17
75626 69
75661 6
75687 52
75692 69
75701 101
75729 105
75761 89
75770 31
75806 85
75833 1
75874 2
75902 96
75941 18
75953 14
75970 33
75978 112
75999 41
76014 102
76041 8
76064 46
76100 47
76128 110
76159 48
76190 22
76220 32
76264 3
76273 70
76274 14
76278 108
76281 68
76321 88
76340 53
76376 45
76381 76
76409 125
76422 75
76438 116
76441 54
76476 117
76500 82
76535 92
76555 108
76586 114
76593 61
76635 24
76652 55
76689 25
76712 33
76734 24
76736 65
76779 110
76796 66
76839 52
76847 101
76856 27
76889 21
76913 104
76950 102
76961 75
76999 3
77037 65
77042 56
77057 3
77059 78
77082 24
77105 76
77150 80
77195 127
77222 118
77236 28
77265 9
77295 24
77335 123
77372 118
77412 85
77426 26
77468 35
77490 18
77524 116
77568 19
77577 87
77618 23
77662 107
77679 61
77680 102
77702 80
77745 81
77749 61
77788 10
77799 43
77820 104
77855 20
77879 114
77908 64
77928 59
77960 117
77966 82
77983 59
78009 110
78052 86
78088 76
78089 80
78116 115
78139 105
78144 73
78165 30
78192 112
78194 25
78201 114
78237 94
78269 115
78287 14
78327 72
78342 7
78372 101
78373 54
78401 32
78414 3
78414 53
78414 46
78449 26
78462 115
78501 90
78535 72
78559 59
78560 42
78563 100
78588 94
78621 88
78655 33
78681 85
78683 30
78703 71
78714 52
78743 20
78762 13
78776 20
78802 109
78822 86
78837 41
78872 11
78905 99
78920 121
78938 11
78954 93
78998 112
78998 114
79020 97
79045 94
79072 103
79116 75
79131 108
79140 88
79157 40
79185 78
79201 120
79223 81
79264 107
79272 87
79317 29
79345 74
79349 6
79389 69
79409 59
79416 120
79436 95
79462 105
79467 106
79493 45
79493 45
79506 11
79507 21
79536 19
79540 13
79575 105
79608 59
79620 85
79638 99
79660 53
79684 92
79714 40
79742 120
79745 98
79780 33
79805 76
79822 33
79854 74
79885 46
79905 32
79914 23
79926 51
79949 56
79989 55
80024 124
80036 48
80063 8
80106 108
80128 35
80155 6
80174 114
80179 97
80192 41
80226 95
80244 14
80283 16
80321 112
80327 9
80330 66
80350 29
80384 53
80429 98
80472 88
80517 83
80528 124
80565 25
80606 31
80627 117
80635 121
80650 27
80677 53
80678 55
80715 4
80720 99
80721 93
80745 76
80755 60
80798 44
80805 10
80823 27
80865 61
80877 93
80922 13
80935 108
80971 72
81016 19
81030 28
81035 65
81068 9
81075 95
81112 89
81137 94
81158 53
81188 77
81216 36
81243 93
81273 108
81315 16
81332 55
81336 90
81336 45
81340 22
81355 39
81384 82
81410 121
81421 58
81448 110
81491 119
81532 88
81563 26
81565 64
81576 4
81594 100
81633 80
81650 102
81660 105
81690 106
81715 45
81759 75
81766 67
81795 17
81811 124
81843 113
81853 84
81870 121
81914 76
81945 20
81953 26
81978 45
81984 126
81999 28
82023 111
82030 80
82043 55
82052 112
82073 126
82091 4
82129 6
82170 70
82172 12
82174 120
82211 117
82242 71
82248 57
82248 77
82255 53
82256 123
82277 33
82296 113
82304 17
82342 5
82351 54
82385 95
82388 119
82426 65
82438 58
82462 114
82488 78
82490 23
82510 30
82544 22
82552 84
82552 84
82590 6
82609 73
82637 104
82656 70
82681 22
82704 89
82710 85
82732 72
82758 8
82763 7
82780 100
82794 74
82827 93
82865 89
82905 26
82929 98
82969 26
83012 17
83042 112
83062 52
83068 25
83078 67
83083 45
83109 15
83111 88
83143 67
83181 58
83188 77
83213 125
83226 12
83236 83
83278 22
83309 59
83351 14
83363 92
83366 59
83403 82
83413 23
83452 88
83458 117
83471 44
83493 100
83502 72
83520 62
83565 69
83581 10
83625 65
83655 28
83692 116
83731 127
83743 92
83774 43
83788 120
83824 51
83828 58
83861 88
83889 54
83909 82
83947 4
83963 76
83997 31
84001 12
84027 48
84030 49
84072 74
84105 70
84138 29
84146 58
84171 86
84178 51
84178 67
84211 79
84229 40
84249 53
84262 13
84263 15
84287 12
84320 63
84354 68
84395 42
84408 96
84445 37
84469 12
84490 79
84501 122
84525 69
84549 66
84577 55
84589 79
84626 34
84648 38
84650 23
84663 9
84691 67
84736 34
84736 95
84770 36
84778 7
84821 104
84839 18
84882 65
84900 78
84914 25
84959 43
84964 100
84995 91
85010 72
85021 106
85049 100
85054 46
85068 80
85081 97
85099 7
85136 87
85168 44
85202 3
85206 81
85222 9
85229 70
85271 95
85289 46
85302 104
85337 32
85366 19
85394 38
85410 56
85439 18
85443 85
85447 68
85462 7
85506 90
85523 125
85529 47
85530 99
85546 32
85584 26
85622 22
85625 5
85663 62
85703 50
85718 10
85734 109
85736 14
85766 48
85790 98
85833 14
85873 4
85879 53
85900 109
85914 64
85937 32
85980 2
85997 39
86023 77
86029 99
86072 18
86095 35
86108 54
86118 53
86157 120
86183 20
86187 107
86225 56
86251 28
86271 90
86275 80
86307 57
86338 106
86348 86
86377 9
86421 63
86451 106
86476 110
86493 67
86493 122
86514 57
86555 91
86586 21
86612 65
86635 89
86637 115
86672 73
86685 73
86687 23
86732 11
86741 46
86778 95
86783 5
86793 32
86818 13
86826 20
86832 91
86840 127
86870 84
86877 52
86883 126
86896 26
86925 9
86934 41
86946 88
86969 22
87008 84
87053 46
87087 100
87124 121
87128 97
87162 73
87195 123
87240 123
87266 53
87301 59
87315 1
87330 77
87345 92
87370 49
87401 89
87430 76
87452 72
87462 118
87473 28
87473 25
87500 16
87500 65
87502 36
87511 34
87536 41
87580 11
87601 56
87606 110
87651 109
87652 15
87660 39
87683 112
87726 126
87771 17
87771 46
87788 5
87831 92
87852 37
87852 115
87881 19
87911 124
87928 28
87959 76
87989 49
87999 2
88024 68
88051 44
88071 34
88090 95
88090 4
88109 69
88146 41
88173 43
88181 110
88202 105
88233 126
88270 83
88315 98
88342 59
88379 15
88410 55
88425 56
88462 90
88469 29
88502 49
88531 118
88539 11
88566 8
88586 98
88593 74
88606 93
88611 109
88654 126
88692 43
88694 3
88700 60
88736 77
88764 122
88798 123
88826 73
88854 123
88863 89
88906 69
88933 90
88971 122
88975 5
88975 36
88997 42
89028 101
89072 109
89090 26
89093 122
89122 60
89135 112
89180 76
89195 12
89232 4
89245 11
89245 24
89281 97
89281 41
89313 28
89322 23
89345 2
89383 86
89402 118
89407 6
89434 127
89479 68
89521 19
89529 23
89552 37
89584 66
89621 47
89649 14
89676 96
89686 104
89700 77
89704 125
89734 108
89747 77
89767 58
89796 79
89833 3
89833 53
89841 110
89847 77
89875 3
89881 16
89900 115
89907 44
89940 68
89973 43
89989 61
90017 21
90023 14
90028 22
90068 58
90093 100
90094 114
90136 38
90177 31
90220 42
90239 104
90254 103
90288 35
90326 1
90347 118
90376 46
90396 112
90414 80
90424 123
90437 28
90462 118
90479 110
90512 109
90514 53
90539 68
90545 107
90560 81
90588 109
90610 110
90619 17
90621 79
90636 14
90656 71
90686 69
90726 84
90752 96
90783 116
90803 82
90828 41
90845 62
90850 30
90865 7
90897 72
90898 37
90912 71
90925 59
90942 69
90973 11
91018 60
91044 110
91082 31
91123 42
91146 2
91184 39
91219 71
91230 93
91271 120
91297 101
91320 4
91349 118
91365 56
91375 63
91392 30
91410 2
91444 48
91458 109
91491 74
91516 9
91526 55
91536 58
91569 62
91576 68
91612 49
91649 61
91689 62
91704 52
91744 9
91763 84
91781 104
91797 39
91806 41
91810 43
91830 121
91845 81
91879 96
91921 27
91931 59
91972 92
92002 53
92032 104
92040 10
92072 118
92093 21
92128 58
92162 80
92188 94
92214 52
92214 14
92253 44
92256 124
92287 80
92319 62
92322 112
92322 46
92343 126
92368 48
92376 122
92376 53
92386 57
92418 35
92455 18
92496 84
92503 118
92517 27
92559 105
92569 42
92598 80
92636 25
92658 112
92665 9
92677 112
92715 81
92723 113
92754 117
92777 77
92799 56
92831 24
92843 74
92880 42
92888 92
92924 85
92942 77
92979 40
93019 61
93048 41
93089 13
93113 33
93126 86
93158 99
93160 67
93190 22
93215 112
93217 20
93237 25
93242 78
93266 6
93268 33
93280 37
93296 45
93318 24
93346 22
93390 106
93405 89
93435 15
93480 115
93486 77
93488 24
93489 127
93513 77
93519 78
93530 85
93571 116
93582 66
93624 106
93664 104
93694 66
93697 24
93738 76
93759 112
93795 65
93817 108
93854 69
93857 28
93901 112
93936 76
93943 60
93943 100
93953 106
93992 123
94023 107
94048 119
94070 24
94082 10
94089 110
94114 42
94114 11
94139 74
94182 112
94222 47
94256 37
94273 100
94303 87
94327 88
94372 21
94398 92
94419 104
94449 51
94491 64
94533 42
94550 16
94565 2
94573 102
94578 4
94607 121
94616 63
94639 80
94673 113
94685 79
94704 13
94749 48
94792 96
94804 113
94819 57
94823 88
94849 89
94862 76
94879 40
94914 31
94925 71
94955 41
94993 82
95014 67
95014 29
95015 75
95031 123
95040 26
95041 10
95082 48
95094 102
95130 89
95138 35
95145 20
95187 65
95202 32
95219 47
95236 92
95260 60
95263 10
95287 85
95301 98
95322 80
95353 43
95384 56
95411 50
95434 82
95470 50
95500 65
95520 102
95525 76
95567 85
95598 112
95610 48
95641 27
95657 83
95696 118
95741 66
95754 38
95766 62
95775 126
95810 36
95838 112
95851 5
95880 47
95913 12
95955 24
95992 103
95998 24
96016 48
96032 31
96058 65
96078 44
96111 7
96119 39
96123 127
96142 112
96170 118
96205 119
96222 62
96234 80
96235 112
96266 79
96304 3
96319 83
96360 116
96400 37
96436 118
96467 67
96501 114
96501 16
96528 74
96548 66
96565 107
96591 108
96624 23
96638 93
96681 60
96682 29
96698 118
96702 107
96702 92
96727 63
96759 104
96775 1
96790 107
96814 117
96831 116
96865 67
96904 107
96935 42
96963 66
96996 118
97035 2
97076 106
97077 107
97086 39
97119 114
97136 117
97167 6
97181 53
97201 72
97234 84
97276 8
97278 4
97312 33
97342 94
97366 55
97379 71
97390 43
97423 7
97458 112
97481 103
97502 125
97540 88
97555 43
97589 77
97630 86
97665 57
97699 120
97712 54
97716 105
97755 92
97767 63
97784 103
97808 51
97831 50
97847 118
97866 74
97911 8
97948 6
97973 46
97990 112
98003 48
98037 38
98066 55
98105 37
98145 116
98187 10
98216 102
98244 7
98259 26
98280 110
98280 113
98292 122
98326 48
98338 94
98365 125
98396 96
98424 104
98441 37
98466 102
98499 6
98522 66
98566 54
98601 11
98609 98
98628 36
98652 20
98679 44
98707 69
98716 30
98722 40
98727 104
98753 17
98791 86
98827 67
98833 83
98872 8
98894 109
98925 43
98957 8
98984 68
98990 19
99010 78
99051 83
99080 36
99119 52
99137 8
99154 24
99171 62
99180 9
99222 59
99236 4
99266 36
99273 46
99304 72
99324 43
99350 14
99383 50
99427 7
99448 17
99493 30
99512 1
99545 42
99582 99
99615 65
99630 4
99671 57
99700 22
99726 17
99765 61
99766 22
99809 124
99809 94
99833 64
99878 80
99887 52
99891 107
99919 74
99949 98
99994 28
100022 66
100023 26
100054 119
100075 72
100085 7
100086 94
100112 69
100117 111
100149 53
100180 69
100182 21
100220 31
100234 91
100253 95
100277 26
100306 71
100318 44
100341 22
100344 93
100359 63
100362 127
100384 60
100402 33
100420 114
100444 92
100453 25
100483 42
100527 56
100553 46
100568 36
100603 35
100614 92
100616 22
100641 117
100673 73
100686 107
100689 37
100693 92
100724 91
100742 127
100770 28
100812 61
100838 17
100859 114
100869 92
100886 58
100899 10
100939 111
100958 69
100988 12
101024 30
101056 33
101075 2
101080 75
101099 45
101106 38
101141 114
101159 90
101195 99
101219 22
101246 67
101273 100
101296 77
101296 50
101339 82
101384 13
101413 83
101458 25
101483 86
101513 120
101544 77
101562 100
101588 62
101610 74
101648 16
101689 20
101703 66
101711 74
101735 85
101773 58
101806 120
101845 37
101861 88
101883 90
101903 111
101907 104
101947 25
101962 56
101967 53
101980 69
102003 100
102048 79
102079 33
102101 24
102107 33
102129 55
102137 9
102159 114
102162 4
102176 11
102200 101
102210 95
102240 73
102251 103
102255 68
102269 35
102301 40
102316 108
102334 30
102360 26
102393 42
102403 65
102429 27
102442 6
102464 62
102492 91
102497 88
102526 10
102565 87
102575 79
102584 7
102618 4
102651 37
102680 72
102688 28
102688 21
102731 19
102776 117
102821 76
102829 26
102849 33
102889 56
102930 75
102937 110
102959 28
102978 63
103016 4
103054 118
103078 116
103083 115
103113 90
103154 101
103189 34
103234 43
103278 59
103287 48
103311 61
103313 50
103321 113
103351 43
103383 42
103423 18
103444 43
103477 123
103512 51
103513 112
103521 107
103533 9
103555 71
103588 96
103588 48
103605 37
103637 112
103649 116
103671 62
103700 60
103727 107
103748 6
103759 54
103772 44
103791 92
103804 115
103839 76
103867 7
103911 29
103915 110
103960 65
103996 40
104030 60
104066 26
104097 106
104142 26
104177 18
104177 46
104212 90
104223 22
104252 93
104259 91
104295 28
104301 93
104346 25
104350 102
104368 2
104400 59
104433 90
104465 27
104500 23
104525 122
104527 119
104541 50
104582 89
104621 77
104660 107
104693 27
104710 4
104741 108
104745 72
104768 19
104770 100
104790 10
104829 40
104831 22
104859 117
104864 46
104905 74
104912 79
104947 73
104959 46
104996 57
105027 20
105067 115
105091 50
105135 25
105168 83
105169 17
105214 114
105228 115
105230 21
105265 52
105301 8
105344 94
105386 60
105391 91
105419 80
105421 42
105444 15
105482 58
105510 43
105515 42
105525 112
105558 111
105570 27
105580 14
105614 41
105622 38
105648 108
105662 38
105679 70
105682 60
105710 63
105749 122
105783 123
105791 85
105797 98
105826 113
105854 124
105889 19
105925 126
105934 48
105951 64
105963 105
105991 57
105997 64
106024 6
106033 24
106077 99
106085 32
106108 52
106114 84
106131 80
106169 13
106174 126
106188 5
106191 97
106228 69
106232 10
106268 88
106300 70
106314 87
106350 106
106380 9
106406 105
106443 59
106475 37
106518 67
106526 84
106569 8
106602 52
106626 74
106640 59
106680 118
106695 62
106725 8
106738 14
106745 23
106762 104
106763 99
106782 79
106808 5
106840 44
106840 42
106874 106
106901 119
106903 28
106909 109
106930 43
106962 16
106999 3
107014 38
107032 67
107047 22
107053 56
107091 51
107128 26
107146 99
107169 110
107208 45
107246 17
107258 86
107281 77
107294 2
107307 60
107328 55
107362 117
107379 32
107401 90
107431 110
107436 48
107451 36
107471 68
107507 44
107530 37
107550 41
107592 112
107614 76
107616 69
107629 104
107648 65
107651 25
107655 120
107689 98
107719 91
107761 103
107773 65
107798 95
107833 125
107839 26
107868 13
107892 20
107929 38
107932 20
107948 33
107976 42
107985 113
107989 28
108019 87
108023 124
108054 1
108070 25
108112 57
108127 84
108132 73
108156 111
108165 108
108181 13
108198 65
108224 27
108265 96
108286 19
108286 85
108293 57
108333 60
108342 102
108382 121
108427 79
108434 61
108438 2
108440 74
108461 2
108483 88
108491 34
108514 29
108554 4
108580 32
108597 87
108605 52
108605 127
108614 96
108643 55
108685 60
108696 102
108716 93
108718 38
108738 85
108747 123
108755 116
108796 112
108825 29
108840 67
108857 20
108875 108
108900 69
108931 119
108938 112
108941 32
108953 81
108981 49
108989 20
108998 80
109026 18
109060 38
109081 80
109089 119
109113 124
109133 1
109149 58
109177 88
109195 69
109214 57
109242 120
109242 96
109260 35
109260 4
109299 19
109329 94
109339 111
109375 54
109410 46
109447 21
109488 17
109513 72
109557 98
109601 2
109605 123
109615 46
109633 103
109642 93
109657 7
109683 88
109715 85
109751 100
109793 45
109822 97
109850 81
109866 76
109881 65
109915 12
109924 19
109957 55
109977 29
109985 33
110030 61
110072 33
110095 11
110122 125
110140 68
110153 25
110158 65
110185 32
110211 8
110249 9
110268 101
110280 126
110298 20
110306 94
110323 58
110362 46
110363 16
110402 79
110411 108
110432 93
110437 63
110466 62
110475 95
110483 27
110526 42
110530 21
110542 31
110571 60
110596 73
110631 101
110639 59
110676 34
110691 17
110715 34
110726 48
110748 61
110757 14
110794 57
110799 34
110809 20
110853 58
110883 87
110910 27
110916 100
110920 125
110938 41
110980 127
111022 91
111053 102
111061 125
111067 46
111088 86
111132 85
111144 57
111153 111
111158 78
111197 98
111209 37
111238 68
111244 66
111287 61
111293 23
111325 102
111340 116
111362 88
111368 81
111412 98
111429 25
111459 22
111476 113
111494 56
111515 66
111530 47
111549 34
111580 120
111588 36
111614 32
111654 56
111681 59
111699 70
111709 74
111738 33
111764 14
111800 4
111810 88
111852 85
111866 51
111880 66
111898 61
111916 3
111926 29
111967 72
111973 97
112012 6
112042 55
112077 40
112100 122
112125 9
112141 70
112153 21
112192 35
112229 110
112255 2
112286 24
112328 95
112349 95
112370 74
112370 45
112407 32
112434 5
112474 87
112517 58
112525 92
112535 13
112570 17
112606 47
112611 47
112612 124
112635 49
112655 3
112655 99
112692 124
112696 64
112736 39
112776 97
112786 70
112789 47
112823 59
112864 58
112898 74
112918 121
112928 67
112968 45
112979 62
113017 122
113020 111
113024 108
113031 23
113045 2
113057 124
113100 73
113102 77
113120 82
113156 118
113179 126
113210 62
113216 71
113228 84
113260 58
113279 77
113315 39
113354 39
113369 31
113398 61
113407 26
113444 34
113446 127
113466 22
113495 77
113503 75
113544 34
113587 68
113611 78
113626 87
113630 65
113667 124
113709 15
113722 25
113726 30
113734 116
113766 37
113770 88
113780 35
113785 29
113798 65
113829 58
113862 21
113875 30
113920 103
113960 80
113964 113
113993 119
114034 28
114049 58
114070 103
114100 43
114141 33
114184 33
114205 88
114227 31
114265 19
114286 26
114315 95
114349 80
114371 22
114384 119
114394 51
114429 69
114469 125
114504 20
114546 61
114547 100
114574 49
114574 26
114576 124
114620 87
114645 2
114679 91
114714 12
114758 9
114790 20
114820 68
114833 65
114868 114
114902 32
114941 25
114950 14
114953 125
114960 110
114981 125
114993 25
115020 81
115061 59
115090 75
115090 49
115135 35
115173 58
115209 113
115252 122
115264 96
115297 111
115299 17
115303 36
115331 2
115333 18
115342 55
115383 56
115396 61
115431 70
115460 125
115499 45
115505 50
115527 3
115536 36
115541 88
115550 114
115566 15
115603 84
115632 114
115640 78
115673 50
115702 22
115708 99
115740 32
115751 33
115783 89
115802 65
115804 16
115843 107
115859 127
115870 70
115902 37
115947 23
115975 37
116013 68
116015 113
116056 61
116100 95
116126 41
116133 26
116172 20
116190 22
116225 6
116257 26
116268 76
116269 31
116290 86
116305 105
116328 21
116333 120
116350 3
116379 118
116424 45
116459 82
116482 103
116487 89
116497 17
116505 87
116524 22
116544 19
116563 11
116595 20
116610 18
116648 51
116656 77
116669 84
116693 12
116714 100
116744 111
116785 84
116828 58
116843 20
116852 123
116876 13
116919 79
116943 103
116986 124
117024 51
117051 36
117080 51
117093 62
117116 127
117132 15
117170 42
117205 7
117219 11
117219 71
117245 122
117265 23
117289 122
117290 109
117299 33
117307 27
117348 97
117357 11
117391 114
117433 15
117450 78
117470 84
117496 113
117537 68
117580 95
117588 87
117624 8
117649 17
117682 97
117682 75
117692 113
117707 114
117751 39
117758 25
117784 22
117826 28
117849 38
117863 84
117908 17
117909 101
117947 22
117989 81
118020 116
118055 82
118069 55
118069 48
118088 83
118133 24
118171 86
118214 47
118224 117
118265 56
118270 84
118301 17
118302 5
118326 34
118371 125
118404 16
118431 65
118468 12
118479 72
118511 44
118533 26
118575 98
118586 114
118628 2
118646 72
118658 77
118694 64
118725 10
118770 15
118813 71
118856 62
118895 71
118924 102
118966 101
119008 93
119008 68
119020 92
119058 50
119067 46
119109 70
119139 81
119147 90
119164 11
119197 6
119207 86
119235 45
119256 53
119271 99
119303 95
119305 105
119312 67
119317 19
119361 37
119377 63
119385 62
119425 2
119454 122
119496 5
119502 54
119509 72
119529 86
119533 25
119554 76
119566 41
119579 14
119595 33
119612 60
119635 121
119643 8
119654 6
119693 87
119703 109
119731 113
119750 28
119751 116
119779 107
119794 90
119811 69
119834 22
119842 31
119876 7
119900 103
119909 61
119919 64
119928 101
119963 61
120002 18
120015 74
120021 118
120021 95
120060 45
120096 113
120114 57
120114 16
120146 91
120168 115
120207 1
120224 1
120231 70
120233 123
120245 40
120259 31
120299 107
120302 25
120325 58
120369 12
120401 61
120416 123
120460 26
120493 112
120529 72
120533 121
120540 79
120579 45
120624 27
120629 48
120644 98
120669 48
120679 7
120704 109
120735 33
120752 18
120768 24
120803 98
120823 44
120836 22
120841 25
120841 97
120842 115
120883 76
120927 30
120936 31
120975 120
121004 123
121037 73
121045 25
121072 5
121086 112
121126 121
121154 51
121184 42
121217 83
121217 127
121253 125
121293 94
121313 80
121350 8
121350 82
121394 116
121427 51
121433 5
121475 23
121507 7
121550 97
121559 119
121599 58
121619 33
121643 103
121643 125
121681 46
121683 28
121720 60
121726 51
121764 85
121802 122
121841 120
121857 4
121896 13
121900 90
121927 28
121940 80
121941 97
121942 48
121943 27
121964 113
121995 68
122030 3
122047 9
122056 82
122097 25
122120 30
122140 78
122179 123
122194 95
122229 103
122254 106
122254 63
122263 78
122291 5
122306 92
122341 125
122362 110
122392 95
122431 123
122443 107
122474 22
122487 14
122489 60
122531 63
122554 17
122574 62
122596 83
122639 119
122645 100
122676 25
122683 27
122701 88
122743 34
122773 42
122805 14
122849 55
122893 49
122895 122
122907 65
122920 58
122960 118
122966 76
122972 2
122987 29
123008 106
123053 9
123059 126
123098 99
123130 71
123165 64
123196 55
123224 62
123240 47
123245 37
123249 85
123287 113
123290 47
123312 115
123316 123
123336 96
123338 40
123342 81
123365 13
123396 1
123402 17
123407 109
123430 121
123454 106
123466 10
123501 55
123528 49
123550 9
123575 5
123617 11
123640 112
123676 17
123692 10
123706 78
123712 96
123712 104
123754 44
123765 28
123809 63
123827 76
123837 70
123853 120
123855 94
123890 16
123910 68
123920 105
123932 39
123946 115
123961 115
123962 82
123967 37
124006 39
124036 98
124078 58
124087 5
124120 64
124125 52
124137 109
124141 76
124155 9
124187 91
124188 68
124208 102
124226 5
124246 74
124273 21
124294 45
124306 26
124330 52
124338 110
124382 49
124384 114
124419 42
124451 37
124468 81
124485 96
124520 59
124528 90
124556 53
124592 99
124597 123
124607 3
124641 124
124686 3
124716 117
124724 53
124744 101
124749 43
124772 48
124797 25
124818 35
124820 69
124832 90
124843 48
124850 55
124851 81
124866 47
124881 85
124905 19
124944 90
124981 82
124992 49
125030 89
125058 119
125071 50
125077 100
125122 55
125134 33
125145 114
125152 64
125160 73
125161 35
125182 8
125189 36
125201 8
125235 81
125276 42
125313 125
125329 68
125362 25
125389 119
125394 9
125400 58
125430 34
125467 120
125510 72
125536 60
125536 15
125573 78
125586 3
125600 57
125633 111
125658 27
125672 30
125693 105
125708 58
125737 68
125755 60
125763 68
125779 93
125821 68
125837 6
125849 13
125865 49
125878 30
125895 53
125896 32
125918 63
125951 95
125960 115
125975 84
125996 59
126022 68
126022 63
126045 73
126083 118
126122 89
126151 51
126170 48
126189 122
126210 99
126237 38
126279 43
126292 112
126300 21
126323 120
126339 32
126350 15
126369 12
126377 6
126377 42
126406 11
126448 9
126487 124
126513 14
126530 119
126537 17
126563 18
126597 76
126630 99
126674 17
126692 33
126735 88
126750 123
126788 117
126820 3
126848 11
126853 86
126870 59
126905 24
126911 116
126912 66
126935 118
126971 32
126999 86
127014 80
127059 119
127062 102
127091 29
127113 44
127114 13
127137 110
127157 75
127164 95
127168 52
127180 102
127223 19
127248 37
127283 72
127301 125
127324 100
127363 94
127376 66
127405 93
127424 88
127468 73
127473 30
127504 12
127542 73
127563 76
127576 8
127611 57
127613 102
127638 9
127645 9
127684 79
127710 8
127723 52
127763 107
127783 59
127817 77
127858 5
127885 83
127886 73
127891 74
127906 11
127946 54
127981 8
127998 115
128014 43
128035 84
128042 5
128064 93
128098 34
128132 123
128162 53
128189 43
128191 106
128232 37
128244 48
128251 34
128277 12
128300 105
128305 4
128348 61
128370 127
128372 59
128399 42
128439 91
128453 48
128496 78
128496 50
128513 40
128555 26
128583 25
128627 105
128641 106
128676 111
128710 29
128713 70
128723 100
128748 98
128751 6
128770 17
128771 97
128812 32
128827 25
128828 60
128841 115
128874 24
128877 97
128914 42
128951 67
128985 90
129008 40
129044 41
129089 103
129118 13
129156 96
129195 120
129213 25
129235 7
129271 125
129308 92
129334 18
129335 94
129335 115
129363 83
129389 72
129390 95
129392 121
129409 28
129440 76
129450 19
129466 43
129478 121
129498 53
129532 29
129571 85
129574 63
129580 85
129589 106
129593 121
129597 20
129610 40
129655 4
129666 91
129690 20
129697 69
129709 116
129724 73
129745 29
129789 81
129830 86
129861 29
129869 67
129875 45
129904 30
129929 96
129960 86
130001 79
130039 82
130084 20
130089 39
130117 37
130129 63
130165 33
130184 119
130210 41
130223 86
130241 68
130279 48
130289 122
130323 45
130365 44
130399 85
130432 48
130450 92
130452 74
130479 3
130498 21
130510 72
130549 53
130558 13
130595 64
130598 106
130603 91
130632 111
130665 45
130683 77
130702 127
130727 71
130755 72
130799 51
130814 79
130855 70
130872 73
130878 8
130907 5
130943 9
130968 15
130985 98
131008 121
131022 95
131043 41
131062 110
131087 69
131112 15
131141 107
131148 96
131148 10
131184 23
131205 54
131223 85
131241 41
131282 35
131288 42
131321 89
131351 55
131395 109
131438 59
131473 89
131477 31
131514 44
131543 60
131548 16
131556 43
131574 34
131612 63
131615 7
131647 97
131666 59
131709 65
131728 59
131731 103
131732 75
131737 90
131753 12
131757 14
131764 1
131809 80
131849 93
131868 112
131907 86
131940 34
131948 96
131969 105
132011 67
132035 12
132062 122
132084 52
132123 85
132164 31
132205 66
132214 32
132217 86
132248 105
132273 95
132285 85
132291 42
132310 39
132329 47
132334 51
132349 116
132382 112
132387 30
132388 16
132399 121
132403 82
132448 67
132449 30
132483 119
132485 82
132525 83
132569 47
132593 80
132627 13
132642 21
132646 58
132663 4
132688 70
132733 97
132759 56
132767 17
132811 83
132856 17
132898 51
132909 58
132921 77
132964 52
133009 56
133018 63
133035 110
133079 30
133123 50
133153 108
133174 69
133193 73
133232 62
133241 48
133244 40
133269 11
133273 76
133293 77
133331 81
133348 32
133353 52
133384 12
133420 83
133444 89
133461 10
133473 91
133493 90
133532 59
133554 59
133576 123
133584 41
133620 24
133621 95
133627 96
133657 116
133684 9
133694 105
133711 22
133711 74
133727 10
133728 83
133772 1
133793 69
133798 45
133835 108
133844 71
133874 116
133900 113
133902 31
133928 54
133933 11
133946 59
133952 101
133962 29
133991 106
134001 73
134006 121
134027 75
134070 29
134095 28
134125 45
134146 110
134177 52
134198 31
134199 119
134237 79
134264 12
134305 96
134344 54
134383 116
134399 113
134434 14
134463 25
134485 76
134498 62
134542 25
134579 1
134604 16
134647 82
134655 74
134676 126
134684 66
134729 1
134741 119
134780 105
134822 74
134866 4
134904 97
134924 31
134927 26
134962 111
134994 22
135034 15
135042 84
135075 16
135079 74
135111 65
135156 6
135187 81
135205 33
135234 45
135237 23
135265 112
135285 17
135325 10
135329 100
135331 42
135354 55
135395 125
135429 2
135458 102
135489 106
135534 104
135538 96
135542 37
135576 64
135598 84
135629 126
135673 7
135683 4
135703 15
135739 113
135767 113
135801 7
135809 89
135840 21
135879 86
135910 88
135918 31
135945 96
135954 18
135970 82
135998 48
136021 85
136057 14
136098 39
136116 8
136119 113
136141 104
136163 106
136170 82
136177 10
136213 26
136224 19
136254 27
136263 12
136280 113
136320 81
136336 42
136355 91
136356 87
136357 76
136402 32
136406 20
136443 39
136458 112
136493 33
136494 116
136494 44
136509 83
136543 77
136558 113
136575 111
136600 51
136609 95
136649 41
136685 25
136729 88
136735 60
136753 124
136774 85
136817 111
136859 36
136893 122
136937 29
136943 66
136961 127
136972 110
136992 60
136996 119
137029 69
137062 74
137085 32
137097 89
137140 112
137177 10
137194 82
137210 4
137233 12
137274 39
137302 13
137328 7
137345 69
137366 15
137411 31
137446 41
137481 35
137494 49
137514 76
137523 45
137561 99
137597 113
137628 27
137643 66
137678 14
137701 30
137733 111
137772 31
137776 27
137784 82
137800 108
137800 75
137837 11
137858 13
137886 72
137901 78
137934 33
137975 56
138014 1
138055 123
138069 106
138107 100
138148 12
138158 35
138179 63
138218 59
138227 24
138249 94
138268 64
138284 78
138286 116
138314 68
138318 107
138333 110
138337 92
138355 33
138376 117
138406 67
138409 8
138426 59
138454 15
138480 91
138481 32
138494 119
138539 57
138540 59
138551 29
138578 4
138593 122
138598 57
138617 87
138641 99
138658 20
138678 108
138704 57
138737 124
138780 114
138791 115
138819 82
138843 5
138848 91
138851 43
138862 12
138888 112
138900 28
138915 95
138918 86
138944 12
138986 43
139022 86
139063 82
139092 26
139136 58
139137 34
139171 81
139216 111
139241 46
139242 121
139247 82
139276 9
139281 124
139286 98
139329 53
139329 47
139353 21
139379 14
139390 4
139405 120
139423 38
139468 64
139468 85
139476 18
139499 99
139503 55
139544 76
139549 118
139581 33
139601 46
139645 62
139685 55
139724 89
139724 75
139749 117
139770 89
139792 89
139800 24
139816 69
139830 23
139841 39
139858 56
139890 54
139910 112
139918 27
139933 126
139952 25
139996 33
140005 31
140022 89
140060 103
140095 77
140113 102
140123 9
140138 36
140178 8
140217 51
140257 89
140263 50
140277 111
140291 92
140301 127
140320 71
140346 42
140368 52
140373 98
140391 39
140433 85
140434 90
140473 105
140475 7
140507 47
140536 127
140580 29
140606 31
140639 56
140639 87
140677 1
140702 8
140706 112
140746 16
140746 114
140778 112
140820 23
140862 5
140880 31
140914 86
140918 23
140955 23
140987 77
141028 43
141033 42
141034 90
141074 69
141095 17
141105 15
141117 48
141145 120
141177 102
141182 46
141211 61
141233 104
141263 48
141284 101
141327 123
141369 65
141393 31
141411 12
141438 110
141480 58
141490 14
141523 124
141550 117
141582 97
141597 91
141600 109
141631 10
141649 5
141674 55
141681 125
141686 63
141696 108
141706 38
141736 125
141759 42
141765 6
141779 23
141789 72
141804 114
141809 76
141821 30
141845 120
141879 113
141909 10
141919 48
141959 37
141976 34
142011 115
142019 9
142022 74
142039 112
142054 95
142068 48
142090 42
142097 47
142117 81
142145 56
142153 7
142155 112
142197 110
142235 45
142248 53
142248 71
142258 113
142261 20
142282 48
142310 71
142324 99
142346 41
142366 106
142409 99
142414 79
142451 21
142467 74
142502 72
142509 80
142523 85
142532 100
142574 82
142588 39
142630 22
142630 55
142646 111
142689 99
142718 106
142739 127
142767 41
142775 109
142803 79
142831 75
142842 57
142863 64
142874 63
142912 33
142946 81
142983 78
143011 20
143027 70
143050 120
143059 118
143060 92
143091 65
143127 29
143133 123
143139 26
143149 105
143167 86
143204 45
143218 56
143252 42
143265 58
143294 21
143298 88
143338 3
143365 18
143405 6
143420 19
143423 7
143435 80
143449 49
143455 122
143478 122
143508 46
143514 86
143558 116
143576 101
143603 101
143616 7
143629 1
143655 7
143667 82
143711 92
143748 23
143763 42
143787 8
143830 28
143839 24
143863 98
143870 94
143876 105
143900 71
143910 26
143929 123
143973 49
143976 3
143981 3
144019 97
144052 18
144064 103
144073 78
144107 23
144130 23
144138 113
144163 89
144166 80
144168 6
144188 87
144192 18
144202 43
144214 73
144237 2
144280 24
144309 97
144318 121
144349 93
144385 83
144415 75
144429 127
144451 24
144469 44
144483 38
144519 38
144534 23
144577 103
144577 3
144611 89
144646 79
144664 38
144683 72
144683 122
144718 107
144734 114
144760 116
144773 15
144787 36
144832 41
144846 79
144883 21
144922 92
144950 93
144981 44
144983 19
145003 40
145018 31
145054 76
145058 15
145099 112
145105 108
145129 126
145150 109
145175 119
145200 34
145215 103
145251 60
145284 121
145301 68
145306 62
145342 57
145350 45
145376 62
145383 63
145396 35
145396 103
145434 24
145458 3
145478 47
145490 24
145523 99
145524 75
145529 24
145558 119
145572 127
145588 31
145602 32
145640 113
145668 102
145680 27
145701 111
145728 28
145750 84
145758 101
145778 105
145790 96
145835 87
145865 65
145873 47
145893 72
145913 11
145934 101
145938 3
145966 77
145971 117
145989 119
145996 105
146032 85
146077 91
146119 107
146127 10
146129 37
146138 59
146181 100
146187 87
146196 101
146197 58
146240 52
146262 122
146290 119
146331 98
146342 23
146351 56
146389 83
146423 20
146425 41
146470 110
146495 97
146535 125
146545 104
146577 31
146588 44
146594 110
146622 86
146631 76
146662 67
146703 32
146727 16
146749 98
146760 110
146801 87
146827 109
146834 119
146855 100
146889 112
146915 109
146917 92
146922 55
146922 80
146951 48
146991 20
147013 114
147045 115
147058 65
147079 122
147081 5
147109 68
147112 95
147153 67
147166 32
147209 61
147237 97
147258 33
147294 18
147296 79
147305 39
147343 74
147365 119
147395 7
147404 12
147442 38
147479 124
147523 40
147552 108
147556 95
147587 108
147620 27
147624 4
147659 41
147674 82
147715 12
147717 122
147748 102
147764 82
147775 81
147808 47
147829 81
147838 22
147857 23
147878 109
147906 75
147932 75
147940 32
147959 23
147991 66
148036 51
148052 119
148087 37
148122 62
148161 1
148165 98
148184 52
148203 58
148209 104
148237 85
148271 118
148288 34
148304 85
148304 15
148316 75
148328 101
148357 77
148387 61
148427 19
148429 69
148457 82
148492 102
148504 101
148531 49
148556 119
148575 80
148575 47
148587 94
148611 52
148642 43
148685 101
148685 102
148705 6
148733 54
148742 112
148779 10
148818 94
148841 32
148878 16
148913 121
148955 41
148967 117
148985 45
149013 50
149034 65
149039 97
149077 119
149114 26
149135 120
149150 33
149179 46
149186 38
149230 32
149265 40
149277 87
149285 4
149297 101
149307 96
149336 98
149365 121
149369 111
149413 59
149428 2
149450 61
149494 10
149507 91
149543 92
149586 79
149622 92
149634 99
149643 12
149688 28
149712 63
149752 115
149781 16
149793 27
149826 121
149838 111
149854 14
149876 53
149893 76
149920 114
149923 17
149965 10
149997 70
150014 126
150037 38
150065 79
150102 9
150118 39
150135 57
150165 43
150197 118
150220 89
150238 67
150269 49
150284 32
150284 35
150292 11
150292 101
150312 126
150353 38
150386 55
150427 15
150445 10
150477 63
150517 30
150520 24
150554 18
150558 34
150568 92
150602 118
150624 74
150641 113
150650 51
150673 33
150714 110
150729 14
150760 60
150761 101
150783 93
150798 45
150838 112
150883 72
150899 26
150906 125
150932 49
150951 73
150956 122
150984 66
151004 125
151013 100
151054 33
151088 78
151116 98
151145 100
151151 113
151168 32
151175 59
151184 8
151216 116
151224 110
151246 112
151275 83
151312 37
151339 57
151366 81
151401 75
151427 92
151462 31
151501 102
151520 41
151527 18
151542 114
151570 23
151596 66
151622 51
151640 33
151682 66
151721 31
151729 14
151735 107
151747 121
151771 78
151800 4
151826 110
151836 49
151866 50
151872 34
151907 94
151929 97
151961 42
151994 111
152024 116
152029 77
152058 87
152099 110
152112 98
152140 82
152185 27
152188 19
152196 18
152198 17
152201 22
152238 28
152259 10
152294 101
152322 125
152334 41
152366 108
152377 79
152407 75
152417 33
152440 29
152477 38
152507 124
152522 117
152525 39
152529 85
152555 59
152584 58
152602 16
152630 127
152647 113
152681 67
152705 59
152707 125
152721 69
152737 99
152745 117
152749 81
152756 115
152761 85
152770 9
152780 86
152797 123
152837 51
152861 14
152889 3
152934 16
152953 23
152970 42
153001 7
153002 82
153006 27
153007 121
153044 2
153052 67
153081 81
153112 20
153113 26
153140 117
153179 12
153213 59
153236 13
153256 76
153290 86
153323 34
153345 97
153382 72
153411 3
153455 104
153479 61
153510 32
153533 85
153551 114
153570 52
153613 59
153629 22
153666 126
153666 54
153689 16
153708 64
153710 31
153754 60
153780 15
153794 42
153819 72
153853 124
153869 117
153906 40
153914 13
153918 48
153923 105
153961 45
154002 74
154021 23
154066 110
154071 51
154114 24
154159 31
154199 115
154236 74
154237 2
154280 60
154302 57
154310 29
154327 87
154351 30
154377 104
154394 45
154428 2
154429 54
154439 101
154459 82
154492 117
154515 84
154523 24
154533 124
154557 118
154589 108
154622 99
154639 49
154661 16
154684 42
154707 54
154743 124
154751 1
154755 67
154799 44
154836 23
154866 46
154910 121
154915 75
154939 127
154962 12
154990 75
155016 96
155027 117
155048 47
155093 50
155103 98
155116 115
155160 34
155189 113
155219 27
155220 80
155224 113
155248 46
155260 67
155299 110
155332 41
155365 4
155381 16
155400 37
155414 41
155446 66
155453 90
155474 95
155515 112
155529 50
155534 52
155549 32
155573 70
155604 61
155623 14
155658 86
155667 13
155712 55
155745 37
155753 12
155767 59
155789 108
155826 29
155839 89
155876 92
155889 79
155907 32
155923 74
155927 5
155948 127
155988 122
156027 79
156061 118
156073 2
156093 17
156115 121
156151 63
156172 95
156205 78
156211 2
156237 20
156273 63
156276 103
156297 63
156320 19
156346 37
156355 51
156356 25
156361 20
156361 24
156380 42
156414 119
156426 6
156459 31
156476 86
156487 88
156525 58
156546 123
156578 33
156611 89
156654 121
156657 88
156680 55
156698 12
156732 74
156739 24
156739 52
156756 58
156774 124
156784 92
156797 65
156824 125
156824 46
156844 79
156848 49
156881 7
156891 82
156925 89
156940 75
156972 4
156993 100
157028 114
157073 42
157111 96
157120 21
157121 57
157155 26
157178 76
157221 38
157236 34
157272 74
157292 57
157305 125
157321 75
157357 112
157362 85
157400 123
157422 94
157428 8
157473 4
157474 29
157480 17
157521 56
157526 18
157527 81
157561 17
157596 60
157606 108
157614 79
157643 15
157684 4
157714 59
157715 62
157723 23
157768 11
157787 3
157809 89
157845 113
157845 7
157879 127
157923 125
157936 47
157973 25
157998 100
158008 72
158035 9
158051 120
158056 124
158088 28
158090 8
158093 95
158135 31
158164 103
158203 6
158219 65
158245 105
158258 106
158269 38
158305 71
158327 43
158361 22
158372 65
158407 126
158411 79
158446 13
158477 65
158482 100
158491 112
158516 17
158540 82
158562 4
158562 14
158605 23
158615 47
158621 55
158644 47
158666 67
158687 52
158695 120
158703 5
158732 33
158773 78
158811 126
158844 5
158858 93
158889 23
158921 40
158955 39
158969 35
158970 35
158996 11
159000 52
159002 5
159036 91
159048 69
159088 43
159094 60
159127 34
159163 15
159168 80
159192 20
159226 110
159231 102
159276 88
159304 16
159320 120
159352 38
159365 81
159409 14
159424 69
159458 92
159484 83
159520 79
159557 108
159562 119
159572 22
159606 81
159615 17
159642 13
159655 97
159656 125
159698 25
159720 93
159753 70
159786 99
159794 44
159803 60
159823 120
159853 97
159893 81
159928 41
159970 82
159992 66
160011 117
160039 22
160064 19
160066 22
160089 107
160089 52
160131 103
160153 38
160162 103
160197 50
160200 26
160200 70
160238 48
160261 93
160286 127
160315 2
160324 99
160354 42
160365 119
160403 38
160429 2
160446 36
160466 116
160477 38
160519 94
160545 125
160552 51
160596 111
160606 78
160614 59
160622 121
160663 90
160704 121
160723 71
160745 26
160780 32
160782 96
160793 31
160805 61
160829 13
160856 109
160859 46
160897 67
160911 70
160933 2
160950 57
160993 22
161033 66
161078 49
161099 108
161138 39
161145 50
161162 96
161173 121
161192 116
161192 59
161194 71
161223 104
161238 123
161244 21
161270 48
161299 28
161325 117
161334 85
161370 111
161393 16
161398 7
161427 13
161450 61
161455 7
161493 52
161538 99
161565 40
161600 4
161608 85
161650 18
161682 98
161708 52
161750 16
161763 3
161768 35
161772 61
161791 111
161791 73
161801 59
161810 46
161818 95
161853 10
161880 75
161889 105
161907 52
161939 109
161963 97
161991 55
162012 103
162024 61
162046 114
162082 66
162104 4
162144 28
162178 89
162199 37
162233 104
162250 117
162271 94
162294 91
162337 53
162380 1
162412 123
162453 15
162495 114
162531 11
162542 72
162587 15
162600 21
162605 112
162642 46
162658 98
162685 8
162699 65
162716 95
162748 127
162788 78
162820 30
162830 114
162836 88
162846 70
162858 24
162860 76
162865 104
162886 84
162929 99
162936 48
162978 49
162994 58
163038 107
163068 19
163085 67
163122 27
163164 72
163202 1
163234 20
163254 93
163258 116
163288 103
163290 13
163323 121
163338 98
163370 75
163389 108
163431 10
163432 30
163469 69
163511 27
163530 86
163554 58
163554 110
163560 127
163582 40
163597 56
163598 50
163624 12
163665 74
163669 83
163711 50
163718 123
163757 1
163769 89
163809 11
163826 10
163861 12
163882 66
163924 124
163924 111
163938 98
163949 93
163975 59
163991 110
164001 54
164035 123
164075 78
164106 65
164130 40
164137 119
164143 8
164168 8
164208 103
164211 110
164218 109
164258 32
164281 56
164311 41
164332 101
164363 94
164367 55
164408 43
164443 4
164463 117
164480 11
164493 103
164512 29
164513 60
164532 102
164561 41
164572 123
164604 112
164622 85
164653 27
164682 74
164727 107
164749 112
164783 85
164796 124
164807 110
164844 46
164865 98
164896 110
164920 120
164955 35
164962 83
164987 28
164987 116
165001 85
165046 114
165072 71
165104 97
165112 105
165141 121
165144 72
165150 95
165180 34
165207 93
165241 27
165255 33
165290 46
165333 72
165360 90
165394 74
165398 37
165424 7
165434 87
165442 35
165479 116
165481 66
165514 75
165545 76
165576 70
165583 85
165585 59
165616 74
165630 124
165636 125
165644 53
165687 89
165728 12
165728 27
165753 24
165788 39
165801 5
165831 49
165876 105
165881 13
165921 68
165954 99
165972 72
166012 111
166047 40
166085 62
166121 41
166142 115
166148 62
166152 7
166195 106
166222 25
166248 120
166270 61
166270 47
166297 122
166338 53
166380 53
166412 49
166452 22
166469 13
166511 108
166519 24
166526 123
166539 116
166557 83
166595 124
166624 89
166659 38
166701 110
166729 66
166767 86
166786 32
166800 102
166818 37
166819 13
166850 40
166863 72
166904 51
166948 94
166966 74
166978 85
167022 96
167049 118
167069 63
167079 107
167119 112
167151 88
167157 97
167200 3
167206 103
167231 119
167242 12
167267 30
167276 61
167312 80
167348 88
167385 3
167394 73
167438 22
167441 46
167464 51
167468 13
167507 65
167513 50
167532 109
167575 81
167579 35
167593 48
167607 110
167647 5
167679 116
167690 122
167732 85
167739 47
167774 52
167775 112
167806 12
167826 92
167840 83
167850 103
167874 91
167895 62
167925 33
167949 65
167973 105
167983 86
168011 50
168011 59
168032 20
168058 5
168062 105
168071 79
168072 54
168090 125
168132 82
168149 87
168165 20
168209 21
168226 80
168226 68
168234 61
168237 115
168269 16
168286 17
168302 115
168314 13
168324 94
168341 25
168351 18
168381 17
168418 11
168463 38
168508 60
168514 48
168556 44
168568 5
168604 43
168647 33
168677 76
168702 29
168721 57
168757 26
168788 28
168829 103
168833 113
168851 43
168876 107
168894 107
168912 59
168953 44
168997 119
169006 119
169020 17
169054 53
169090 44
169122 114
169153 29
169163 105
169180 30
169224 28
169229 7
169262 79
169275 85
169308 110
169330 18
169352 69
169363 27
169383 30
169423 19
169436 38
169454 95
169483 58
169512 108
169553 11
169575 110
169613 29
169636 50
169663 73
169695 35
169703 80
169725 11
169726 28
169735 43
169735 69
169743 85
169778 40
169815 100
169840 52
169879 118
169904 75
169924 97
169963 55
170006 30
170039 35
170071 91
170086 3
170093 54
170136 111
170180 60
170224 99
170232 81
170252 19
170266 31
170285 122
170299 60
170334 8
170343 24
170375 55
170404 100
170423 90
170427 88
170442 121
170454 56
170485 57
170521 26
170522 45
170553 39
170592 48
170620 109
170630 85
170640 75
170675 87
170691 67
170706 87
170737 31
170746 68
170749 7
170767 30
170780 73
170799 112
170816 127
170816 95
170847 68
170884 77
170899 83
170906 75
170923 52
170927 122
170959 19
170968 30
171005 66
171033 16
171048 78
171091 50
171096 113
171132 1
171176 28
171200 102
171206 57
171228 115
171267 60
171270 21
171270 99
171271 104
171281 119
171289 56
171332 106
171338 71
171374 78
171390 60
171430 24
171475 83
171516 25
171542 69
171547 110
171564 13
171580 88
171625 89
171642 35
171680 111
171696 65
171741 67
171782 58
171826 7
171839 43
171844 110
171874 48
171876 106
171903 104
171930 63
171932 97
171942 119
171967 16
171999 63
172036 123
172043 89
172077 19
172093 37
172105 105
172112 108
172133 94
172154 108
172196 70
172241 51
172252 64
172278 80
172315 114
172334 64
172339 80
172383 112
172407 9
172449 113
172490 26
172500 38
172520 92
172537 106
172547 8
172591 24
172617 43
172649 111
172680 50
172697 14
172715 15
172743 48
172788 102
172800 26
172810 110
172819 12
172852 65
172868 34
172901 47
172916 108
172933 14
172959 42
172996 16
173027 46
173047 53
173056 48
173089 113
173098 16
173130 107
173134 99
173152 112
173184 99
173205 101
173234 58
173278 1
173318 7
173353 15
173359 4
173383 6
173397 85
173433 115
173439 43
173477 82
173511 122
173513 52
173554 56
173561 83
173588 21
173626 88
173666 79
173687 71
173705 40
173743 27
173764 54
173779 43
173794 69
173802 21
173807 55
173833 72
173868 21
173905 76
173920 66
173937 79
173964 122
173976 77
173978 120
174020 38
174059 51
174087 96
174095 20
174101 97
174134 34
174141 123
174155 108
174176 62
174186 38
174217 63
174220 42
174236 30
174255 108
174279 46
174287 57
174327 91
174330 6
174354 5
174392 78
174433 27
174458 81
174467 105
174473 8
174508 71
174513 21
174520 60
174545 72
174588 103
174601 16
174641 20
174674 36
174702 109
174732 105
174737 98
174774 72
174777 32
174816 100
174844 68
174861 4
174896 9
174924 124
174958 85
174992 121
175022 29
175028 126
175057 22
175099 6
175109 18
175128 35
175169 58
175185 52
175190 35
175228 82
175263 117
175276 61
175299 112
175304 65
175309 127
175321 37
175351 9
175385 28
175388 89
175395 118
175437 28
175440 71
175455 113
175476 83
175513 58
175513 71
175518 94
175559 17
175592 92
175624 53
175652 74
175696 116
175707 76
175723 111
175767 45
175772 78
175787 27
175791 30
175835 127
175842 90
175871 6
175889 97
175921 57
175933 64
175957 34
175972 48
175977 54
175986 85
175999 21
175999 1
176019 37
176045 91
176051 49
176056 123
176060 85
176091 49
176124 49
176146 92
176159 90
176198 4
176235 27
176236 7
176238 127
176252 121
176295 59
176298 29
176336 118
176365 17
176372 35
176413 107
176448 72
176458 79
176502 6
176521 22
176561 73
176592 94
176612 122
176642 79
176669 14
176679 105
176688 57
176723 20
176735 34
176769 37
176787 59
176799 11
176829 102
176869 67
176878 104
176913 104
176929 106
176952 31
176981 4
176994 58
177032 121
177060 83
177104 99
177144 92
177166 19
177186 46
177216 111
177229 3
177243 95
177267 122
177267 20
177277 102
177279 86
177293 7
177326 115
177332 106
177354 29
177387 127
177416 107
177446 71
177482 90
177503 71
177510 114
177542 100
177587 122
177620 74
177623 96
177637 9
177653 113
177675 69
177682 126
177694 20
177705 88
177710 7
177724 124
177749 14
177790 116
177815 92
177818 22
177827 32
177836 70
177846 25
177891 114
177920 9
177922 14
177933 11
177966 53
177989 71
178013 32
178016 98
178031 49
178072 86
178098 70
178109 106
178152 26
178164 2
178185 37
178225 42
178246 81
178267 89
178286 64
178286 74
178293 76
178316 116
178354 9
178397 67
178411 99
178435 74
178441 122
178466 31
178496 93
178535 54
178577 19
178581 83
178620 52
178632 99
178648 110
178680 75
178720 57
178750 25
178759 106
178769 29
178807 119
178837 111
178860 23
178869 98
178903 27
178934 75
178959 122
178967 71
178986 65
179030 120
179039 108
179041 103
179047 97
179062 62
179078 49
179112 5
179136 15
179173 25
179194 28
179198 41
179217 78
179217 126
179231 30
179263 107
179276 114
179291 102
179308 98
179334 103
179365 33
179374 2
179387 11
179415 19
179421 13
179430 65
179471 79
179482 26
179518 111
179531 36
179568 116
179590 73
179630 38
179661 102
179684 35
179691 39
179693 4
179708 123
179730 89
179742 30
179770 48
179780 109
179812 56
179812 111
179831 14
179854 90
179897 96
179941 48
179956 115
179969 127
179988 19
180012 113
180028 100
180054 45
180083 55
180112 5
180146 105
180149 74
180168 104
180181 3
180193 40
180195 124
180202 38
180241 25
180285 127
180308 104
180321 52
180343 2
180360 10
180390 75
180410 93
180441 103
180444 65
180478 122
180500 20
180537 5
180545 21
180588 15
180614 62
180614 45
180617 32
180645 107
180651 66
180658 56
180681 37
180714 44
180757 113
180802 69
180822 1
180844 69
180887 47
180929 19
180937 101
180949 54
180989 22
181027 126
181070 8
181100 122
181111 114
181148 27
181164 49
181207 107
181228 2
181262 43
181273 103
181276 45
181287 26
181327 46
181329 98
181374 20
181403 96
181446 41
181459 73
181489 43
181523 115
181534 107
181543 60
181564 49
181597 16
181612 34
181636 56
181662 127
181677 51
181717 70
181743 72
181759 111
181762 20
181766 52
181778 41
181820 21
181840 30
181858 120
181889 71
181913 78
181925 22
181954 103
181972 33
181993 109
181998 26
182010 45
182053 82
182057 63
182070 104
182085 71
182088 51
182129 85
182155 20
182174 71
182196 49
182236 101
182252 79
182277 41
182277 68
182306 101
182307 32
182314 116
182323 9
182344 41
182357 105
182360 117
182371 59
182373 61
182413 102
182432 39
182446 88
182458 4
182497 99
182527 48
182535 84
182560 47
182602 105
182617 86
182630 41
182648 59
182681 71
182717 38
182719 33
182724 35
182734 23
182775 86
182797 64
182829 17
182852 78
182871 20
182881 97
182914 41
182921 73
182942 100
182983 101
183016 27
183025 73
183052 17
183065 20
183065 54
183074 59
183102 125
183119 27
183147 90
183162 72
183169 22
183182 12
183203 49
183211 119
183248 111
183265 12
183308 15
183312 13
183343 97
183371 42
183416 35
183456 65
183500 52
183503 73
183538 124
183558 50
183580 125
183621 94
183664 112
183672 123
183678 43
183704 22
183706 3
183714 8
183717 25
183758 27
183802 35
183819 67
183826 96
183846 7
183857 71
183860 66
183876 71
183888 84
183907 15
183925 35
183948 72
183989 22
184015 18
184051 78
184054 52
184094 16
184121 55
184121 63
184125 42
184151 113
184188 25
184205 24
184247 79
184276 82
184283 118
184289 7
184304 39
184334 81
184357 90
184393 103
184416 88
184430 16
184440 54
184444 84
184451 76
184469 10
184472 14
184490 7
184516 16
184540 67
184579 99
184599 69
184630 115
184645 50
184652 21
184689 54
184693 121
184733 3
184750 20
184762 110
184785 97
184814 81
184853 108
184853 72
184894 24
184906 37
184936 37
184963 18
185005 14
185032 90
185046 42
185080 111
185081 112
185083 115
185087 42
185094 77
185134 42
185177 105
185188 37
185213 7
185255 53
185267 14
185288 2
185288 12
185311 7
185341 32
185371 63
185396 15
185426 100
185437 59
185453 98
185462 82
185469 62
185481 83
185488 40
185518 29
185551 80
185589 65
185605 77
185622 19
185662 43
185706 107
185707 60
185724 39
185769 115
185810 51
185815 61
185843 22
185845 21
185886 95
185906 76
185908 103
185909 27
185933 48
185951 108
185968 91
185989 76
186027 3
186032 64
186048 104
186085 117
186085 38
186123 104
186126 10
186132 92
186158 111
186200 18
186224 28
186236 57
186254 125
186271 54
186304 51
186347 14
186356 37
186400 119
186436 6
186461 1
186464 94
186477 98
186492 10
186536 93
186539 127
186575 7
186577 56
186600 72
186629 7
186643 76
186684 74
186724 86
186749 82
186777 14
186789 123
186799 34
186833 82
186876 74
186889 52
186910 124
186951 66
186973 58
186985 24
187010 35
187016 17
187053 99
187094 80
187126 98
187146 48
187160 6
187189 25
187225 75
187227 49
187239 103
187262 70
187304 90
187331 50
187365 49
187379 99
187400 41
187433 110
187472 63
187508 46
187550 5
187567 95
187603 87
187645 104
187659 100
187670 67
187680 122
187715 113
187719 19
187743 104
187783 72
187823 20
187831 101
187853 85
187863 26
187864 74
187886 88
187911 34
187928 69
187941 100
187941 39
187978 37
188014 22
188048 77
188064 52
188089 57
188118 113
188152 71
188189 87
188215 87
188219 32
188263 37
188274 83
188277 69
188294 9
188310 19
188325 60
188328 93
188352 8
188355 32
188398 11
188416 57
188443 34
188452 116
188485 6
188500 51
188521 118
188547 29
188589 69
188615 116
188658 97
188702 58
188723 65
188723 44
188738 90
188778 69
188814 113
188835 53
188876 91
188921 39
188935 20
188954 108
188977 80
189014 18
189028 100
189037 91
189042 57
189042 74
189051 110
189051 59
189090 51
189123 5
189150 121
189162 10
189202 118
189203 15
189215 66
189221 108
189247 93
189288 16
189317 92
189345 19
189368 47
189399 90
189433 13
189446 44
189452 104
189481 108
189484 57
189507 3
189525 70
189561 116
189569 111
189593 53
189609 16
189631 2
189656 9
189659 101
189676 111
189677 95
189690 116
189698 10
189738 44
189753 28
189797 83
189798 89
189837 40
189871 8
189889 30
189920 17
189943 73
189973 105
190008 106
190014 94
190059 107
190061 1
190090 112
190117 68
190133 97
190148 43
190161 22
190185 123
190208 4
190248 20
190274 65
190275 16
190310 112
190339 103
190345 3
190362 82
190385 99
190396 25
190423 44
190438 98
190462 119
190472 114
190504 29
190524 6
190524 89
190564 41
190573 13
190575 82
190605 42
190628 16
190657 10
190689 9
190724 16
190727 10
190755 96
190787 63
190818 124
190827 79
190835 34
190859 10
190885 55
190907 32
190936 100
190948 13
190974 62
191016 124
191043 39
191054 95
191095 41
191109 76
191116 70
191118 61
191139 101
191141 55
191168 44
191199 51
191236 12
191254 30
191287 4
191310 74
191324 92
191368 85
191374 58
191413 49
191444 111
191484 47
191529 75
191563 69
191595 28
191604 24
191624 53
191641 33
191678 8
191690 107
191690 39
191717 82
191761 71
191793 29
191807 74
191847 10
191868 28
191880 117
191893 19
191902 33
191902 119
191907 13
191948 73
191984 86
192014 116
192030 63
192051 97
192080 9
192091 125
192115 105
192137 78
192175 79
192220 54
192237 16
192253 94
192292 4
192298 4
192301 14
192310 24
192322 56
192327 125
192332 110
192369 10
192398 82
192401 113
192416 56
192425 34
192437 18
192438 13
192439 37
192455 106
192497 49
192517 52
192560 25
192575 116
192613 21
192656 63
192656 11
192693 92
192732 73
192733 122
192753 83
192773 109
192806 66
192823 117
192868 69
192876 13
192921 53
192924 121
192928 19
192940 92
192949 80
192953 36
192965 120
192971 15
192993 93
193030 115
193031 88
193062 70
193105 104
193133 24
193151 47
193167 71
193167 110
193177 26
193215 58
193246 37
193277 120
193308 88
193321 40
193350 49
193369 84
193373 35
193381 86
193412 105
193432 63
193442 9
193462 60
193479 27
193498 68
193507 116
193542 36
193553 73
193575 98
193619 119
193636 46
193665 52
193699 93
193742 82
193748 91
193766 48
193768 57
193778 63
193791 32
193798 124
193799 38
193839 114
193856 47
193863 84
193880 41
193924 16
193944 112
193957 28
193978 100
193988 113
193998 77
194038 81
194076 69
194113 95
194119 36
194138 40
194181 117
194212 25
194217 89
194237 111
194264 110
194305 3
194318 25
194344 19
194378 62
194421 44
194443 30
194463 36
194466 107
194491 3
194493 111
194525 13
194540 43
194568 81
194568 87
194569 97
194605 40
194611 30
194624 23
194655 1
194661 13
194683 18
194720 73
194738 89
194769 53
194776 32
194789 8
194798 107
194833 107
194838 25
194839 106
194867 11
194895 118
194914 76
194953 54
194976 106
194980 65
195007 95
195027 42
195053 25
195071 11
195087 59
195129 65
195150 23
195170 103
195210 117
195229 57
195273 44
195310 13
195338 29
195370 47
195398 126
195426 3
195434 32
195459 52
195472 70
195489 62
195515 23
195537 67
195538 31
195554 107
195587 35
195593 102
195628 94
195648 74
195679 109
195713 127
195750 77
195768 107
195791 127
195810 106
195810 92
195831 109
195870 59
195893 81
195897 8
195900 8
195908 11
195943 113
195959 75
195999 73
196037 37
196044 26
196076 118
196079 5
196084 52
196124 29
196158 10
196159 95
196204 84
196231 68
196248 53
196273 72
196293 59
196335 98
196360 112
196403 112
196418 3
196431 107
196445 16
196445 69
196456 52
196468 67
196474 59
196506 119
196506 100
196525 43
196566 10
196596 3
196628 61
196638 10
196661 79
196676 89
196686 45
196731 59
196766 54
196807 54
196850 27
196886 63
196918 122
196959 77
196969 22
196979 81
197008 84
197029 36
197051 33
197057 42
197084 32
197123 36
197124 81
197144 38
197166 14
197206 108
197244 57
197259 85
197271 77
197277 64
197322 113
197366 122
197408 78
197431 67
197434 2
197478 112
197504 104
197549 38
197591 41
197626 100
197638 14
197679 126
197690 106
197730 64
197775 10
197817 37
197847 120
197849 84
197883 114
197912 8
197923 56
197964 82
197964 119
197973 49
198013 34
198043 102
198077 123
198084 46
198106 21
198129 41
198144 36
198173 12
198211 76
198246 112
198250 89
198282 84
198303 16
198318 121
198363 31
198388 123
198403 28
198432 6
198435 37
198436 95
198452 67
198488 100
198512 123
198557 42
198568 47
198579 49
198613 123
198629 107
198656 109
198662 8
198700 95
198731 72
198775 115
198815 26
198833 75
198836 13
198849 56
198865 59
198886 106
198904 59
198916 49
198936 99
198969 121
198974 83
198988 30
199020 39
199030 23
199063 24
199094 102
199119 33
199127 19
199144 91
199175 82
199179 42
199213 14
199222 119
199267 108
199278 30
199313 82
199313 121
199323 34
199364 49
199391 55
199414 12
199424 89
199436 2
199440 122
199440 37
199454 29
199480 87
199504 77
199525 79
199566 38
199585 56
199622 120
199667 62
199702 124
199723 46
199738 53
199762 33
199764 20
199802 91
199819 81
199819 81
199829 11
199840 11
199874 86
199880 94
199890 4
199892 69
199911 111
199911 111
199924 127
199939 31
199966 44
199997 99
200004 23
200009 6
200043 101
200086 103
200093 112
200111 60
200138 79
200149 96
200178 11
200204 49
200204 127
200240 101
200272 97
200282 105
200306 75
200309 28
200344 40
200376 4
200388 116
200392 64
200409 66
200428 31
200445 49
200453 95
200479 62
200481 84
200491 120
200526 11
200560 113
200569 15
200598 81
200611 59
200645 24
200647 10
200670 37
200688 18
200724 67
200766 28
200780 20
200809 48
200828 13
200833 60
200863 94
200870 53
200901 54
200937 40
200945 105
200963 110
200966 65
200993 59
201005 30
201026 91
201056 98
201082 68
201099 65
201144 75
201144 49
201146 121
201191 56
201195 93
201196 118
201233 57
201271 125
201285 84
201300 4
201324 71
201325 79
201362 11
201403 28
201411 4
201414 95
201456 8
201493 63
201538 27
201570 4
201594 31
201620 49
201658 70
201681 127
201724 93
201730 123
201751 96
201774 53
201805 36
201828 110
201844 77
201857 95
201860 21
201902 89
201934 1
201948 104
201979 17
201979 22
201985 123
201993 69
202025 76
202065 52
202105 116
202109 92
202123 35
202155 32
202199 100
202211 126
202255 77
202288 9
202308 117
202341 29
202369 103
202382 124
202418 106
202459 21
202477 28
202522 59
202553 54
202598 107
202640 6
202660 107
202701 55
202723 36
202734 111
202764 6
202802 94
202805 18
202806 127
202812 55
202851 26
202870 104
202887 24
202892 72
202936 48
202943 4
202980 19
203010 76
203026 78
203049 105
203069 122
203114 84
203155 96
203182 48
203182 38
203201 92
203207 28
203222 121
203239 10
203256 80
203293 93
203304 58
203310 6
203352 36
203372 89
203414 59
203443 48
203479 9
203496 49
203525 85
203528 69
203529 20
203538 80
203564 103
203576 3
203580 21
203591 71
203600 108
203613 85
203640 113
203657 31
203677 93
203722 11
203727 76
203729 94
203732 31
203769 97
203802 89
203846 14
203860 13
203887 14
203923 91
203962 110
203991 42
204015 43
204015 43
204052 112
204084 110
204105 97
204122 126
204131 85
204141 68
204148 109
204161 16
204188 13
204197 58
204200 43
204226 49
204244 127
204280 69
204282 93
204299 6
204310 37
204348 67
204362 20
204368 51
204392 120
204436 71
204449 74
204449 68
204494 41
204536 98
204572 51
204592 11
204614 124
204651 58
204663 114
204696 65
204726 12
204737 4
204739 54
204778 41
204784 1
204816 44
204816 120
204819 39
204848 41
204882 28
204927 8
204952 31
204991 105
205029 68
205061 54
205074 58
205084 72
205100 62
205130 28
205138 41
205160 82
205186 27
205224 40
205242 40
205276 112
205301 104
205333 9
205372 71
205403 55
205442 18
205462 17
205507 35
205530 110
205574 102
205589 6
205605 6
205615 45
205628 8
205647 12
205660 91
205694 121
205739 25
205780 91
205783 22
205800 38
205811 59
205855 37
205858 6
205881 78
205898 125
205904 72
205915 85
205960 41
205983 53
205983 37
205995 8
206002 83
206017 80
206050 44
206055 35
206081 87
206096 127
206103 83
206136 3
206168 112
206212 83
206242 72
206257 74
206290 82
206293 53
206311 22
206312 120
206324 35
206330 110
206354 44
206383 43
206386 55
206420 101
206458 18
206497 116
206521 123
206554 61
206590 55
206598 84
206613 98
206613 96
206622 77
206648 90
206664 75
206691 3
206701 64
206702 3
206725 66
206761 37
206804 127
206819 80
206857 48
206898 16
206939 36
206974 121
207001 66
207002 94
207005 92
207036 27
207054 17
207064 26
207066 63
207073 78
207107 76
207131 20
207159 123
207190 52
207223 42
207238 80
207266 118
207309 87
207315 45
207342 64
207359 59
207367 3
207399 23
207431 8
207474 115
207477 97
207511 27
207533 110
207565 67
207601 108
207640 6
207684 50
207720 70
207744 79
207785 90
207786 49
207829 6
207838 8
207870 111
207907 45
207950 70
207951 82
207960 3
207985 60
208011 73
208036 50
208060 34
208075 11
208110 49
208110 2
208122 106
208138 87
208139 39
208150 2
208179 78
208182 35
208216 115
208245 34
208281 57
208292 96
208302 116
208326 9
208342 116
208368 46
208370 10
208410 102
208412 27
208426 116
208446 99
208485 26
208519 113
208556 111
208561 118
208598 102
208638 111
208649 22
208667 39
208695 86
208704 30
208712 14
208753 100
208764 27
208781 93
208824 43
208867 25
208908 14
208909 69
208944 13
208973 115
209000 92
209006 84
209026 83
209036 10
209042 29
209087 47
209130 67
209134 89
209159 7
209168 103
209168 5
209202 113
209218 18
209250 117
209293 24
209325 16
209344 60
209370 124
209395 28
209398 81
209418 23
209451 9
209461 10
209465 40
209496 108
209527 28
209554 61
209575 108
209599 101
209643 97
209657 48
209677 30
209716 112
209758 107
209783 101
209809 73
209850 88
209886 84
209920 101
209944 46
209958 4
209994 123
210014 2
210040 7
210053 20
210097 57
210134 1
210159 68
210163 89
210175 35
210202 66
210239 11
210242 49
210278 65
210286 111
210300 101
210344 112
210387 63
210397 61
210407 123
210429 31
210462 38
210477 59
210519 31
210531 37
210559 105
210559 64
210601 97
210603 88
210630 11
210654 84
210668 39
210692 87
210700 49
210739 76
210749 63
210764 121
210779 116
210798 99
210808 40
210812 60
210822 113
210841 104
210859 124
210859 48
210896 26
210919 7
210964 15
211002 28
211033 62
211045 24
211083 60
211092 45
211134 10
211136 29
211145 7
211169 122
211210 62
211219 3
211238 28
211249 82
211263 67
211275 92
211318 92
211357 121
211388 52
211392 54
211420 110
211458 73
211479 41
211484 7
211503 5
211548 106
211565 16
211572 18
211599 116
211604 47
211624 38
211654 104
211658 116
211683 46
211708 42
211708 124
211713 98
211751 63
211758 1
211798 107
211812 6
211825 108
211846 83
211848 104
211875 92
211875 39
211911 102
211914 3
211941 119
211974 61
211974 95
211974 8
211986 107
212001 1
212035 34
212043 121
212088 72
212114 90
212120 65
212142 63
212174 103
212178 112
212206 90
212213 78
212224 88
212245 92
212285 38
212327 12
212336 97
212363 28
212371 61
212390 80
212391 121
212405 56
212409 19
212447 93
212447 74
212456 25
212495 102
212520 91
212528 48
212533 110
212564 11
212601 2
212603 93
212613 37
212654 83
212678 60
212682 10
212719 18
212735 21
212741 84
212780 32
212819 114
212833 68
212863 46
212863 99
212886 67
212892 116
212902 79
212935 46
212964 112
213001 87
213020 31
213053 120
213072 34
213114 32
213119 30
213135 95
213145 104
213166 4
213201 109
213204 60
213241 46
213285 90
213326 39
213343 69
213369 106
213413 76
213418 4
213432 51
213440 20
213468 81
213499 119
213506 81
213548 70
213575 34
213612 43
213648 35
213665 3
213704 125
213740 90
213763 67
213799 110
213814 123
213818 18
213849 59
213883 54
213895 55
213930 35
213969 52
213986 5
214012 119
214022 99
214052 87
214085 36
214124 114
214166 19
214209 37
214210 81
214247 39
214256 107
214261 37
214276 117
214288 14
214317 46
214354 84
214360 1
214384 39
214406 105
214425 119
214464 9
214495 120
214513 115
214540 82
214561 11
214587 127
214601 12
214615 44
214634 7
214656 68
214697 1
214708 78
214725 23
214728 28
214734 63
214735 69
214758 106
214762 1
214769 68
214785 21
214804 125
214828 107
214846 23
214849 22
214879 97
214896 63
214940 117
214973 124
215006 111
215043 26
215064 61
215089 59
215133 103
215171 80
215200 8
215217 72
215234 79
215247 66
215281 52
215317 88
215352 30
215368 4
215412 18
215425 31
215438 77
215454 21
215494 116
215534 48
215544 28
215562 55
215573 5
215605 101
215643 117
215654 22
215681 21
215700 51
215723 13
215749 58
215766 97
215774 20
215797 74
215810 24
215817 81
215823 2
215825 25
215844 80
215883 82
215918 118
215933 120
215971 37
215977 70
215988 107
216010 108
216019 125
216024 9
216036 51
216056 72
216081 7
216098 79
216115 85
216119 85
216138 95
216178 45
216198 53
216200 74
216209 96
216231 80
216264 119
216291 80
216302 98
216334 34
216373 28
216394 88
216397 37
216414 112
216438 87
216461 45
216489 39
216513 117
216553 50
216572 39
216616 105
216636 54
216677 48
216719 110
216753 20
216782 28
216801 65
216821 17
216838 72
216858 117
216895 77
216932 62
216951 1
216983 6
216985 23
217025 67
217029 68
217029 17
217042 87
217057 51
217078 14
217090 33
217132 64
217177 123
217184 80
217196 58
217232 126
217241 43
217258 106
217266 8
217306 109
217315 101
217347 27
217347 105
217361 6
217377 34
217388 29
217425 86
217443 79
217471 90
217475 113
217496 80
217532 68
217546 124
217550 57
217586 20
217614 37
217654 71
217668 116
217677 103
217679 117
217705 82
217722 36
217757 12
217775 25
217802 111
217818 30
217854 59
217889 43
217931 68
217938 52
217975 33
218019 105
218022 116
218041 21
218058 117
218074 121
218097 16
218097 100
218110 11
218132 69
218170 11
218190 39
218233 125
218265 62
218292 101
218319 18
218341 119
218346 56
218348 114
218384 24
218418 46
218440 125
218480 118
218512 44
218546 17
218558 33
218589 101
218602 108
218626 72
218638 63
218643 29
218677 47
218685 124
218717 24
218724 66
218765 85
218772 57
218802 35
218847 80
218888 47
218898 15
218931 51
218956 13
218993 78
219006 94
219031 49
219055 61
219093 45
219125 33
219170 75
219200 80
219216 6
219256 111
219259 78
219289 36
219312 84
219336 41
219349 14
219392 36
219395 79
219407 20
219410 10
219442 26
219478 115
219488 9
219501 13
219528 78
219556 120
219592 43
219607 43
219643 4
219648 99
219683 36
219699 29
219716 49
219745 17
219785 101
219789 3
219792 21
219795 74
219801 112
219823 100
219864 57
219881 95
219885 88
219916 51
219925 4
219953 29
219957 5
219977 26
219997 64
220019 33
220024 18
220063 4
220086 17
220101 124
220104 16
220138 71
220138 122
220168 32
220203 18
220209 67
220221 104
220236 112
220281 64
220290 122
220315 43
220327 51
220344 45
220387 121
220427 107
220448 86
220466 37
220488 113
220519 87
220529 59
220541 72
220575 30
220590 10
220604 36
220618 76
220631 6
220649 34
220661 82
220670 81
220706 3
220743 44
220777 66
220807 28
220851 22
220869 14
220910 85
220946 46
220957 71
220981 92
220986 7
220988 83
220996 124
221024 82
221037 32
221047 96
221047 74
221078 13
221096 104
221109 12
221116 3
221156 14
221162 105
221180 38
221207 117
221210 94
221224 112
221266 7
221297 79
221312 69
221325 117
221354 43
221378 16
221414 19
221423 25
221439 62
221442 120
221469 3
221510 37
221513 90
221556 122
221579 96
221600 11
221603 70
221606 100
221641 33
221644 56
221672 42
221704 8
221711 91
221745 107
221758 22
221786 103
221831 40
221838 120
221878 119
221918 77
221930 109
221968 105
221992 99
222001 29
222021 80
222022 102
222024 8
222026 4
222060 63
222068 125
222101 12
222120 111
222124 117
222145 65
222187 120
222191 64
222192 18
222224 28
222235 44
222273 7
222289 30
222312 100
222332 54
222357 26
222400 120
222413 13
222415 102
222452 78
222468 125
222489 36
222509 19
222546 22
222563 121
222592 87
222592 13
222637 33
222638 70
222670 47
222689 98
222711 102
222730 55
222733 102
222756 49
222778 124
222813 13
222826 45
222851 97
222882 108
222894 72
222924 47
222936 26
222952 103
222983 40
222994 84
223028 11
