7 106
40 90
76 98
114 52
147 124
174 94
201 116
228 21
267 36
279 4
291 77
323 83
347 28
370 124
403 80
404 124
426 25
454 57
488 112
510 99
535 41
539 108
543 90
544 103
581 31
584 60
587 47
624 35
634 73
646 14
666 89
670 87
676 67
679 16
695 114
722 98
727 37
764 90
787 85
822 96
839 115
852 19
888 58
890 86
928 23
945 106
965 26
989 42
1014 82
1047 103
1079 12
1114 107
1153 102
1192 32
1205 25
1235 95
1280 22
1320 60
1351 29
1368 92
1368 8
1402 49
1425 16
1455 107
1498 42
1537 2
1560 27
1589 16
1612 93
1633 110
1648 74
1683 79
1720 45
1745 22
1789 25
1821 123
1860 68
1886 30
1927 116
1953 56
1986 50
1988 73
2020 54
2065 81
2072 125
2092 39
2097 58
2105 81
2139 15
2151 12
2174 77
2218 110
2262 125
2271 6
2293 35
2310 126
2355 118
2390 11
2399 81
2421 60
2424 70
2429 61
2430 4
2459 77
2492 43
2496 109
2508 65
2511 13
2535 95
2557 45
2601 37
2619 91
2647 50
2660 1
2696 91
2698 60
2713 106
2736 7
2745 86
2771 44
2772 24
2802 27
2832 43
2860 124
2879 68
2906 122
2923 25
2928 43
2949 26
2984 42
3024 47
3042 50
3064 24
3075 1
3117 87
3126 77
3152 78
3159 84
3178 68
3216 4
3221 82
3223 113
3256 48
3290 76
3310 34
3329 94
3364 65
3384 42
3413 70
3437 23
3440 24
3454 124
3482 57
3495 90
3500 47
3521 48
3543 27
3559 47
3573 105
3588 20
3626 98
3650 47
3650 59
3664 103
3692 49
3710 79
3736 18
3743 112
3751 39
3789 15
3792 83
3823 41
3844 41
3878 51
3884 117
3884 124
3928 24
3968 18
4007 99
4043 116
4080 18
4082 101
4109 65
4131 74
4146 22
4185 101
4190 50
4200 56
4205 12
4220 123
4230 15
4230 18
4252 9
4288 121
4292 40
4294 10
4296 29
4298 115
4333 85
4350 66
4377 50
4416 43
4427 51
4465 118
4486 64
4498 37
4530 85
4574 120
4598 94
4618 61
4630 6
4632 65
4655 37
4683 126
4686 109
4731 14
4735 67
4769 56
4813 34
4824 63
4853 77
4884 66
4898 24
4934 77
4953 6
4954 38
4992 3
4994 31
4996 62
5021 104
5066 125
5085 55
5127 107
5127 22
5162 72
5197 79
5216 49
5226 22
5247 46
5266 122
5274 93
5317 70
5339 48
5353 60
5363 57
5384 97
5409 15
5442 27
5487 62
5531 69
5572 104
5583 21
5620 127
5660 71
5670 113
5686 13
5721 19
5739 78
5775 125
5777 91
5800 51
5800 102
5821 111
5835 107
5842 14
5887 17
5890 22
5910 67
5923 18
5935 121
5952 40
5981 12
6005 5
6026 120
6039 61
6072 88
6104 120
6147 25
6185 40
6203 100
6248 63
6252 111
6279 84
6311 4
6314 127
6359 101
6377 83
6408 32
6452 125
6471 48
6490 32
6527 76
6549 5
6570 5
6595 22
6613 76
6642 68
6653 19
6658 32
6680 103
6720 34
6721 105
6727 36
6741 50
6751 90
6790 89
6796 12
6837 29
6840 24
6883 98
6907 59
6915 22
6933 110
6960 99
6963 45
6988 8
7018 86
7053 22
7070 120
7088 55
7114 49
7130 101
7165 26
7194 78
7220 12
7242 86
7257 3
7300 45
7311 64
7339 79
7350 23
7363 120
7395 84
7426 112
7469 127
7504 26
7505 45
7532 47
7555 125
7556 109
7584 95
7607 48
7630 41
7639 41
7651 91
7666 37
7688 53
7691 33
7724 60
7766 16
7783 71
7824 88
7836 26
7847 50
7849 101
7851 26
7896 57
7905 101
7915 21
7937 106
7939 123
7971 16
8009 32
8020 58
8051 109
8055 83
8073 22
8085 13
8114 36
8158 106
8186 106
8226 32
8249 43
8270 64
8308 4
8334 57
8360 113
8364 11
8397 12
8434 11
8473 58
8489 78
8497 58
8527 71
8557 9
8591 19
8617 20
8660 58
8677 94
8691 97
8728 22
8741 46
8779 88
8819 95
8853 121
8867 59
8893 102
8906 110
8927 107
8946 117
8972 59
8986 52
8998 126
9039 35
9065 1
9071 56
9114 126
9135 113
9135 97
9158 13
9186 68
9220 16
9242 39
9244 62
9246 57
9271 79
9315 25
9332 116
9340 8
9355 46
9381 115
9397 19
9425 68
9427 99
9428 98
9458 57
9465 105
9509 14
9550 44
9586 16
9615 58
9631 23
9675 12
9695 34
9720 12
9756 86
9765 30
9787 65
9817 51
9843 82
9859 2
9889 96
9902 85
9910 58
9916 56
9918 55
9933 21
9975 76
9984 74
10013 30
10019 67
10033 60
10077 10
10110 44
10125 26
10150 6
10169 101
10189 61
10230 53
10252 25
10285 122
10316 72
10344 53
10381 12
10413 82
10456 10
10491 36
10524 32
10528 119
10557 8
10602 1
10622 79
10662 101
10689 97
10708 21
10732 57
10741 36
10759 27
10803 40
10840 126
10885 45
10910 33
10922 110
10929 52
10943 76
10946 22
10972 32
10993 47
11015 23
11029 123
11056 48
11057 76
11058 19
11078 66
11086 120
11098 36
11100 63
11138 40
11148 83
11188 120
11206 116
11212 88
11254 12
11257 2
11293 3
11323 117
11353 72
11360 3
11401 127
11401 111
11442 123
11471 91
11489 17
11505 58
11532 99
11561 52
11601 47
11646 65
11646 109
11686 69
11707 85
11723 123
11752 39
11769 122
11779 57
11810 124
11815 52
11855 84
11883 34
11928 50
11968 2
12007 119
12036 50
12053 73
12087 111
12128 36
12149 101
12181 27
12191 9
12222 42
12226 10
12227 3
12237 109
12243 22
12279 48
12283 107
12328 28
12332 123
12374 95
12409 13
12443 104
12485 28
12487 92
12526 43
12537 85
12564 24
12574 51
12617 98
12640 97
12654 5
12681 7
12713 90
12745 25
12766 48
12769 70
12803 48
12816 36
12846 107
12863 116
12872 80
12903 64
12942 51
12965 105
12992 81
13034 33
13072 124
13100 81
13116 84
13154 55
13186 18
13188 103
13229 4
13245 41
13245 34
13268 91
13309 89
13341 6
13371 107
13380 104
13394 70
13411 57
13436 2
13457 81
13464 48
13472 51
13476 113
13493 71
13536 84
13549 117
13575 7
13599 120
13644 13
13659 75
13687 41
13697 35
13733 80
13744 85
13762 59
13788 44
13801 61
13833 113
13854 42
13874 28
13911 87
13929 75
13950 119
13973 24
14009 26
14045 116
14055 120
14090 116
14102 4
14113 122
14126 107
14170 53
14178 127
14184 2
14204 11
14237 69
14281 102
14300 80
14330 87
14375 81
14380 54
14403 67
14442 23
14481 39
14508 81
14517 89
14527 120
14563 42
14580 113
14583 27
14584 90
14607 63
14650 110
14687 121
14712 41
14739 76
14746 99
14789 64
14818 34
14854 21
14896 45
14927 89
14932 25
14948 119
14981 17
14996 88
15002 10
15027 94
15048 39
15071 15
15089 2
15115 70
15160 13
15161 29
15185 59
15216 96
15220 73
15224 73
15268 3
15287 15
15292 85
15335 56
15358 77
15391 34
15435 33
15454 11
15498 37
15539 28
15573 67
15616 22
15648 121
15667 95
15677 108
15721 63
15728 106
15733 126
15752 76
15765 17
15791 33
15814 86
15817 121
15834 103
15856 57
15871 127
15872 48
15909 25
15943 64
15973 89
15998 65
16005 7
16009 101
16047 74
16075 39
16116 57
16135 61
16158 6
16166 26
16190 18
16206 49
16235 114
16278 34
16284 114
16303 19
16321 32
16357 67
16399 105
16411 50
16453 51
16475 85
16485 52
16513 47
16542 26
16570 15
16607 85
16617 47
16662 85
16681 10
16685 77
16713 2
16755 12
16785 117
16811 116
16847 48
16852 80
16868 71
16899 80
16908 125
16917 59
16926 26
16962 25
17002 57
17035 5
17037 107
17063 73
17073 54
17102 31
17146 16
17153 96
17163 48
17194 112
17220 2
17252 55
17254 73
17268 80
17274 51
17295 85
17336 108
17381 124
17402 55
17426 12
17447 101
17480 56
17513 104
17514 126
17557 93
17557 53
17568 83
17595 29
17628 105
17629 53
17633 102
17633 10
17636 53
17676 28
17689 52
17719 117
17744 51
17757 107
17778 49
17793 65
17810 87
17854 97
17870 75
17907 81
17917 72
17941 96
17973 66
17985 89
17996 86
18013 20
18042 34
18063 115
18067 23
18086 56
18103 5
18142 79
18160 66
18179 121
18201 89
18221 98
18228 5
18235 25
18242 2
18246 26
18271 34
18276 56
18277 34
18304 67
18323 31
18365 47
18386 125
18420 53
18423 100
18441 23
18445 44
18461 22
18464 50
18493 3
18509 115
18531 39
18543 86
18553 126
18561 71
18580 104
18596 63
18601 53
18639 30
18648 72
18680 110
18691 115
18704 40
18746 77
18790 107
18791 74
18805 35
18839 31
18863 64
18899 53
18939 91
18959 73
18971 15
18973 107
18997 104
19005 62
19005 117
19050 67
19068 70
19069 58
19104 97
19144 88
19186 25
19199 51
19244 10
19253 109
19269 89
19311 15
19340 99
19358 13
19402 25
19417 73
19418 17
19437 83
19461 106
19506 67
19526 109
19536 84
19561 91
19594 71
19611 55
19614 5
19658 10
19687 3
19713 119
19738 103
19758 40
19790 15
19823 62
19826 57
19828 29
19848 113
19884 120
19907 94
19923 16
19947 97
19979 99
19989 35
20000 12
20015 58
20016 6
20059 17
20064 112
20082 43
20084 99
20099 6
20103 98
20138 1
20153 121
20183 48
20197 35
20204 64
20204 43
20213 94
20245 57
20272 87
20274 82
20279 94
20288 41
20321 111
20325 60
20353 120
20358 73
20370 124
20379 89
20409 22
20410 18
20415 22
20460 75
20488 12
20494 41
20513 8
20554 27
20596 87
20615 92
20648 118
20651 9
20676 17
20683 36
20712 99
20756 53
20797 53
20815 121
20857 79
20880 117
20892 98
20922 107
20947 111
20983 4
20983 77
21003 70
21033 41
21066 36
21100 94
21127 41
21134 125
21138 74
21179 17
21186 107
21230 103
21260 82
21300 120
21301 115
21336 69
21343 19
21355 1
21380 73
21410 105
21414 113
21424 29
21445 84
21454 40
21487 2
21530 21
21537 100
21571 81
21605 57
21639 58
21673 101
21708 94
21720 125
21753 84
21784 60
21787 57
21807 84
21807 69
21847 24
21890 65
21927 95
21971 82
22013 121
22038 11
22041 50
22056 84
22096 45
22139 116
22182 101
22207 21
22242 25
22281 30
22307 53
22343 73
22347 59
22392 42
22394 105
22423 17
22448 33
22481 14
22509 9
22520 100
22542 78
22562 119
22594 44
22627 117
22639 82
22652 106
22654 47
22660 91
22682 47
22688 87
22704 9
22716 41
22727 110
22745 46
22772 47
22811 50
22814 107
22814 76
22835 21
22870 78
22894 4
22916 60
22953 22
22996 62
23022 17
23040 18
23055 78
23098 93
23137 51
23146 31
23191 38
23233 75
23267 124
23286 96
23328 6
23343 94
23349 119
23376 110
23417 3
23451 33
23456 104
23468 9
23477 36
23504 99
23529 26
23571 103
23605 119
23626 18
23661 51
23691 44
23708 19
23729 68
23747 84
23786 102
23807 78
23850 83
23894 74
23911 55
23948 66
23985 82
24004 81
24033 62
24044 120
24087 123
24132 17
24146 37
24180 12
24221 68
24234 57
24263 5
24290 119
24317 50
24349 77
24357 80
24387 119
24430 51
24460 84
24465 119
24509 9
24543 32
24553 87
24578 31
24578 8
24619 117
24642 127
24663 20
24669 123
24677 82
24721 24
24757 39
24765 36
24806 94
24849 53
24865 30
24902 97
24906 76
24921 82
24956 112
24989 99
25003 38
25012 118
25044 126
25047 82
25088 91
25097 96
25101 66
25129 25
25150 122
25187 71
25195 36
25235 37
25258 54
25284 105
25314 88
25344 29
25373 80
25376 21
25396 109
25416 12
25453 43
25467 58
25470 7
25494 48
25507 25
25548 15
25587 102
25625 55
25647 16
25659 43
25702 92
25742 54
25745 27
25769 107
25810 120
25841 18
25849 103
25859 5
25881 86
25917 56
25954 112
25961 57
25980 56
25984 22
25999 23
26041 75
26052 59
26065 20
26079 73
26081 106
26107 26
26129 124
26132 109
26166 75
26172 88
26194 110
26236 103
26239 44
26269 124
26297 17
26322 51
26361 31
26371 34
26393 85
26437 28
26437 59
26471 118
26502 30
26526 49
26556 104
26579 104
26616 88
26621 51
26621 119
26624 65
26664 56
26707 52
26717 117
26741 59
26745 90
26770 89
26781 69
26820 84
26854 8
26899 57
26904 60
26928 8
26933 45
26951 103
26959 99
26993 67
27016 85
27041 10
27081 47
27113 89
27122 35
27144 87
27182 16
27183 94
27226 74
27263 104
27302 46
27312 68
27347 11
27362 71
27374 44
27399 123
27401 61
27426 66
27470 37
27475 108
27476 114
27484 15
27504 63
27535 120
27570 65
27593 46
27636 63
27640 101
27673 62
27685 9
27725 117
27746 58
27747 86
27783 93
27790 102
27811 66
27821 83
27861 119
27887 55
27910 61
27951 54
27991 15
27998 23
28002 33
28011 101
28054 61
28081 11
28111 27
28147 57
28152 104
28180 26
28210 16
28242 17
28270 55
28297 13
28320 31
28329 29
28363 81
28375 103
28387 57
28427 53
28471 44
28474 64
28494 34
28519 25
28541 30
28549 90
28573 105
28616 5
28634 126
28673 27
28701 86
28727 40
28738 109
28747 73
28757 114
28757 110
28767 17
28780 104
28809 76
28846 77
28872 117
28874 53
28878 113
28919 37
28933 45
28951 100
28964 76
29001 94
29021 20
29034 83
29040 1
29084 21
29098 14
29106 60
29129 115
29165 74
29200 30
29239 110
29264 5
29285 76
29293 7
29300 118
29312 54
29342 7
29342 113
29374 1
29393 71
29433 76
29459 111
29482 67
29494 103
29495 87
29521 17
29523 85
29536 119
29566 57
29594 43
29622 68
29647 8
29655 90
29682 6
29686 104
29691 65
29691 89
29693 110
29696 46
29719 37
29731 18
29761 60
29800 119
29800 127
29830 54
29861 126
29866 96
29890 88
29899 39
29939 57
29979 35
29990 88
30020 34
30041 26
30066 104
30076 118
30114 14
30149 80
30162 80
30202 27
30232 29
30239 35
30256 91
30288 107
30319 123
30363 8
30374 28
30395 66
30410 106
30424 31
30430 12
30469 58
30484 39
30486 120
30496 16
30538 124
30549 66
30568 36
30590 85
30632 69
30664 61
30696 78
30731 43
30774 73
30781 56
30799 3
30814 119
30826 104
30865 31
30902 114
30942 121
30977 92
31000 92
31020 2
31045 57
31073 83
31099 37
31130 8
31152 22
31188 47
31189 26
31234 120
31265 103
31269 102
31283 92
31295 79
31331 47
31346 79
31353 122
31371 25
31386 80
31394 41
31406 76
31415 63
31422 55
31450 11
31468 95
31507 82
31516 10
31546 21
31568 106
31606 34
31612 2
31655 84
31668 80
31680 103
31711 87
31746 111
31770 127
31778 3
31791 99
31817 115
31817 71
31852 124
31886 14
31886 2
31895 118
31929 47
31953 127
31966 116
31989 99
31998 102
32035 117
32047 10
32087 97
32103 121
32110 76
32119 3
32151 25
32159 7
32204 52
32237 123
32264 125
32287 3
32332 97
32357 44
32376 2
32387 21
32414 51
32449 92
32461 118
32505 115
32534 35
32556 113
32565 76
32605 100
32642 18
32683 115
32711 28
32750 85
32776 96
32784 127
32821 31
32827 32
32839 2
32867 41
32900 51
32904 60
32928 15
32956 40
32979 122
32992 111
32996 29
33018 58
33030 116
33060 94
33076 126
33080 124
33103 90
33122 64
33147 103
33158 86
33177 22
33182 54
33184 91
33214 51
33242 6
33256 13
33263 125
33272 125
33315 32
33352 94
33382 98
33426 75
33455 58
33498 65
33505 125
33524 105
33530 105
33559 107
33581 101
33585 124
33623 80
33667 59
33672 67
33676 83
33681 112
33692 116
33721 111
33758 115
33765 3
33779 38
33816 43
33827 50
33859 103
33884 110
33910 25
33930 29
33951 85
33953 60
33986 62
33996 40
34009 36
34038 122
34078 44
34080 47
34089 126
34123 11
34158 80
34177 62
34204 98
34234 60
34249 80
34269 26
34294 124
34336 7
34365 51
34389 14
34410 66
34455 7
34464 20
34494 66
34521 26
34537 33
34542 8
34583 38
34595 91
34605 6
34623 38
34653 94
34663 71
34693 125
34707 104
34750 119
34778 36
34807 39
34809 112
34821 75
34860 45
34871 50
34879 66
34889 76
34898 98
34926 84
34966 99
35010 23
35041 39
35046 116
35062 119
35100 110
35106 33
35144 121
35182 93
35227 3
35228 121
35245 63
35260 88
35285 62
35314 65
35324 30
35351 41
35365 113
35368 84
35382 57
35404 27
35438 16
35448 47
35485 71
35494 4
35532 55
35532 66
35567 54
35578 21
35599 27
35634 58
35662 106
35697 64
35734 18
35764 46
35767 46
35770 119
35795 110
35823 71
35847 60
35878 111
35878 106
35888 102
35916 43
35956 82
35975 31
35984 5
36021 98
36028 22
36029 118
36036 41
36058 95
36072 74
36085 69
36126 10
36139 91
36170 38
36183 53
36193 67
36193 65
36222 55
36228 39
36244 48
36258 40
36270 32
36310 23
36338 35
36347 104
36347 36
36351 114
36369 18
36372 56
36415 25
36433 7
36461 14
36464 117
36481 67
36523 114
36554 64
36596 14
36628 42
36641 117
36666 20
36710 67
36737 21
36741 56
36774 91
36813 42
36849 123
36869 27
36908 107
36934 79
36943 46
36979 99
36987 16
37022 9
37047 18
37071 91
37076 97
37117 23
37145 10
37162 22
37176 41
37209 38
37228 15
37256 115
37269 15
37301 83
37302 9
37320 52
37341 122
37386 66
37422 44
37459 12
37485 121
37530 79
37557 33
37596 6
37631 56
37633 127
37652 47
37663 90
37672 37
37715 56
37760 65
37786 7
37794 109
37832 95
37852 51
37884 84
37907 8
37914 54
37933 97
37950 10
37982 37
38019 19
38032 36
38056 46
38096 104
38136 4
38146 38
38172 63
38201 27
38223 4
38247 55
38288 52
38292 113
38329 8
38350 104
38355 55
38386 112
38430 49
38456 48
38460 109
38476 4
38502 43
38513 25
38532 29
38566 13
38571 46
38601 100
38619 39
38636 118
38643 48
38671 15
38678 27
38680 63
38695 68
38740 33
38780 35
38793 18
38838 7
38863 85
38881 91
38906 103
38940 55
38981 98
39017 4
39045 54
39086 21
39106 10
39138 33
39170 116
39177 127
39218 76
39221 80
39260 83
39295 57
39336 63
39369 116
39390 65
39433 20
39446 116
39465 68
39488 118
39497 18
39497 117
39511 65
39541 89
39556 48
39559 35
39582 59
39582 7
39619 114
39663 47
39672 104
39675 59
39704 96
39744 101
39783 74
39823 55
39866 73
39909 68
39936 69
39936 84
39959 17
39969 12
40012 31
40047 33
40073 36
40100 55
40108 7
40143 122
40172 70
40205 110
40233 42
40234 5
40246 78
40258 71
40263 70
40302 59
40336 65
40359 66
40386 50
40413 50
40447 62
40465 60
40465 118
40481 6
40506 56
40508 121
40533 16
40551 39
40580 61
40587 10
40603 25
40628 5
40663 66
40688 63
40715 110
40751 57
40785 119
40824 36
40862 80
40896 109
40937 123
40960 45
40963 45
40979 22
41021 83
41035 59
41055 111
41078 67
41108 17
41121 98
41129 64
41153 12
41182 28
41213 110
41215 115
41217 42
41255 11
41286 94
41312 126
41355 109
41370 78
41396 5
41425 117
41432 89
41439 75
41468 88
41489 98
41498 55
41513 10
41529 77
41564 18
41594 49
41599 81
41634 35
41665 47
41669 100
41706 83
41716 38
41747 124
41755 97
41770 124
41790 45
41818 105
41850 31
41866 44
41877 100
41908 44
41921 127
41926 35
41970 41
42000 113
42019 46
42048 60
42091 102
42099 112
42109 90
42124 98
42124 121
42169 29
42212 94
42253 42
42271 43
42299 4
42302 103
42344 54
42349 23
42358 78
42377 49
42421 37
42423 11
42429 127
42458 100
42461 96
42468 15
42511 34
42544 92
42565 108
42571 85
42598 121
42638 117
42682 54
42723 104
42756 114
42770 94
42776 33
42779 41
42786 62
42829 56
42833 111
42865 95
42875 53
42887 119
42903 4
42916 34
42961 38
42987 114
43017 106
43050 64
43088 55
43127 124
43132 37
43146 30
43158 27
43170 124
43208 57
43219 43
43261 61
43288 3
43294 88
43296 58
43334 86
43341 64
43360 94
43383 127
43400 22
43425 58
43441 16
43445 7
43486 1
43522 41
43528 43
43570 75
43604 66
43606 113
43624 76
43638 100
43638 62
43645 4
43686 83
43704 32
43735 89
43767 89
43807 58
43827 115
43850 4
43879 11
43892 91
43936 74
43953 83
43972 49
43991 109
44017 90
44045 20
44081 21
44103 121
44147 42
44163 57
44166 75
44203 22
44236 37
44266 50
44309 66
44352 121
44364 19
44377 97
44399 48
44434 66
44477 52
44495 25
44535 58
44563 119
44565 6
44607 34
44614 55
44625 5
44650 4
44686 81
44710 39
44724 32
44745 102
44771 107
44772 64
44793 61
44835 102
44848 79
44873 18
44896 11
44938 86
44979 40
45023 121
45042 93
45043 127
45065 114
45103 11
45130 92
45174 124
45208 23
45214 102
45250 56
45280 96
45315 111
45340 124
45355 115
45398 122
45420 65
45426 4
45466 67
45475 81
45489 79
45532 61
45565 7
45565 107
45583 88
45614 40
45614 118
45614 14
45652 34
45691 49
45696 86
45711 53
45730 116
45764 118
45807 20
45808 66
45827 124
45865 12
45873 62
45893 51
45920 83
45954 71
45964 42
45965 89
45992 95
46023 87
46047 80
46070 71
46074 86
46103 45
46117 127
46121 95
46162 114
46165 73
46182 6
46184 99
46189 47
46206 1
46210 108
46212 10
46221 90
46253 31
46285 17
46314 24
46323 45
46332 100
46335 29
46355 24
46399 108
46410 30
46422 28
46441 75
46478 8
46488 56
46518 68
46538 75
46540 20
46574 76
46601 127
46633 71
46641 54
46651 38
46654 18
46659 114
46682 31
46692 120
46694 111
46705 92
46734 112
46742 10
46760 48
46781 70
46815 96
46847 37
46874 122
46893 28
46912 125
46954 79
46959 3
46995 3
47002 37
47035 113
47075 63
47078 61
47089 19
47092 82
47106 113
47108 62
47126 69
47146 104
47166 68
47183 18
47204 60
47220 96
47225 41
47255 118
47263 10
47265 84
47281 111
47285 73
47313 77
47331 69
47367 40
47370 100
47378 127
47407 34
47425 57
47432 58
47452 47
47484 17
47497 26
47505 21
47543 49
47575 49
47614 83
47646 70
47666 33
47677 92
47702 99
47741 10
47777 14
47781 7
47819 28
47819 37
47841 89
47884 100
47919 102
47928 57
47930 37
47934 62
47949 10
47979 1
48021 79
48064 78
48088 100
48104 80
48133 117
48144 62
48156 83
48179 44
48187 14
48206 18
48239 3
48279 5
48289 25
48325 62
48333 24
48333 99
48341 103
48363 90
48405 44
48414 31
48432 97
48438 53
48441 71
48459 59
48475 8
48482 59
48497 68
48531 97
48558 111
48566 84
48600 71
48622 76
48630 60
48641 34
48660 127
48665 104
48702 12
48733 20
48741 123
48781 12
48781 104
48790 16
48806 55
48851 58
48893 72
48895 68
48896 16
48939 73
48962 101
48999 10
49022 68
49039 107
49039 35
49049 36
49084 125
49097 91
49117 89
49156 15
49193 92
49233 51
49253 73
49287 95
49332 8
49342 52
49367 20
49411 82
49451 98
49479 115
49485 48
49504 73
49543 39
49553 3
49585 50
49590 102
49620 28
49629 95
49635 96
49639 103
49670 76
49708 86
49751 13
49791 97
49822 3
49831 120
49862 86
49888 17
49895 30
49901 39
49907 77
49946 48
49975 62
50006 90
50047 112
50069 18
50101 111
50109 3
50139 49
50172 87
50187 10
50224 82
50259 40
50290 49
50323 94
50343 19
50386 71
50413 75
50419 4
50457 118
50465 23
50480 88
50496 96
50523 17
50559 40
50576 51
50607 104
50618 36
50620 54
50644 23
50649 94
50663 123
50690 8
50699 118
50738 38
50749 68
50785 58
50807 52
50846 89
50848 81
50869 12
50899 84
50930 87
50962 14
50984 21
50986 31
50994 60
51009 49
51019 38
51052 7
51076 69
51110 124
51132 25
51159 12
51200 57
51236 14
51245 72
51257 8
51272 80
51311 7
51335 98
51362 46
51375 115
51409 58
51418 20
51437 111
51461 111
51470 19
51510 4
51525 57
51529 89
51541 96
51586 98
51615 96
51652 97
51655 98
51678 28
51720 63
51734 69
51770 12
51798 40
51821 106
51829 70
51840 127
51867 106
51911 88
51917 58
51919 126
51959 123
51976 73
52019 88
52057 37
52069 75
52080 109
52101 61
52129 121
52174 16
52219 87
52251 43
52277 63
52320 4
52337 95
52375 107
52380 17
52424 46
52453 65
52458 72
52496 88
52500 123
52525 120
52568 112
52571 70
52604 82
52619 83
52623 12
52645 11
52681 64
52703 32
52709 107
52730 122
52775 127
52783 49
52817 46
52851 113
52854 8
52872 24
52879 105
52897 32
52902 1
52932 13
52953 47
52991 30
53020 54
53026 107
53041 63
53060 106
53090 23
53100 48
53110 94
53110 102
53149 69
53183 121
53222 2
53236 16
53261 113
53277 48
53299 61
53330 118
53371 85
53410 109
53422 60
53433 29
53446 116
53464 82
53476 60
53499 122
53534 90
53554 105
53592 89
53630 69
53643 123
53645 39
53657 32
53664 7
53678 53
53709 53
53736 39
53756 118
53784 110
53790 46
53819 52
53823 103
53842 66
53866 97
53901 119
53938 9
53982 106
53991 125
53994 58
54038 77
54068 64
54076 25
54109 4
54143 111
54152 86
54168 26
54201 39
54220 109
54225 57
54244 126
54258 101
54266 81
54297 114
54322 113
54363 121
54368 89
54376 7
54400 106
54443 30
54481 75
54491 58
54524 55
54557 43
54578 90
54604 80
54643 95
54678 117
54706 59
54722 16
54765 94
54792 30
54808 9
54848 121
54851 116
54892 85
54896 91
54908 72
54945 114
54951 116
54967 40
54981 19
55023 55
55032 120
55048 28
55073 98
55089 13
55117 36
55160 47
55200 16
55223 7
55224 40
55241 121
55283 41
55300 11
55324 86
55367 87
55398 72
55432 101
55461 61
55491 17
55512 36
55556 19
55586 111
55631 110
55668 10
55676 110
55676 23
55682 3
55723 99
55764 13
55769 97
55808 97
55817 73
55849 29
55862 109
55905 66
55929 28
55936 56
55939 2
55977 56
56009 89
56013 57
56042 17
56052 126
56068 13
56093 6
56133 88
56172 34
56186 82
56192 56
56192 37
56205 77
56215 79
56248 125
56248 101
56265 120
56294 121
56323 51
56349 72
56365 126
56374 94
56405 40
56423 50
56431 34
56447 118
56486 93
56517 121
56522 81
56548 7
56566 18
56596 108
56630 30
56670 2
56697 57
56720 61
56749 66
56779 100
56786 69
56793 32
56812 87
56852 70
56897 59
56917 79
56928 101
56965 55
56993 61
57025 63
57049 17
57051 56
57083 93
57100 1
57114 118
57130 72
57145 95
57184 18
57229 116
57241 84
57253 5
57290 13
57290 116
57293 66
57316 18
57318 94
57357 63
57382 34
57393 51
57398 54
57431 108
57452 61
57453 15
57460 35
57500 2
57514 116
57538 73
57551 103
57554 50
57568 88
57571 1
57599 51
57635 110
57662 104
57674 124
57710 87
57749 109
57752 105
57792 99
57804 60
57831 115
57856 125
57878 23
57913 100
57942 57
57978 123
58006 97
58039 94
58083 41
58102 1
58146 73
58166 71
58172 16
58213 86
58257 99
58269 97
58269 127
58314 43
58338 78
58383 73
58386 20
58392 31
58425 75
58451 103
58485 111
58525 59
58531 108
58574 101
58617 123
58662 68
58668 56
58674 89
58682 79
58720 15
58757 61
58771 73
58811 54
58816 43
58830 25
58835 43
58854 61
58896 24
58930 62
58930 90
58932 121
58957 7
58987 9
59028 119
59039 88
59066 118
59068 99
59097 19
59098 67
59113 82
59119 66
59139 38
59177 101
59208 105
59213 79
59213 123
59247 84
59288 23
59300 32
59309 80
59343 122
59350 41
59353 80
59395 34
59404 56
59406 59
59407 39
59418 41
59458 44
59496 108
59528 26
59554 16
59575 41
59598 53
59641 30
59655 125
59656 40
59656 2
59696 114
59721 9
59728 108
59735 30
59769 89
59785 81
59817 1
59838 119
59871 51
59887 100
59915 65
59920 96
59923 27
59960 37
59961 28
60003 43
60012 63
60025 75
60037 23
60080 99
60097 92
60124 31
60143 79
60168 73
60188 77
60214 74
60243 73
60265 94
60286 84
60289 127
60323 64
60365 118
60383 120
60418 124
60443 97
60449 7
60483 58
60488 104
60529 118
60561 125
60586 85
60600 99
60601 18
60623 72
60653 4
60683 26
60696 81
60699 54
60710 90
60747 20
60753 69
60779 76
60792 99
60813 124
60816 81
60828 78
60870 96
60911 25
60950 41
60953 24
60975 123
61016 122
61025 61
61038 87
61038 6
61058 66
61087 109
61110 109
61128 108
61153 55
61182 6
61214 71
61257 54
61291 24
61329 15
61353 27
61356 7
61375 12
61418 39
61430 88
61447 67
61467 13
61482 31
61502 90
61534 109
61543 49
61583 45
61628 46
61658 26
61688 45
61725 54
61726 125
61739 105
61749 109
61777 32
61778 97
61792 108
61797 27
61803 116
61847 5
61856 51
61861 57
61897 70
61928 98
61958 56
62000 18
62015 126
62017 99
62059 20
62101 112
62122 48
62136 42
62160 100
62183 32
62206 27
62245 104
62262 122
62307 10
62329 114
62335 6
62373 3
62411 44
62444 86
62487 63
62513 16
62553 12
62562 92
62575 121
62603 114
62627 45
62656 36
62665 95
62701 36
62736 84
62770 85
62799 66
62837 81
62859 116
62899 6
62907 89
62946 27
62991 74
63028 29
63073 92
63115 70
63139 96
63177 121
63184 115
63211 28
63229 69
63262 28
63266 83
63269 59
63279 66
63322 12
63347 15
63349 6
63354 11
63376 100
63377 84
63392 124
63431 83
63452 50
63459 68
63487 47
63528 46
63551 91
63593 99
63635 35
63674 38
63714 27
63746 83
63754 61
63799 64
63837 86
63864 116
63868 86
63873 117
63897 120
63916 121
63959 80
63997 47
64002 105
64003 64
64048 115
64078 121
64084 58
64092 39
64127 118
64139 108
64173 80
64210 19
64247 4
64277 41
64283 30
64306 108
64318 48
64355 116
64395 68
64424 87
64437 39
64445 26
64476 26
64518 77
64520 52
64522 83
64566 13
64579 74
64610 31
64651 33
64689 11
64720 35
64739 24
64744 47
64763 52
64796 7
64822 63
64859 37
64895 56
64914 76
64914 77
64955 79
64970 113
64994 108
65026 7
65040 98
65055 51
65098 57
65109 77
65132 66
65161 30
65199 105
65229 93
65264 81
65301 16
65333 105
65374 115
65382 24
65389 68
65404 44
65434 62
65460 25
65482 4
65503 1
65543 110
65573 46
65590 38
65594 67
65639 9
65663 72
65678 46
65690 50
65698 11
65738 65
65761 88
65805 53
65840 77
65852 74
65873 15
65876 114
65917 36
65927 51
65965 102
66010 68
66015 79
66023 45
66063 75
66066 86
66081 18
66084 28
66118 14
66125 16
66134 59
66162 96
66186 117
66219 48
66222 100
66237 98
66247 83
66265 97
66273 94
66306 45
66309 45
66333 34
66333 118
66356 1
66381 123
66394 32
66394 6
66436 19
66458 12
66467 126
66467 55
66505 1
66518 116
66525 23
66555 109
66573 3
66587 65
66602 121
66634 107
66659 49
66691 100
66706 8
66748 14
66791 115
66804 33
66813 89
66822 30
66848 39
66880 68
66890 103
66895 127
66920 123
66940 3
66942 69
66985 3
67029 82
67038 54
67067 47
67074 112
67074 117
67081 20
67103 51
67118 112
67149 113
67188 49
67188 119
67203 1
67204 102
67238 39
67278 71
67314 116
67358 32
67381 111
67424 21
67443 61
67464 103
67495 98
67499 41
67511 59
67526 27
67548 113
67592 116
67604 5
67627 42
67662 61
67667 76
67680 91
67690 89
67711 120
67720 95
67762 96
67787 108
67792 89
67819 114
67857 77
67902 6
67910 124
67950 98
67984 100
68003 40
68017 48
68029 60
68033 22
68042 39
68080 2
68110 28
68140 49
68177 25
68205 93
68211 46
68232 22
68274 70
68287 37
68331 99
68338 27
68344 76
68354 39
68379 82
68414 125
68453 74
68488 72
68517 97
68518 37
68549 46
68559 23
68599 5
68628 38
68669 126
68675 4
68705 116
68744 32
68766 45
68766 33
68778 115
68806 70
68821 14
68837 67
68847 124
68879 8
68880 100
68917 34
68948 30
68975 125
68987 3
68997 37
69014 103
69023 9
69067 25
69105 40
69135 109
69179 31
69204 56
69249 97
69254 10
69263 89
69291 52
69293 25
69336 80
69358 93
69375 82
69419 24
69421 92
69448 43
69465 9
69480 79
69482 21
69511 101
69526 30
69555 38
69576 84
69601 23
69610 66
69653 88
69667 115
69689 4
69706 9
69731 47
69738 58
69782 95
69798 86
69817 70
69843 28
69877 64
69922 16
69935 64
69956 30
70001 111
70027 1
70071 43
70096 3
70104 98
70135 82
70149 109
70174 22
70181 102
70185 54
70204 116
70234 86
70251 26
70270 79
70284 20
70311 13
70332 88
70356 19
70382 26
70401 59
70406 80
70413 34
70453 53
70455 22
70493 37
70536 47
70545 45
70588 69
70630 59
70665 39
70705 67
70724 62
70734 87
70768 42
70784 23
70820 100
70821 39
70854 57
70898 19
70940 13
70984 110
71015 45
71049 75
71064 120
71108 91
71150 66
71192 127
71237 88
71250 13
71266 19
71270 20
71274 104
71293 67
71298 24
71299 72
71299 9
71339 2
71345 65
71361 110
71380 64
71403 62
71448 47
71479 41
71495 44
71501 52
71527 57
71545 9
71553 10
71586 44
71611 34
71621 33
71643 33
71671 8
71698 45
71736 101
71763 63
71767 114
71770 77
71774 116
71801 121
71826 2
71827 82
71862 38
71867 105
71867 102
71882 63
71916 80
71927 60
71951 83
71961 107
71981 56
71996 65
72026 87
72060 113
72103 72
72131 76
72151 107
72175 26
72206 33
72227 16
72249 9
72271 34
72293 52
72310 77
72350 19
72392 84
72401 47
72419 108
72434 24
72434 8
72474 36
72491 85
72516 40
72517 24
72549 62
72589 126
72595 118
72626 24
72641 15
72649 125
72661 75
72663 94
72699 32
72706 92
72716 77
72749 64
72789 21
72799 95
72827 81
72843 126
72846 56
72870 103
72884 99
72906 102
72931 46
72968 97
72996 87
73008 91
73008 93
73016 80
73038 80
73082 117
73086 23
73102 2
73135 16
73155 70
73161 1
73165 110
73165 111
73208 73
73233 51
73264 114
73276 46
73300 82
73324 22
73335 5
73374 16
73396 2
73435 26
73435 5
73443 110
73469 114
73493 23
73508 122
73528 22
73528 27
73571 10
73585 96
73600 108
73611 37
73656 103
73701 40
73734 26
73770 73
73800 32
73808 106
73817 108
73858 103
73895 92
73940 66
73952 21
73985 71
74009 114
74017 26
74059 103
74065 73
74073 106
74091 32
74106 56
74106 48
74126 56
74129 102
74174 94
74193 9
74197 42
74203 5
74241 125
74257 36
74265 36
74309 100
74326 65
74363 35
74387 3
74430 61
74456 77
74474 90
74488 10
74533 113
74576 69
74588 124
74629 4
74646 6
74656 99
74668 50
74688 45
74702 121
74727 63
74728 10
74746 85
74786 78
74794 118
74794 35
74816 41
74846 58
74891 54
74912 1
74913 52
74943 56
74958 59
74976 123
75019 68
75062 117
75097 68
75133 67
75173 9
75200 64
75221 72
75239 72
75265 34
75296 20
75308 15
75311 113
75344 86
75357 125
75402 39
75436 13
75474 86
75487 64
75496 89
75531 6
75550 53
75557 16
75570 88
75582 75
75625 23
75649 22
75693 15
75716 27
75750 106
75764 9
75789 18
75789 112
75833 43
75837 107
75849 34
75864 72
75901 112
75941 102
75962 75
75981 96
75996 72
76020 107
76021 87
76062 5
76083 69
76108 1
76115 123
76154 63
76194 75
76215 80
76215 2
76237 101
76244 50
76257 62
76279 114
76295 1
76296 32
76329 97
76353 50
76356 120
76371 111
76387 90
76420 124
76420 3
76421 28
76449 84
76494 41
76501 111
76502 77
76527 74
76537 37
76576 103
76601 11
76624 101
76649 102
76656 82
76663 11
76698 6
76724 85
76736 35
76748 32
76756 90
76795 80
76801 48
76823 36
76845 2
76857 73
76893 99
76901 12
76938 108
76951 28
76981 50
76987 46
77028 83
77070 23
77095 20
77111 25
77131 56
77135 62
77146 12
77190 48
77194 109
77198 10
77216 90
77256 79
77284 96
77324 120
77356 27
77391 51
77424 127
77444 122
77453 124
77493 10
77495 42
77519 37
77552 24
77577 5
77602 72
77636 111
77646 10
77682 75
77694 58
77698 105
77699 32
77718 90
77754 17
77767 82
77798 104
77815 64
77831 9
77844 82
77867 59
77889 59
77919 82
77945 86
77974 85
78003 48
78012 47
78041 56
78080 64
78087 10
78112 29
78113 5
78133 41
78148 126
78160 120
78179 125
78213 123
78214 111
78218 79
78220 115
78265 98
78285 6
78315 103
78356 44
78361 72
78374 112
78393 84
78431 81
78437 54
78466 45
78491 6
78521 3
78525 36
78567 120
78604 95
78608 70
78618 50
78654 86
78693 79
78737 19
78768 61
78784 40
78820 107
78852 21
78887 31
78894 85
78910 75
78928 117
78929 69
78941 124
78970 27
78982 126
79007 13
79033 67
79078 120
79111 80
79117 103
79137 22
79165 86
79194 14
79218 41
79236 30
79279 11
79316 92
79354 12
79358 95
79382 73
79422 86
79423 12
79434 80
79468 126
79482 51
79482 118
79516 46
79520 59
79555 21
79557 102
79559 89
79601 99
79646 18
79686 106
79726 82
79759 113
79787 67
79789 11
79811 3
79843 72
79863 12
79883 53
79897 43
79912 120
79928 45
79968 119
79978 11
80013 98
80027 116
80035 24
80067 62
80106 64
80114 100
80144 99
80152 80
80156 90
80185 83
80210 73
80223 19
80244 49
80254 85
80272 75
80279 81
80320 13
80357 61
80381 65
80422 25
80438 92
80480 14
80520 23
80542 53
80571 73
80600 60
80623 6
80653 19
80657 125
80682 79
80710 110
80720 77
80723 55
80759 6
80785 89
80800 66
80822 83
80858 12
80903 8
80940 63
80967 100
80988 47
81005 95
81009 62
81016 39
81056 64
81095 65
81126 30
81169 95
81209 2
81228 124
81258 80
81290 36
81296 52
81335 118
81342 93
81346 27
81363 74
81374 2
81402 93
81426 97
81448 56
81464 16
81486 3
81515 118
81555 16
81581 39
81606 95
81623 86
81641 116
81678 74
81697 52
81714 78
81730 88
81737 52
81748 52
81779 84
81816 19
81855 15
81857 70
81861 102
81865 51
81874 2
81900 121
81923 65
81924 79
81956 66
81987 60
81999 19
82008 26
82046 55
82072 8
82109 116
82133 51
82171 103
82179 97
82204 23
82249 19
82287 50
82329 51
82365 19
82386 117
82404 105
82430 41
82450 117
82454 58
82467 86
82493 109
82500 21
82503 13
82516 100
82548 47
82578 39
82620 123
82648 23
82671 85
82683 111
82690 127
82721 72
82747 76
82780 115
82789 94
82826 110
82870 48
82893 30
82914 76
82944 100
82946 12
82985 8
83012 36
83016 33
83052 46
83070 30
83107 1
83117 45
83123 114
83128 123
83140 70
83182 8
83225 120
83232 28
83244 4
83283 62
83294 119
83315 67
83349 32
83377 112
83422 114
83463 34
83481 35
83497 30
83526 75
83543 117
83571 20
83589 37
83593 63
83637 47
83650 118
83683 49
83711 118
83721 116
83740 25
83783 94
83812 76
83853 83
83889 60
83910 118
83938 126
83949 127
83989 42
84002 14
84009 54
84051 67
84053 59
84072 8
84082 67
84118 34
84124 29
84142 114
84155 35
84197 118
84232 58
84244 61
84252 126
84260 124
84269 59
84312 19
84325 38
84326 18
84351 38
84380 73
84403 13
84411 67
84446 51
84477 69
84515 48
84552 124
84587 121
84609 86
84643 53
84680 30
84720 100
84724 32
84728 111
84764 35
84790 8
84829 68
84855 22
84897 107
84939 47
84981 94
85016 7
85023 65
85055 124
85080 13
85105 22
85128 17
85163 2
85178 77
85203 24
85205 122
85206 21
85235 25
85258 72
85285 98
85308 40
85310 40
85353 23
85385 12
85421 88
85422 116
85424 50
85429 36
85447 95
85467 98
85467 65
85486 14
85506 94
85533 106
85574 60
85580 106
85608 31
85636 116
85677 64
85705 111
85716 95
85735 99
85755 88
85755 21
85798 112
85824 19
85836 49
85837 59
85870 22
85877 110
85881 85
85888 25
85930 97
85972 31
86004 41
86031 89
86042 13
86056 72
86064 92
86082 17
86123 75
86135 62
86138 25
86163 10
86173 47
86211 11
86242 127
86262 73
86287 69
86322 48
86347 53
86381 49
86397 21
86415 37
86444 65
86459 113
86489 89
86489 97
86518 54
86522 121
86541 96
86544 56
86547 104
86584 1
86604 46
86632 56
86646 47
86664 125
86699 53
86731 1
86749 96
86794 98
86809 95
86836 99
86847 41
86871 50
86901 21
86931 104
86968 17
86989 21
87032 84
87043 116
87045 71
87048 72
87069 16
87076 45
87100 126
87134 4
87172 91
87195 35
87235 62
87246 89
87282 36
87321 64
87333 71
87378 67
87385 62
87401 2
87436 59
87477 85
87491 17
87504 65
87545 87
87545 127
87557 120
87579 40
87602 75
87615 109
87638 83
87641 108
87676 84
87711 122
87739 82
87775 26
87805 4
87834 34
87863 17
87867 23
87879 22
87902 101
87931 14
87967 6
88010 13
88051 86
88075 30
88112 9
88151 77
88178 19
88210 97
88244 103
88249 103
88292 114
88301 67
88318 111
88324 91
88352 101
88371 74
88380 113
88425 18
88431 61
88458 54
88464 71
88469 46
88483 56
88510 110
88516 84
88537 84
88560 81
88586 33
88631 8
88669 119
88696 108
88738 38
88765 81
88769 9
88797 110
88832 9
88874 57
88880 8
88914 103
88943 58
88960 53
88972 17
89002 67
89003 59
89035 120
89047 9
89079 102
89091 117
89118 62
89140 39
89181 82
89215 76
89236 103
89277 1
89298 109
89316 116
89321 41
89353 36
89362 127
89400 42
89402 115
89425 9
89445 109
89454 55
89474 112
89501 39
89512 103
89523 56
89559 33
89562 107
89601 6
89601 51
89608 85
89610 110
89626 83
89665 55
89709 60
89716 66
89738 5
89757 52
89793 103
89829 59
89866 106
89869 64
89907 42
89935 64
89935 7
89964 11
90008 47
90050 84
90069 104
90097 69
90134 5
90167 79
90211 42
90225 28
90254 96
90268 7
90286 126
90320 5
90353 80
90366 25
90378 56
90399 88
90415 13
90433 117
90470 115
90507 77
90513 51
90533 8
90549 73
90591 123
90622 52
90622 51
90642 3
90684 124
90707 62
90711 7
90754 12
90770 97
90814 78
90839 23
90847 112
90863 38
90890 73
90923 100
90965 18
90992 91
91016 11
91040 32
91082 62
91087 101
91092 43
91130 100
91147 54
91171 106
91173 6
91201 85
91208 34
91225 5
91265 87
91300 67
91315 80
91348 37
91354 53
91385 57
91415 9
91430 37
91474 78
91481 60
91497 7
91524 79
91562 80
91599 115
91618 1
91636 37
91654 17
91693 51
91731 65
91755 20
91769 46
91781 21
91813 21
91851 89
91874 102
91884 114
91900 16
91907 118
91924 32
91964 111
91998 32
92001 42
92011 95
92051 57
92052 89
92085 10
92104 39
92134 37
92145 48
92177 7
92183 10
92188 11
92219 81
92264 85
92276 36
92320 63
92322 23
92350 39
92376 47
92400 106
92418 68
92446 92
92487 121
92518 72
92519 76
92539 21
92584 29
92606 53
92632 117
92659 115
92666 124
92711 77
92748 85
92765 17
92767 23
92767 46
92775 108
92817 56
92859 124
92884 7
92893 48
92932 79
92967 42
92989 17
93012 19
93046 9
93057 4
93072 12
93090 66
93126 114
93134 87
93136 39
93165 14
93204 42
93230 58
93275 49
93302 122
93327 100
93328 101
93330 36
93350 29
93350 19
93389 64
93418 120
93435 78
93445 98
93447 43
93478 111
93511 116
93541 2
93574 53
93598 101
93643 85
93656 86
93689 116
93692 93
93720 114
93730 116
93761 9
93786 19
93820 32
93845 59
93865 106
93866 116
93880 51
93901 61
93940 105
93943 105
93945 1
93965 75
93970 88
94004 36
94020 50
94040 67
94044 79
94072 35
94101 75
94141 80
94142 124
94185 120
94211 116
94219 60
94258 70
94281 10
94304 112
94342 89
94373 106
94399 48
94401 19
94437 95
94453 12
94475 67
94509 69
94536 40
94542 40
94573 116
94612 105
94621 99
94627 45
94635 12
94671 57
94701 105
94704 16
94746 101
94788 5
94802 81
94833 81
94840 119
94841 52
94842 123
94866 70
94878 1
94885 110
94922 84
94930 29
94974 36
94993 121
95025 83
95036 58
95040 69
95076 104
95120 126
95123 41
95123 36
95148 97
95152 108
95171 36
95187 125
95211 80
95222 23
95251 15
95273 59
95292 11
95332 33
95372 70
95412 24
95447 23
95469 29
95495 111
95514 28
95548 127
95583 121
95604 54
95614 7
95644 62
95687 115
95691 1
95726 119
95768 94
95810 29
95835 75
95858 72
95868 20
95886 108
95920 105
95944 83
95986 29
95993 20
96027 105
96050 9
96055 85
96098 56
96126 19
96136 10
96165 96
96207 9
96245 103
96283 101
96284 94
96328 74
96358 33
96372 18
96375 97
96375 107
96408 97
96424 120
96435 8
96479 36
96503 116
96524 36
96552 36
96552 116
96573 86
96599 1
96621 60
96655 119
96688 34
96728 106
96746 17
96756 105
96781 106
96813 115
96846 118
96863 126
96883 48
96894 11
96935 61
96957 110
96979 123
97004 31
97024 44
97038 55
97053 34
97082 77
97126 34
97161 119
97172 99
97192 63
97211 116
97245 4
97269 53
97295 55
97330 53
97350 91
97363 120
97367 84
97385 113
97423 71
97445 91
97463 126
97486 106
97507 126
97548 66
97585 102
97630 104
97654 85
97665 13
97666 18
97702 21
97738 104
97752 109
97794 52
97826 7
97835 91
97843 74
97878 20
97922 21
97944 78
97951 88
97995 55
97999 51
98033 78
98037 25
98075 20
98082 54
98126 90
98134 45
98148 107
98150 3
98189 79
98230 63
98274 37
98277 68
98307 43
98316 114
98332 32
98343 17
98345 90
98348 17
98382 109
98413 97
98435 89
98479 85
98487 5
98517 3
98560 60
98587 45
98619 113
98625 60
98659 59
98664 7
98697 14
98737 44
98764 46
98784 28
98818 10
98830 20
98858 85
98890 113
98920 66
98951 93
98992 50
98999 13
99034 80
99066 49
99081 64
99094 63
99118 84
99137 61
99142 33
99172 60
99201 28
99217 30
99233 112
99253 57
99284 14
99326 35
99370 59
99412 59
99435 59
99469 23
99514 4
99538 91
99557 127
99580 29
99589 33
99621 21
99629 11
99652 79
99687 17
99706 41
99732 46
99759 115
99775 82
99787 117
99796 66
99800 42
99825 42
99852 13
99883 105
99901 44
99902 46
99924 57
99968 105
100008 59
100035 30
100071 17
100105 120
100143 64
100170 10
100183 1
100198 106
100236 77
100279 50
100309 91
100337 45
100347 21
100371 115
100372 80
100382 85
100426 92
100437 98
100469 98
100469 9
100503 20
100540 88
100546 53
100550 34
100551 47
100587 100
100622 5
100651 4
100669 67
100671 90
100703 25
100738 70
100755 33
100782 67
100821 39
100847 84
100874 68
100876 10
100910 79
100949 71
100982 1
101002 76
101021 122
101022 19
101031 76
101038 126
101073 120
101075 83
101102 52
101110 4
101125 60
101135 66
101166 63
101168 6
101190 45
101193 67
101223 30
101231 61
101232 125
101263 117
101284 27
101329 41
101358 93
101359 102
101398 51
101440 2
101467 111
101484 77
101529 58
101546 58
101580 77
101596 3
101619 108
101645 17
101649 69
101660 47
101700 15
101714 54
101758 104
101791 21
101806 37
101823 50
101857 4
101901 95
101933 123
101940 59
101952 47
101978 74
102023 63
102047 104
102053 65
102076 30
102111 28
102137 74
102163 96
102185 127
102218 52
102221 107
102239 88
102263 73
102271 2
102303 8
102334 96
102366 19
102370 74
102384 86
102389 83
102391 127
102417 90
102462 99
102483 41
102502 57
102544 7
102585 60
102618 50
102639 46
102680 98
102716 40
102752 35
102763 119
102795 63
102801 3
102845 92
102868 57
102900 41
102913 91
102956 77
102990 126
103017 114
103039 127
103055 116
103087 109
103113 54
103136 80
103155 34
103181 95
103207 99
103231 61
103271 127
103304 39
103309 52
103318 62
103342 116
103350 2
103376 15
103420 89
103442 17
103448 68
103490 56
103491 110
103519 48
103545 68
103587 64
103611 36
103618 114
103621 7
103638 29
103665 99
103676 100
103693 41
103700 9
103733 19
103759 122
103763 42
103782 41
103800 43
103820 38
103827 77
103865 127
103885 4
103918 67
103929 13
103948 119
103956 31
103988 118
103998 32
104039 104
104063 108
104073 42
104103 21
104134 11
104141 80
104141 89
104152 34
104193 55
104217 83
104254 106
104287 10
104332 22
104360 52
104404 43
104445 124
104453 15
104491 125
104493 87
104518 127
104557 122
104563 93
104596 25
104623 70
104631 93
104653 40
104657 93
104677 67
104707 45
104747 1
104783 95
104814 77
104839 19
104848 96
104877 118
104880 26
104915 92
104939 55
104958 71
104984 53
104987 111
105000 28
105004 121
105021 93
105038 100
105060 79
105094 14
105135 55
105137 114
105137 126
105139 62
105152 84
105191 70
105220 44
105254 5
105255 123
105255 71
105276 110
105304 89
105321 104
105353 19
105382 94
105421 52
105453 34
105474 18
105490 50
105533 72
105563 97
105601 25
105633 16
105640 101
105666 11
105666 30
105695 115
105700 27
105734 111
105761 87
105783 65
105805 11
105832 26
105875 28
105894 89
105920 53
105957 51
105992 86
106009 125
106034 91
106056 28
106075 124
106106 76
106149 47
106194 105
106206 43
106209 37
106232 81
106259 50
106292 29
106310 119
106333 119
106334 112
106372 117
106388 47
106393 13
106428 51
106434 68
106476 125
106512 58
106547 23
106563 33
106602 27
106634 125
106641 56
106650 45
106655 66
106681 30
106715 72
106746 117
106767 91
106806 89
106833 33
106874 32
106892 15
106929 42
106974 94
107016 3
107023 113
107029 74
107049 54
107090 122
107126 123
107143 80
107165 67
107195 60
107196 29
107231 70
107250 29
107282 81
107284 50
107303 48
107336 30
107350 41
107379 64
107401 26
107406 125
107424 72
107458 6
107481 60
107517 32
107555 101
107596 62
107625 111
107632 66
107648 105
107651 72
107679 28
107716 99
107748 20
107753 38
107789 109
107813 116
107853 32
107860 29
107893 56
107899 118
107905 58
107931 67
107955 89
107958 52
107978 98
108015 81
108038 74
108070 67
108095 18
108104 83
108109 65
108121 27
108159 82
108187 105
108206 94
108232 121
108266 51
108297 8
108314 35
108342 108
108356 93
108382 96
108395 68
108423 98
108428 21
108459 47
108476 5
108491 63
108529 124
108560 115
108569 63
108570 22
108592 22
108594 108
108637 8
108664 34
108696 122
108702 5
108724 96
108765 13
108769 65
108771 53
108797 22
108813 123
108845 24
108855 56
108892 65
108929 25
108948 24
108963 96
108980 36
108987 90
108992 21
109037 26
109077 12
109090 113
109129 13
109144 125
109150 109
109189 69
109190 53
109223 49
109258 12
109259 34
109299 47
109299 17
109340 62
109373 100
109392 94
109433 36
109455 106
109495 13
109532 39
109576 47
109597 79
109608 60
109618 29
109642 114
109647 77
109665 57
109698 83
109702 55
109715 4
109752 80
109768 107
109794 4
109799 97
109832 38
109856 75
109870 90
109913 127
109948 66
109957 94
109984 83
110004 123
110015 54
110015 108
110039 81
110040 52
110079 60
110094 44
110138 31
110139 122
110159 58
110203 56
110225 35
110233 36
110251 34
110289 95
110310 6
110317 98
110341 51
110356 111
110392 92
110430 92
110452 59
110465 59
110488 28
110521 121
110522 119
110536 62
110538 78
110582 82
110586 41
110586 61
110624 5
110654 81
110695 113
110706 47
110719 74
110728 47
110732 21
110762 48
110790 12
110796 89
110833 101
110849 45
110886 37
110917 80
110940 1
110961 126
110970 29
110981 64
110984 6
110997 77
111042 66
111067 123
111096 25
111106 73
111130 69
111136 20
111168 96
111193 83
111212 9
111232 95
111272 108
111293 7
111327 65
111348 117
111367 77
111386 39
111396 21
111428 23
111444 32
111468 8
111503 35
111510 3
111535 59
111563 122
111571 36
111590 89
111614 89
111653 8
111654 120
111663 41
111677 123
111690 101
111694 39
111726 24
111741 95
111743 39
111767 82
111771 107
111777 9
111793 86
111827 81
111862 87
111901 35
111929 16
111948 39
111968 71
112005 102
112048 44
112071 124
112096 61
112113 10
112113 22
112132 93
112174 64
112208 26
112208 1
112239 14
112246 28
112291 15
112331 46
112349 114
112373 76
112410 22
112428 38
112468 14
112485 114
112526 23
112564 76
112583 108
112628 89
112633 64
112634 79
112677 94
112708 126
112727 75
112736 24
112763 68
112766 29
112769 93
112778 24
112805 35
112835 98
112861 37
112891 113
112901 69
112936 70
112942 85
112986 37
112996 103
113019 61
113031 15
113047 17
113050 45
113092 28
113095 106
113125 88
113146 20
113175 16
113205 36
113241 25
113282 91
113323 58
113347 34
113365 77
113369 65
113371 64
113378 109
113407 8
113447 94
113457 42
113474 53
113510 38
113517 30
113551 23
113558 97
113592 96
113634 65
113656 7
113678 7
113696 113
113741 48
113770 124
113794 56
113804 101
113828 99
113869 101
113911 112
113934 107
113939 120
113957 96
113969 79
113991 52
114012 49
114053 53
114098 43
114102 85
114111 52
114125 114
114163 96
114179 26
114194 14
114239 65
114243 125
114288 104
114294 35
114320 59
114358 127
114364 125
114408 77
114418 17
114450 16
114485 62
114489 24
114527 43
114538 84
114570 61
114583 15
114584 109
114590 64
114619 106
114647 89
114675 111
114689 65
114703 40
114716 39
114749 8
114793 67
114815 71
114859 52
114891 91
114893 123
114897 54
114923 76
114939 51
114969 94
115012 120
115017 45
115058 63
115103 106
115107 117
115127 88
115152 75
115182 48
115200 38
115211 22
115241 33
115242 94
115278 92
115320 102
115343 109
115380 15
115396 72
115421 49
115439 5
115446 113
115451 61
115494 95
115521 90
115558 92
115562 37
115605 36
115647 47
115676 78
115713 11
115730 112
115772 2
115809 69
115850 124
115886 31
115921 88
115931 66
115966 70
116002 92
116035 74
116059 13
116066 91
116111 47
116138 44
116169 98
116204 61
116215 86
116216 31
116253 108
116293 63
116314 38
116358 99
116397 29
116421 43
116443 40
116466 119
116498 121
116524 112
116557 109
116559 67
116573 58
116600 102
116619 38
116648 79
116658 89
116659 90
116703 98
116745 21
116746 43
116779 123
116798 90
116801 18
116822 86
116848 15
116890 112
116933 110
116967 103
116971 15
116989 41
117014 91
117035 21
117065 62
117101 26
117104 94
117125 38
117140 77
117178 39
117203 66
117235 99
117257 54
117264 47
117291 53
117298 92
117315 110
117327 18
117348 9
117363 48
117397 78
117415 29
117419 48
117452 14
117456 106
117477 114
117518 117
117559 90
117587 66
117595 68
117632 81
117636 104
117655 66
117693 78
117698 25
117709 84
117716 34
117744 85
117756 39
117776 52
117816 120
117846 71
117856 78
117867 20
117898 17
117904 92
117905 76
117945 17
117984 94
118026 59
118049 74
118057 51
118078 15
118078 62
118107 26
118136 15
118159 116
118163 66
118172 92
118180 34
118205 39
118241 98
118286 119
118319 88
118329 82
118364 24
118397 114
118434 83
118436 66
118436 48
118480 95
118501 125
118501 27
118520 103
118521 86
118538 106
118564 98
118564 106
118576 66
118615 55
118620 41
118621 30
118656 25
118671 122
118675 60
118676 66
118721 36
118733 29
118761 64
118799 29
118819 1
118848 100
118873 111
118905 41
118910 38
118955 11
119000 18
119011 56
119015 71
119039 108
119074 24
119086 22
119087 72
119104 104
119143 127
119181 45
119199 123
119208 62
119244 125
119272 80
119298 86
119338 4
119370 94
119411 43
119428 79
119455 37
119471 105
119475 45
119486 90
119522 93
119553 113
119558 90
119573 94
119615 64
119655 100
119679 6
119704 55
119733 34
119736 93
119779 35
119809 58
119843 1
119882 79
119924 104
119955 10
119963 68
120002 46
120033 50
120055 19
120062 85
120086 21
120125 124
120164 47
120188 5
120198 85
120229 69
120248 56
120248 125
120268 32
120298 100
120305 124
120343 16
120384 98
120398 15
120406 75
120447 61
120463 93
120493 110
120516 111
120520 17
120545 73
120562 50
120598 70
120629 71
120669 126
120685 108
120711 57
120722 8
120745 112
120779 88
120783 101
120824 30
120834 7
120845 24
120881 71
120910 108
120955 105
120964 97
120965 37
121001 43
121014 25
121024 46
121057 68
121095 26
121120 6
121131 95
121156 2
121156 122
121156 24
121176 38
121186 29
121221 21
121242 1
121277 38
121289 60
121312 50
121331 18
121360 10
121390 35
121391 1
121398 56
121433 17
121475 25
121504 63
121541 78
121574 121
121613 87
121658 104
121691 47
121696 112
121714 80
121755 35
121769 83
121779 81
121787 27
121810 104
121855 103
121885 53
121889 62
121932 31
121942 10
121955 43
121971 61
121980 124
121987 88
121996 36
122008 109
122046 60
122054 41
122073 102
122077 106
122111 120
122119 61
122127 32
122129 95
122142 6
122151 72
122189 26
122211 80
122234 20
122252 57
122255 108
122265 51
122296 67
122329 45
122340 95
122340 38
122355 120
122367 42
122401 42
122441 34
122473 116
122479 80
122487 51
122531 59
122531 4
122533 62
122545 72
122587 21
122628 53
122629 122
122665 23
122681 52
122700 23
122721 103
122723 93
122742 93
122782 59
122817 69
122821 77
122833 33
122850 88
122853 99
122869 90
122900 70
122903 13
122938 126
122954 55
122957 35
122984 46
122991 111
123018 127
123044 3
123050 45
123067 17
123103 118
123105 15
123150 57
123170 69
123200 5
123228 2
123256 26
123282 26
123295 56
123303 106
123322 86
123355 89
123356 125
123363 90
123391 113
123434 15
123475 96
123490 97
123513 42
123525 1
123567 97
123589 66
123624 123
123643 53
123681 68
123698 94
123736 117
123768 16
123811 74
123813 29
123817 38
123826 39
123861 36
123902 106
123936 124
123975 126
124004 93
124005 26
124038 121
124059 114
124060 25
124102 57
124103 112
124135 91
124168 86
124192 48
124201 101
124220 39
124240 101
124273 11
124290 28
124325 6
124356 46
124383 25
124415 91
124440 7
124475 120
124477 18
124512 17
124536 78
124545 87
124545 9
124558 85
124602 88
124602 41
124608 116
124646 24
124667 39
124690 71
124731 95
124758 46
124781 17
124807 94
124845 4
124880 125
124916 92
124934 24
124957 4
124967 65
124972 74
124989 122
125013 114
125019 33
125020 113
125058 42
125062 10
125106 17
125116 102
125124 57
125165 115
125191 36
125195 5
125205 50
125210 97
125241 17
125249 82
125290 80
125324 86
125327 107
125356 1
125390 57
125396 2
125418 78
125450 116
125460 45
125471 72
125473 39
125490 126
125520 44
125540 2
125583 4
125614 23
125634 93
125672 84
125696 97
125709 97
125738 57
125779 25
125794 15
125821 89
125849 46
125867 104
125878 23
125881 18
125925 67
125932 59
125953 89
125983 75
125989 102
126026 30
126055 42
126094 97
126133 56
126159 112
126161 106
126169 17
126210 59
126226 124
126237 76
126244 9
126250 96
126295 92
126309 89
126323 49
126351 67
126376 15
126401 53
126437 113
126455 11
126493 68
126526 14
126553 71
126580 50
126617 50
126623 28
126642 101
126646 55
126670 72
126687 80
126721 49
126725 76
126754 50
126796 23
126805 43
126831 64
126855 106
126892 124
126925 14
126961 26
126972 33
126981 123
126996 83
126996 54
127000 103
127043 58
127071 91
127076 40
127090 45
127101 2
127126 86
127155 103
127173 104
127197 96
127242 112
127278 76
127319 37
127338 38
127356 87
127371 31
127413 44
127421 102
127439 52
127468 62
127512 33
127554 33
127571 64
127573 114
127575 127
127604 25
127646 50
127658 50
127659 7
127664 62
127687 108
127692 54
127711 120
127740 37
127785 123
127817 81
127825 105
127829 110
127864 49
127894 84
127927 99
127962 101
127979 49
128005 87
128025 84
128055 65
128093 89
128102 87
128133 94
128171 86
128186 126
128205 90
128247 69
128289 79
128318 8
128363 119
128377 34
128390 107
128391 54
128422 6
128443 92
128476 42
128519 109
128550 25
128585 60
128587 7
128619 117
128661 18
128661 91
128682 5
128700 74
128712 9
128719 46
128737 61
128738 117
128754 62
128778 38
128812 53
128857 54
128890 52
128912 122
128949 84
128957 40
128989 90
128992 113
129032 40
129056 122
129094 14
129120 49
129149 103
129171 41
129212 70
129221 116
129235 96
129275 28
129315 25
129341 118
129349 102
129364 119
129382 96
129408 26
129442 114
129445 80
129472 126
129475 62
129518 52
129535 20
129548 19
129565 26
129569 74
129592 85
129628 70
129645 99
129650 118
129663 122
129667 30
129693 24
129729 37
129761 126
129803 37
129803 20
129832 48
129847 73
129856 15
129871 120
129900 104
129909 71
129919 66
129939 83
129968 118
130008 82
130044 6
130059 44
130083 65
130118 113
130129 100
130156 54
130162 122
130196 124
130231 32
130242 127
130243 101
130284 123
130293 61
130305 59
130309 11
130332 117
130340 9
130383 25
130426 77
130434 11
130442 66
130443 53
130445 120
130471 98
130482 95
130486 118
130504 55
130549 76
130556 39
130561 54
130576 50
130593 11
130611 24
130625 51
130648 5
130679 101
130684 50
130699 115
130738 40
130748 108
130761 61
130800 126
130837 102
130868 103
130909 18
130949 36
130966 123
130975 121
131011 86
131011 32
131030 113
131046 108
131082 23
131115 26
131157 64
131171 39
131198 99
131216 30
131244 18
131269 36
131281 39
131309 7
131336 78
131356 97
131378 121
131391 65
131423 10
131438 79
131475 60
131508 5
131537 102
131577 127
131619 64
131646 95
131653 36
131666 67
131678 55
131721 108
131757 106
131768 90
131805 10
131821 61
131850 90
131876 27
131906 126
131911 98
131937 56
131946 31
131965 30
132006 118
132038 28
132040 86
132077 81
132106 111
132125 11
132127 7
132133 11
132140 83
132172 48
132192 75
132221 22
132260 80
132299 91
132302 35
132336 67
132367 50
132388 92
132400 42
132439 40
132456 34
132497 94
132528 5
132531 72
132536 61
132556 121
132596 64
132604 12
132615 122
132624 15
132644 107
132674 113
132701 18
132706 62
132728 103
132758 104
132784 81
132799 19
132800 43
132817 60
132832 34
132846 88
132859 102
132864 38
132880 127
132910 123
132911 2
132931 71
132953 116
132983 58
133023 23
133032 87
133058 29
133074 54
133081 26
133122 96
133143 116
133178 58
133208 58
133232 6
133257 103
133297 70
133324 47
133326 77
133331 6
133353 20
133355 109
133380 116
133414 99
133454 42
133497 36
133508 104
133520 76
133562 104
133586 29
133589 53
133605 68
133611 77
133645 96
133664 67
133694 86
133708 57
133743 125
133783 51
133802 108
133834 91
133837 6
133879 5
133909 109
133917 23
133922 26
133922 3
133945 17
133970 16
133972 113
133977 102
133980 111
134021 116
134059 12
134070 89
134101 17
134103 59
134145 126
134163 26
134186 104
134222 75
134228 90
134238 111
134247 25
134253 100
134285 90
134299 96
134330 68
134339 24
134346 23
134363 57
134383 22
134402 75
134436 32
134437 75
134438 39
134479 87
134514 127
134555 51
134594 60
134624 37
134633 114
134647 78
134648 72
134657 73
134667 77
134667 17
134704 89
134711 116
134746 37
134759 28
134777 86
134807 44
134823 97
134823 92
134857 26
134885 11
134888 97
134900 26
134921 32
134956 94
134966 26
134979 115
135020 111
135023 30
135033 82
135039 3
135083 3
135097 68
135123 92
135160 51
135164 3
135205 19
135239 14
135273 8
135317 79
135340 44
135351 86
135389 43
135431 1
135464 81
135494 124
135533 74
135557 62
135595 84
135606 118
135645 112
135672 86
135678 60
135679 25
135702 85
135729 6
135753 69
135788 7
135791 12
135827 106
135848 52
135869 36
135899 34
135932 79
135975 123
136001 38
136017 96
136059 124
136077 1
136085 18
136106 66
136112 26
136121 53
136158 48
136184 66
136206 103
136224 53
136261 10
136272 116
136296 6
136320 28
136322 40
136362 7
136400 5
136411 88
136446 21
136486 32
136501 101
136522 41
136540 61
136541 35
136552 87
136553 69
136596 103
136604 51
136647 29
136668 98
136684 5
136721 92
136740 65
136760 36
136793 26
136801 9
136840 86
136877 13
136883 110
136911 19
136953 103
136998 3
137011 101
137043 61
137071 40
137088 102
137103 121
137104 5
137143 2
137174 25
137181 79
137191 47
137192 23
137212 23
137243 124
137280 20
137321 47
137330 96
137344 76
137369 27
137404 38
137426 38
137452 46
137480 43
137495 106
137500 9
137545 124
137547 69
137590 76
137595 73
137618 26
137634 124
137670 121
137672 37
137698 27
137707 34
137710 30
137739 30
137754 55
137776 43
137814 76
137840 66
137863 17
137896 47
137911 66
137912 24
137933 79
137938 78
137972 125
137989 28
138034 124
138066 38
138079 84
138085 43
138093 7
138136 39
138159 47
138182 85
138204 32
138219 120
138245 81
138274 120
138304 28
138338 119
138360 59
138402 69
138414 7
138414 48
138422 124
138452 9
138489 16
138508 72
138530 55
138555 41
138567 46
138609 77
138648 84
138654 74
138658 11
138695 118
138727 8
138750 31
138784 65
138800 88
138830 35
138864 9
138890 115
138902 17
138937 119
138980 64
138995 72
138996 104
139034 46
139035 14
139064 91
139072 37
139103 1
139106 54
139149 21
139181 5
139218 19
139249 117
139250 14
139292 33
139309 101
139339 82
139377 106
139395 95
139437 72
139463 74
139473 92
139480 57
139496 45
139513 53
139514 24
139529 63
139540 116
139570 116
139578 5
139600 127
139641 80
139672 80
139692 125
139712 40
139712 110
139736 73
139754 50
139754 94
139794 69
139796 19
139831 106
139841 59
139881 36
139907 123
139931 7
139948 29
139961 53
139992 114
140001 127
140013 24
140023 85
140030 41
140035 62
140037 35
140065 64
140101 102
140114 79
140135 6
140145 46
140155 50
140156 83
140169 13
140170 28
140181 43
140206 117
140222 94
140267 33
140311 64
140356 76
140373 40
140384 121
140416 115
140431 75
140464 45
140470 44
140501 14
140528 35
140543 8
140572 14
140578 31
140599 56
140608 13
140633 17
140666 94
140708 104
140722 79
140730 65
140761 8
140785 52
140824 55
140851 114
140873 55
140888 9
140903 33
140928 105
140937 118
140938 103
140970 81
141000 79
141001 62
141012 76
141039 64
141053 48
141081 86
141092 1
141127 15
141146 61
141160 81
141203 104
141208 102
141211 60
141220 64
141234 8
141267 2
141273 33
141293 53
141310 100
141333 48
141370 27
141401 87
141445 31
141464 29
141486 62
141508 69
141549 89
141562 41
141606 64
141649 49
141656 107
141690 40
141725 86
141731 96
141757 66
141799 44
141842 38
141871 100
141894 60
141939 16
141956 26
141964 73
141973 2
141987 47
142020 10
142038 97
142073 52
142110 123
142111 91
142119 88
142163 114
142181 89
142215 22
142239 12
142258 127
142269 66
142276 44
142288 70
142303 4
142335 26
142343 7
142357 123
142372 68
142390 105
142427 18
142464 77
142508 9
142515 31
142522 59
142561 68
142579 78
142622 1
142641 11
142686 23
142705 15
142735 20
142736 89
142762 115
142802 88
142812 90
142836 25
142866 45
142877 19
142920 66
142927 32
142950 108
142960 41
142985 75
142998 120
143005 107
143035 77
143061 65
143073 8
143095 123
143110 85
143138 57
143142 107
143166 108
143183 94
143221 36
143232 30
143262 111
143282 59
143312 5
143317 57
143348 124
143378 68
143398 74
143423 28
143444 53
143461 71
143505 15
143510 53
143550 88
143590 7
143624 18
143668 119
143678 89
143717 73
143742 66
143754 117
143788 90
143793 3
143809 16
143841 51
143854 30
143867 127
143890 118
143905 28
143930 44
143974 107
143979 3
143984 79
144000 59
144045 98
144089 40
144098 71
144116 108
144127 86
144138 70
144168 112
144191 7
144228 63
144232 53
144250 83
144291 46
144335 79
144358 81
144375 20
144379 13
144423 7
144445 55
144449 96
144455 14
144478 93
144517 118
144531 91
144575 124
144603 103
144616 114
144626 102
144642 125
144657 21
144660 105
144701 19
144735 56
144776 13
144809 24
144846 27
144866 79
144888 112
144895 18
144915 51
144948 37
144978 104
145007 68
145011 16
145052 57
145085 15
145087 82
145092 110
145115 102
145128 54
145166 90
145207 86
145218 75
145262 54
145301 105
145345 16
145388 32
145427 109
145437 104
145460 35
145462 104
145506 50
145524 71
145526 36
145571 29
145611 14
145614 32
145629 67
145641 43
145655 57
145684 122
145709 117
145712 46
145752 40
145794 42
145797 22
145799 6
145818 40
145858 66
145869 83
145870 60
145912 107
145953 37
145976 77
145978 13
145984 58
145988 117
146012 126
146016 123
146060 122
146096 100
146102 11
146121 79
146135 78
146166 119
146204 31
146241 17
146283 121
146291 124
146301 20
146317 109
146351 95
146359 113
146395 31
146396 68
146409 121
146427 114
146440 105
146458 55
146497 50
146516 41
146545 36
146547 105
146569 1
146611 5
146650 120
146662 13
146705 43
146717 64
146734 3
146773 10
146800 81
146809 33
146840 75
146875 19
146904 94
146913 33
146946 74
146982 92
147010 20
147033 105
147037 92
147077 126
147082 109
147090 30
147115 110
147126 6
147147 81
147178 105
147193 3
147226 3
147229 103
147258 121
147271 32
147297 61
147304 96
147345 125
147351 51
147376 38
147403 49
147442 3
147461 75
147485 89
147524 16
147544 105
147587 69
147602 116
147637 12
147660 101
147672 77
147673 16
147712 18
147752 71
147761 124
147792 53
147820 125
147855 125
147881 20
147905 87
147940 126
147956 86
147961 115
147973 15
147998 56
148011 125
148037 85
148045 55
148083 100
148123 78
148148 117
148188 102
148212 106
148254 23
148286 58
148298 50
148318 102
148363 18
148379 64
148380 125
148422 83
148427 67
148460 126
148480 12
148490 34
148497 72
148539 61
148548 29
148569 123
148591 50
148626 46
148636 49
148671 122
148699 125
148736 52
148777 94
148788 40
148795 125
148837 53
148851 10
148874 70
148909 126
148911 58
148915 79
148916 96
148937 16
148979 50
149018 29
149028 16
149041 65
149065 122
149100 3
149114 1
149157 49
149169 89
149186 123
149221 32
149249 12
149282 69
149306 57
149335 99
149336 64
149356 88
149389 125
149410 87
149435 79
149457 34
149483 122
149488 107
149493 39
149514 13
149544 57
149567 97
149612 72
149626 99
149657 17
149692 15
149726 20
149742 105
149781 119
149810 35
149852 106
149897 119
149906 20
149929 12
149946 1
149967 28
149977 12
149994 29
150036 63
150046 123
150077 51
150109 124
150125 98
150161 83
150167 103
150209 122
150243 33
150276 93
150285 46
150291 95
150318 44
150335 76
150349 45
150394 22
150422 98
150443 65
150470 52
150505 66
150534 2
150562 15
150587 20
150613 100
150619 42
150629 7
150640 2
150646 66
150675 49
150711 26
150730 5
150773 124
150794 103
150795 10
150802 5
150813 1
150815 70
150820 113
150832 66
150838 47
150862 77
150880 82
150885 19
150921 109
150954 39
150992 56
151015 52
151033 72
151061 111
151066 108
151081 95
151082 74
151124 115
151154 79
151191 74
151226 66
151247 54
151288 31
151318 63
151318 28
151346 123
151362 56
151395 58
151398 32
151407 69
151427 49
151449 60
151477 5
151480 69
151487 26
151488 47
151505 75
151521 56
151525 118
151537 20
151567 39
151585 63
151598 89
151637 60
151639 112
151678 111
151715 48
151718 101
151722 71
151752 45
151780 124
151791 123
151821 24
151828 22
151860 107
151896 79
151918 84
151954 88
151977 122
152021 55
152029 121
152062 60
152082 78
152100 36
152119 24
152142 53
152143 23
152187 53
152210 69
152225 30
152233 107
152233 59
152277 49
152277 29
152285 65
152311 66
152348 96
152393 6
152430 6
152431 50
152455 74
152480 66
152498 108
152499 69
152509 8
152512 91
152532 110
152547 88
152551 96
152562 28
152601 112
152641 103
152644 38
152647 79
152686 41
152727 123
152761 126
152777 74
152820 72
152854 93
152866 85
152867 29
152911 65
152919 81
152928 68
152965 5
152972 65
153007 127
153036 57
153069 9
153114 112
153158 99
153177 35
153180 3
153219 50
153248 10
153253 104
153298 39
153304 96
153314 12
153349 97
153372 71
153394 21
153404 116
153406 29
153441 81
153464 127
153468 69
153485 3
153495 16
153498 9
153527 37
153566 126
153579 121
153606 13
153645 73
153645 38
153665 32
153666 65
153682 120
153688 31
153697 76
153725 2
153751 103
153783 26
153786 3
153809 20
153811 115
153820 23
153839 109
153850 34
153885 120
153920 35
153958 84
153997 106
154033 32
154072 49
154117 122
154123 96
154151 67
154178 31
154214 5
154237 111
154242 82
154266 99
154294 16
154320 12
154335 20
154361 56
154390 94
154428 48
154463 21
154487 76
154494 6
154494 33
154535 86
154560 46
154587 50
154622 26
154628 41
154664 108
154701 124
154727 25
154771 57
154772 44
154789 114
154805 110
154811 33
154824 68
154865 74
154866 31
154899 98
154927 73
154933 29
154960 16
155004 47
155015 6
155047 41
155055 5
155073 60
155075 100
155117 26
155129 14
155149 39
155161 35
155175 55
155219 34
155234 33
155234 84
155255 64
155280 25
155291 76
155295 107
155303 59
155323 47
155350 82
155359 37
155371 64
155416 94
155454 68
155460 95
155480 73
155498 69
155539 97
155583 39
155607 63
155627 115
155631 13
155650 85
155668 15
155692 51
155712 72
155742 21
155763 6
155802 2
155803 15
155843 112
155845 25
155886 30
155914 48
155920 42
155931 59
155942 78
155944 21
155987 78
155989 53
156006 48
156042 25
156087 106
156089 53
156110 2
156114 38
156124 64
156142 4
156175 110
156192 98
156222 67
156243 64
156243 43
156287 101
156305 98
156310 42
156322 33
156356 66
156394 64
156438 50
156464 108
156506 84
156536 92
156575 118
156581 90
156600 39
156601 76
156639 33
156640 95
156681 100
156719 60
156720 78
156762 78
156782 35
156809 99
156846 56
156852 110
156877 18
156899 19
156920 126
156937 69
156956 95
156982 96
157003 1
157034 70
157034 90
157036 75
157078 39
157080 69
157107 15
157129 92
157167 21
157180 72
157188 32
157215 49
157215 21
157237 67
157269 45
157274 116
157284 51
157297 102
157319 86
157363 59
157372 127
157379 117
157418 110
157457 57
157466 3
157506 107
157511 63
157545 111
157570 121
157612 117
157641 42
157673 39
157677 109
157681 27
157721 101
157726 36
157742 53
157760 53
157787 119
157824 107
157855 39
157857 19
157871 106
157904 74
157920 19
157948 79
157953 116
157955 57
157992 48
157994 11
158017 1
158053 29
158063 69
158107 69
158130 20
158152 34
158182 96
158193 30
158209 88
158249 18
158293 125
158321 6
158354 52
158394 96
158426 97
158447 124
158457 76
158478 57
158515 127
158556 72
158592 23
158604 82
158619 53
158624 99
158647 27
158675 96
158682 105
158722 122
158736 22
158770 106
158806 49
158822 121
158856 36
158872 53
158877 112
158911 106
158924 109
158942 105
158954 121
158993 123
159024 14
159048 98
159049 25
159056 80
159097 69
159141 62
159164 106
159174 27
159175 111
159200 8
159236 122
159239 66
159254 85
159273 19
159286 35
159320 101
159355 107
159391 118
159431 38
159453 13
159457 59
159464 38
159500 75
159545 5
159572 63
159577 75
159593 56
159602 80
159603 115
159624 117
159638 121
159671 126
159699 29
159705 31
159710 93
159739 98
159753 49
159796 10
159834 5
159855 90
159884 19
159885 2
159888 115
159891 25
159903 91
159923 11
159940 52
159964 32
160005 51
160039 43
160049 105
160088 75
160109 71
160117 67
160154 20
160165 64
160170 62
160215 10
160215 106
160256 14
160275 56
160292 87
160332 10
160337 115
160352 13
160363 117
160387 58
160422 15
160444 9
160447 120
160466 92
160466 124
160500 57
160535 7
160536 56
160558 14
160567 8
160587 16
160606 73
160607 25
160610 96
160630 42
160661 94
160666 29
160675 47
160676 83
160705 120
160728 77
160767 76
160794 41
160803 7
160832 108
160851 95
160876 17
160890 88
160911 69
160949 39
160976 30
161021 102
161028 37
161041 74
161059 77
161067 43
161105 26
161131 105
161163 34
161185 72
161197 81
161213 93
161228 119
161231 42
161274 101
161316 11
161316 87
161350 95
161368 33
161369 111
161371 12
161405 15
161414 63
161451 59
161496 8
161507 97
161524 72
161563 124
161600 80
161616 14
161620 109
161632 123
161656 117
161677 75
161706 14
161734 44
161737 25
161762 101
161767 54
161774 60
161808 5
161840 101
161851 73
161895 116
161922 116
161922 67
161927 60
161931 39
161953 127
161995 42
162033 19
162076 18
162094 14
162117 84
162150 105
162150 86
162186 95
162206 94
162238 105
162256 60
162279 71
162280 4
162291 2
162300 41
162314 51
162352 96
162358 19
162391 43
162405 26
162442 14
162475 91
162475 99
162506 76
162539 63
162566 36
162567 5
162601 48
162605 2
162642 83
162645 113
162655 78
162695 19
162703 67
162706 18
162709 106
162736 95
162753 117
162767 28
162774 37
162780 118
162799 43
162831 33
162857 30
162886 126
162900 60
162917 63
162939 90
162965 7
162971 113
162983 109
162992 74
163022 90
163033 25
163072 38
163075 106
163090 42
163090 41
163105 82
163137 47
163172 6
163203 78
163206 13
163215 12
163255 111
163299 100
163310 75
163333 28
163365 82
163410 11
163447 72
163468 122
163492 115
163505 12
163528 24
163538 36
163566 122
163589 35
163609 113
163635 108
163647 15
163664 34
163707 89
163741 54
163747 57
163786 124
163809 78
163825 123
163858 49
163886 61
163915 2
163941 105
163944 81
163974 92
164000 68
164025 52
164065 6
164087 21
164106 27
164112 18
164146 82
164154 79
164173 100
164207 5
164227 125
164259 7
164267 95
164308 25
164337 117
164353 97
164361 27
164389 33
164393 115
164416 99
164451 71
164490 55
164526 71
164557 88
164565 69
164568 57
164587 66
164611 28
164625 78
164665 44
164669 70
164698 34
164735 84
164772 10
164776 117
164792 69
164830 28
164861 29
164873 57
164883 93
164884 106
164920 53
164962 108
164990 29
164999 3
165040 56
165066 41
165072 36
165082 100
165087 89
165097 102
165121 13
165137 75
165166 48
165170 102
165193 8
165214 31
165218 56
165219 63
165239 38
165283 62
165289 47
165322 65
165346 100
165352 78
165391 57
165399 18
165443 35
165473 66
165481 123
165511 112
165535 118
165543 69
165546 61
165564 58
165591 18
165625 86
165637 75
165668 94
165708 78
165712 82
165727 68
165770 14
165777 29
165821 88
165837 70
165869 37
165896 62
165903 66
165920 84
165962 84
166002 82
166039 59
166044 3
166088 88
166115 21
166142 108
166158 105
166180 76
166183 124
166222 42
166263 74
166287 4
166321 100
166324 124
166365 90
166409 75
166436 35
166443 96
166467 8
166475 37
166478 63
166518 76
166548 23
166551 27
166561 120
166590 14
166602 38
166646 112
166656 107
166667 93
166706 13
166738 98
166745 26
166770 15
166783 6
166810 60
166826 100
166832 75
166843 113
166846 7
166875 68
166913 82
166920 21
166948 37
166958 71
166969 59
166978 77
166995 124
167016 13
167056 77
167056 32
167079 27
167089 81
167106 67
167124 21
167129 125
167150 9
167161 71
167205 41
167239 102
167273 78
167274 40
167316 97
167361 70
167386 101
167421 48
167449 119
167454 121
167492 32
167516 125
167539 101
167558 25
167599 101
167628 49
167669 39
167703 64
167707 86
167707 86
167714 10
167730 83
167749 120
167759 113
167768 64
167782 60
167811 103
167842 74
167881 32
167921 99
167936 5
167973 106
167977 56
168008 9
168039 22
168072 72
168100 54
168143 5
168167 121
168193 92
168193 103
168213 40
168223 7
168238 8
168274 48
168276 50
168313 65
168317 19
168324 64
168363 89
168383 28
168424 29
168465 83
168499 39
168524 86
168533 47
168575 119
168601 29
168608 110
168608 27
168616 115
168657 16
168681 110
168692 34
168698 113
168729 39
168759 84
168796 30
168819 45
168861 82
168891 126
168925 126
168968 56
168996 60
169036 31
169057 28
169087 57
169108 12
169128 20
169137 31
169148 92
169150 65
169165 3
169208 17
169225 86
169250 63
169283 96
169310 124
169321 78
169364 41
169398 4
169402 36
169405 54
169417 87
169433 120
169447 122
169469 92
169505 99
169528 30
169543 18
169574 95
169595 69
169620 29
169627 46
169667 16
169684 92
169684 85
169715 11
169754 9
169754 32
169761 110
169789 57
169806 121
169838 4
169865 81
169887 86
169912 58
169934 125
169947 1
169986 75
169993 64
170018 120
170041 94
170064 61
170102 5
170113 117
170152 8
170168 48
170186 55
170217 74
170251 8
170284 120
170293 10
170333 13
170337 94
170361 26
170383 117
170392 9
170393 12
170423 112
170456 69
170467 60
170478 17
170511 30
170549 50
170588 89
170630 50
170659 8
170673 95
170704 109
170738 58
170773 111
170783 35
170810 24
170844 5
170874 46
170898 41
170924 104
170959 112
170963 84
171006 73
171028 57
171047 77
171071 95
171099 17
171144 117
171179 61
171194 109
171236 19
171263 115
171304 57
171343 47
171357 4
171371 49
171373 87
171394 33
171429 26
171449 99
171477 94
171480 125
171486 64
171525 15
171566 22
171593 64
171612 47
171629 40
171664 53
171683 50
171686 43
171695 100
171717 35
171724 4
171767 89
171774 13
171776 64
171814 99
171831 42
171866 33
171908 52
171920 108
171964 120
172003 58
172009 68
172014 44
172037 27
172066 113
172068 75
172081 94
172115 102
172122 100
172124 21
172159 43
172159 97
172175 86
172181 14
172214 111
172234 14
172245 92
172285 13
172330 34
172361 115
172404 45
172423 105
172459 34
172485 65
172495 125
172519 90
172546 118
172564 117
172576 62
172620 43
172665 83
172686 102
172687 50
172687 73
172716 60
172720 29
172753 48
172788 86
172790 106
172791 73
172829 7
172835 28
172879 114
172887 25
172906 123
172938 20
172947 104
172970 68
172992 4
173027 3
173039 127
173077 75
173077 23
173100 84
173121 11
173152 108
173175 59
173190 107
173202 105
173230 15
173238 118
173245 116
173282 64
173301 83
173333 55
173350 116
173355 91
173370 40
173393 43
173394 91
173412 17
173419 127
173445 78
173473 106
173481 111
173519 126
173534 105
173576 68
173594 8
173594 41
173622 7
173649 6
173658 30
173672 59
173706 52
173742 79
173782 63
173784 37
173817 113
173850 122
173879 111
173914 96
173929 79
173952 10
173972 50
173976 10
174014 94
174042 66
174068 24
174075 21
174097 8
174117 24
174155 9
174187 59
174232 16
174272 44
174276 107
174284 44
174325 13
174329 35
174359 58
174388 124
174398 122
174420 109
174435 4
174461 87
174481 8
174498 116
174503 56
174514 112
174550 66
174575 101
174595 54
174612 93
174641 47
174651 50
174679 19
174724 113
174739 61
174776 80
174798 95
174798 61
174838 80
174855 16
174898 27
174910 75
174911 124
174953 65
174987 17
175007 55
175010 111
175016 46
175059 71
175072 76
175111 17
175113 60
175142 70
175156 25
175198 27
175214 92
175240 108
175256 12
175278 86
175323 114
175328 38
175357 7
175374 1
175414 64
175456 3
175480 50
175521 57
175525 45
175526 87
175534 105
175568 67
175592 124
175627 104
175628 73
175639 42
175682 86
175687 73
175690 2
175713 79
175716 37
175730 4
175764 114
175808 43
175847 108
175855 100
175879 97
175915 20
175926 81
175957 53
175960 114
175960 79
175995 93
176008 43
176049 54
176090 98
176098 43
176136 118
176161 49
176191 60
176201 41
176215 42
176240 108
176242 70
176275 42
176306 39
176324 8
176360 18
176365 116
176404 18
176429 27
176466 85
176491 43
176518 105
176536 40
176547 91
176589 33
176615 125
176652 33
176692 17
176734 112
176771 84
176782 91
176799 107
176834 93
176864 20
176887 12
176926 74
176954 68
176960 9
176962 106
177007 37
177044 31
177079 104
177085 110
177103 70
177136 2
177150 47
177153 16
177181 55
177198 124
177228 107
177242 14
177273 50
177285 108
177315 127
177358 101
177378 125
177415 55
177451 82
177457 103
177489 16
177497 88
177535 98
177555 44
177584 110
177605 50
177629 102
177640 39
177674 45
177704 89
177738 16
177783 36
177793 60
177802 47
177834 81
177847 94
177856 20
177858 82
177882 97
177918 13
177935 102
177970 77
178006 8
178024 101
178039 69
178043 81
178046 95
178082 120
178123 12
178165 68
178170 99
178195 8
178199 58
178207 96
178245 67
178277 10
178289 59
178315 44
178357 54
178370 36
178400 24
178441 8
178481 116
178522 45
178531 86
178533 39
178575 51
178603 38
178642 99
178668 103
178671 48
178702 123
178735 5
178758 70
178803 34
178837 84
178871 51
178875 60
178903 10
178932 123
178936 87
178968 21
179009 10
179021 62
179044 101
179045 53
179053 10
179056 47
179096 64
179136 90
179181 3
179213 126
179254 108
179255 50
179269 67
179311 20
179344 74
179381 84
179410 37
179425 48
179427 7
179442 93
179464 114
179504 99
179521 96
179536 64
179562 125
179580 41
179611 37
179617 14
179649 1
179675 59
179705 96
179732 114
179765 2
179768 65
179790 113
179820 13
179854 41
179880 29
179910 19
179947 84
179988 108
180016 80
180025 90
180031 92
180036 13
180075 113
180077 107
180119 35
180128 26
180142 26
180144 10
180178 121
180217 14
180249 25
180285 81
180322 65
180339 13
180381 80
180394 107
180422 124
180447 38
180453 82
180458 32
180499 101
180511 16
180542 100
180586 50
180613 83
180631 7
180676 97
180691 117
180715 33
180715 44
180718 55
180754 53
180756 44
180775 77
180785 37
180795 46
180828 34
180832 101
180862 89
180901 84
180906 80
180926 56
180927 111
180943 52
180975 109
181009 89
181018 97
181038 115
181051 55
181064 45
181071 20
181110 23
181114 1
181135 5
181154 42
181167 69
181176 105
181220 97
181260 83
181260 67
181271 105
181305 94
181313 73
181328 126
181356 76
181376 31
181382 123
181412 5
181452 43
181468 84
181511 56
181525 73
181539 125
181565 11
181605 7
181650 121
181692 22
181708 93
181746 77
181755 57
181784 112
181823 46
181848 22
181880 107
181904 67
181948 78
181970 126
182000 127
182025 33
182062 80
182090 65
182108 15
182136 74
182138 71
182147 84
182157 23
182181 103
182204 104
182212 121
182251 14
182268 67
182270 81
182270 2
182275 25
182293 37
182298 102
182341 126
182359 24
182402 88
182417 77
182456 16
182474 38
182474 67
182519 100
182551 32
182575 96
182579 68
182590 41
182627 31
182632 91
182667 61
182680 49
182705 78
182740 33
182741 54
182748 61
182784 82
182787 87
182817 117
182825 113
182868 65
182895 107
182936 95
182966 103
182987 60
183022 25
183034 98
183059 114
183073 43
183094 30
183111 4
183124 107
183134 7
183158 101
183190 37
183233 99
183273 43
183317 54
183345 37
183359 31
183403 121
183444 72
183466 49
183490 42
183505 123
183517 112
183533 36
183534 113
183547 42
183548 59
183570 77
183605 91
183613 101
183620 1
183646 46
183646 88
183667 19
183711 57
183755 55
183793 18
183806 109
183808 61
183853 101
183859 121
183886 101
183913 116
183934 66
183949 101
183987 116
184005 127
184043 55
184072 26
184114 18
184136 32
184177 56
184209 1
184251 37
184273 65
184317 126
184319 85
184333 53
184367 127
184379 119
184397 21
184432 52
184434 51
184441 100
184457 55
184468 8
184479 83
184514 119
184538 91
184560 85
184605 55
184626 29
184630 96
184633 20
184635 79
184646 37
184677 49
184707 87
184714 85
184741 118
184767 119
184804 70
184804 15
184838 49
184857 61
184875 7
184920 5
184943 51
184968 82
185002 106
185014 89
185057 54
185057 56
185093 104
185115 49
185123 42
185132 17
185152 45
185191 53
185203 33
185203 104
185241 95
185285 126
185298 51
185336 39
185339 103
185345 121
185346 55
185350 75
185378 99
185395 22
185435 45
185439 65
185461 65
185468 113
185473 12
185511 98
185553 16
185591 126
185616 98
185628 65
185637 116
185676 13
185681 78
185682 44
185691 89
185695 80
185733 39
185772 87
185780 19
185797 100
185816 108
185836 38
185871 74
185909 44
185924 71
185968 60
185985 59
186023 86
186033 48
186051 45
186077 81
186101 59
186108 80
186111 23
186124 84
186127 47
186134 52
186173 50
186213 56
186247 74
186258 64
186283 28
186308 89
186317 13
186331 10
186350 106
186361 105
186368 24
186388 25
186424 23
186463 14
186506 10
186526 31
186540 72
186567 55
186581 6
186596 127
186636 74
186659 10
186675 42
186712 126
186725 78
186761 117
186801 8
186823 87
186834 73
186838 81
186845 55
186851 10
186879 73
186881 4
186884 62
186903 62
186945 109
186974 112
187001 61
187016 43
187057 24
187072 109
187098 64
187103 90
187124 6
187169 37
187205 110
187234 127
187256 68
187290 118
187303 7
187311 16
187332 21
187338 126
187360 65
187374 57
187406 46
187409 97
187438 120
187479 125
187504 6
187505 86
187522 78
187538 67
187580 105
187603 121
187626 21
187629 20
187629 29
187650 78
187695 97
187699 78
187724 78
187751 70
187779 102
187791 105
187798 2
187806 109
187809 48
187821 85
187826 85
187842 78
187871 112
187911 105
187944 65
187988 58
188012 33
188038 24
188075 45
188077 39
188115 76
188124 10
188159 100
188199 91
188244 124
188258 83
188265 22
188288 68
188307 96
188310 46
188325 73
188344 121
188371 10
188416 80
188457 90
188500 95
188515 61
188558 32
188590 82
188616 109
188659 95
188667 47
188704 71
188738 27
188739 34
188781 24
188817 44
188848 59
188882 42
188897 46
188931 11
188934 11
188955 1
188990 37
189031 97
189065 68
189078 126
189094 116
189095 109
189105 100
189142 13
189171 115
189192 10
189197 119
189235 105
189235 87
189268 102
189288 12
189326 97
189342 109
189362 7
189372 93
189373 62
189386 108
189412 40
189445 35
189454 91
189494 125
189494 76
189503 44
189543 49
189585 30
189622 117
189659 105
189701 108
189709 39
189710 27
189747 27
189765 33
189803 120
189844 74
189878 20
189915 5
189953 30
189969 106
189988 119
189996 65
190029 15
190034 20
190052 37
190070 37
190103 62
190136 65
190156 44
190194 39
190201 50
190240 118
190264 71
190297 22
190309 72
190340 2
190357 81
190386 60
190413 86
190443 63
190478 51
190495 42
190500 102
190503 76
190506 15
190542 17
190584 44
190618 91
190635 93
190637 119
190655 102
190677 14
190677 89
190708 90
190749 101
190788 99
190823 120
190862 84
190867 60
190867 31
190871 45
190887 4
190907 45
190931 102
190964 78
191002 28
191040 119
191062 88
191081 90
191104 3
191120 27
191146 23
191185 112
191200 60
191212 117
191232 109
191241 29
191242 98
191254 110
191258 15
191280 100
191320 36
191353 9
191395 41
191435 127
191458 57
191498 9
191538 61
191543 66
191567 98
191600 32
191622 115
191665 58
191668 47
191694 52
191721 126
191762 18
191766 6
191772 3
191803 2
191818 53
191852 64
191857 66
191898 87
191941 45
191961 98
191995 4
192007 55
192038 43
192070 97
192093 6
192112 36
192141 44
192154 38
192166 73
192196 76
192211 19
192237 74
192239 69
192265 89
192293 40
192303 71
192332 3
192363 46
192406 49
192446 71
192452 13
192486 102
192496 70
192505 66
192548 56
192552 8
192596 24
192599 41
192643 112
192684 2
192692 20
192710 103
192737 28
192760 83
192787 49
192816 13
192851 123
192862 113
192886 72
192905 27
192912 127
192953 63
192953 1
192984 109
193018 27
193019 37
193062 90
193070 64
193071 20
193100 49
193130 63
193133 36
193136 117
193151 7
193170 61
193204 45
193221 21
193225 44
193249 35
193287 69
193295 46
193312 69
193324 91
193330 80
193358 126
193384 107
193429 77
193453 79
193465 44
193490 14
193506 36
193546 49
193584 76
193609 50
193624 77
193668 53
193688 102
193714 87
193726 77
193726 20
193754 12
193775 40
193811 87
193811 58
193845 114
193866 79
193896 5
193919 96
193919 5
193938 75
193961 103
193976 95
194021 35
194042 82
194075 52
194078 41
194079 85
194114 18
194153 81
194170 22
194211 12
194239 123
194256 58
194277 116
194280 89
194311 84
194341 102
194358 2
194402 40
194415 75
194442 111
194485 82
194491 83
194526 49
194568 98
194581 4
194586 94
194630 89
194668 68
194697 4
194709 22
194753 22
194770 39
194798 72
194819 63
194832 111
194862 99
194894 81
194918 41
194918 33
194952 124
194972 25
194994 74
195010 6
195049 76
195089 24
195095 67
195099 109
195100 6
195105 34
195108 20
195130 6
195175 31
195181 35
195220 111
195257 4
195281 74
195321 74
195346 55
195354 39
195364 124
195389 12
195399 7
195403 20
195431 93
195461 126
195505 98
195510 89
195535 41
195565 62
195566 6
195605 22
195631 118
195667 66
195698 7
195739 68
195759 46
195792 78
195814 82
195817 82
195841 38
195869 4
195881 62
195907 36
195937 119
195969 108
195986 41
196020 123
196052 51
196052 54
196084 40
196086 109
196113 22
196153 96
196181 73
196221 50
196265 94
196276 69
196303 25
196318 71
196331 68
196353 60
196355 99
196376 68
196383 30
196392 30
196430 86
196460 104
196500 115
196538 100
196573 59
196585 37
196587 44
196629 80
196658 105
196695 76
196725 26
196761 81
196773 23
196799 33
196815 5
196844 17
196844 88
196867 34
196900 89
196917 111
196949 19
196973 107
197003 103
197020 75
197064 60
197090 85
197133 111
197137 61
197157 98
197161 85
197174 104
197199 55
197230 63
197261 6
197297 51
197337 53
197360 24
197371 60
197414 115
197437 6
197480 10
197518 40
197537 99
197544 71
197547 37
197549 75
197561 1
197598 53
197634 117
197677 64
197703 16
197742 19
197743 112
197787 78
197796 102
197835 91
197836 17
197844 122
197874 107
197879 12
197918 21
197940 108
197967 55
197970 3
197979 20
197985 36
197985 75
197992 58
198017 125
198041 5
198059 24
198088 61
198095 29
198111 89
198152 37
198167 85
198167 9
198198 47
198211 120
198250 12
198286 16
198316 127
198346 48
198350 39
198350 56
198394 15
198424 93
198427 118
198470 33
198475 4
198487 87
198498 27
198533 117
198562 64
198607 86
198611 45
198653 81
198660 125
198686 23
198705 18
198706 6
198751 36
198778 81
198801 37
198802 47
198812 126
198839 104
198849 22
198892 17
198918 125
198961 92
198966 59
198968 4
199010 29
199049 66
199075 8
199102 62
199140 62
199157 49
199166 114
199172 51
199204 122
199205 93
199207 80
199223 121
199256 30
199293 11
199315 49
199329 57
199341 64
199342 36
199383 6
199394 82
199394 118
199413 88
199422 88
199426 20
199434 120
199459 28
199504 43
199549 93
199570 106
199586 69
199613 66
199634 113
199660 109
199685 111
199685 36
199697 79
199698 30
199711 35
199736 66
199736 30
199777 66
199780 9
199811 59
199826 115
199859 1
199879 86
199906 4
199909 7
199941 57
199972 1
199999 3
200038 49
200080 108
200089 59
200090 83
200109 45
200121 23
200140 119
200180 72
200216 61
200246 85
200267 57
200268 64
200275 47
200314 23
200315 114
200323 102
200336 43
200349 9
200377 16
200386 104
200389 96
200399 66
200433 94
200435 118
200437 11
200480 66
200488 11
200505 32
200529 27
200560 17
200598 99
200611 30
200620 18
200625 56
200661 62
200689 50
200692 115
200728 112
200772 122
200811 70
200833 118
200836 56
200868 44
200892 97
200930 27
200960 103
200971 33
200997 96
201020 50
201040 46
201061 83
201088 49
201123 103
201152 48
201165 67
201188 57
201219 54
201262 9
201291 75
201324 95
201341 27
201354 112
201384 13
201427 50
201467 25
201478 59
201511 66
201527 74
201572 51
201600 88
201606 122
201646 14
201691 14
201719 114
201726 36
201754 63
201790 44
201796 110
201825 87
201831 46
201846 97
201871 127
201913 64
201957 125
201959 22
201973 75
202007 7
202040 81
202053 85
202091 122
202126 60
202134 83
202134 52
202169 78
202186 75
202203 74
202219 52
202260 96
202260 7
202279 103
202318 72
202320 82
202343 9
202346 53
202350 31
202382 50
202415 79
202452 73
202495 69
202530 35
202554 17
202561 10
202564 82
202596 106
202612 76
202642 30
202675 15
202701 95
202728 89
202746 85
202758 85
202778 53
202804 51
202842 77
202884 73
202917 13
202927 118
202933 56
202944 37
202985 105
202985 40
203024 84
203027 44
203064 29
203079 115
203098 118
203135 22
203162 37
203198 62
203233 51
203258 30
203292 56
203300 43
203331 98
203334 118
203339 76
203377 43
203390 50
203428 99
203435 65
203448 92
203473 92
203489 2
203502 9
203523 42
203524 21
203541 109
203554 55
203581 125
203601 12
203611 16
203630 49
203640 102
203652 1
203695 52
203699 8
203736 92
203752 67
203788 34
203805 111
203824 88
203850 69
203887 87
203914 82
203955 63
203961 42
203977 89
203995 46
204004 97
204022 64
204057 29
204068 78
204073 124
204104 67
204147 91
204164 106
204190 120
204218 109
204253 108
204260 70
204298 57
204341 31
204358 125
204381 51
204411 10
204446 76
204478 71
204516 3
204523 6
204535 42
204538 70
204545 92
204562 17
204589 84
204626 46
204643 27
204680 63
204720 26
204728 6
204755 51
204774 101
204813 79
204820 28
204851 58
204862 19
204889 31
204918 107
204962 41
204987 1
205012 114
205040 22
205084 65
205084 44
205126 21
205146 112
205160 23
205195 64
205201 109
205244 126
205253 121
205290 14
205296 12
205314 103
205332 105
205347 115
205381 36
205396 41
205418 34
205461 56
205502 23
205507 79
205520 68
205560 95
205570 11
205570 27
205581 40
205592 56
205597 54
205622 114
205655 78
205678 19
205698 125
205700 62
205726 98
205763 47
205784 119
205813 114
205851 84
205889 115
205932 78
205944 76
205952 96
205989 45
206029 107
206065 108
206077 98
206079 102
206086 46
206110 60
206146 87
206173 40
206211 50
206254 101
206278 17
206322 1
206323 114
206327 114
206332 33
206361 119
206378 14
206393 76
206415 118
206441 81
206465 16
206493 21
206516 3
206557 53
206583 16
206611 35
206626 67
206668 58
206695 19
206708 52
206753 31
206776 90
206806 44
206843 41
206854 102
206895 28
206904 72
206920 9
206949 19
206960 29
206961 67
206964 26
206974 91
206989 95
206992 123
207028 73
207049 101
207073 28
207102 118
207103 76
207112 63
207128 18
207167 29
207183 69
207192 39
207222 28
207247 15
207281 59
207285 40
207287 20
207291 83
207318 127
207327 2
207327 75
207333 73
207367 11
207382 4
207414 59
207414 67
207417 120
207422 109
207442 119
207447 84
207484 35
207526 35
207570 101
207578 72
207586 47
207586 11
207607 74
207644 118
207678 101
207687 72
207694 29
207697 21
207723 17
207725 44
207759 65
207775 20
207800 49
207808 101
207840 101
207880 40
207908 84
207948 51
207958 72
207984 71
208007 124
208038 79
208053 14
208079 108
208080 99
208097 55
208099 51
208121 74
208132 92
208148 65
208193 42
208221 21
208234 79
208238 83
208268 104
208289 16
208316 8
208316 6
208333 62
208353 57
208382 22
208415 23
208429 108
208431 14
208456 25
208471 82
208482 62
208513 98
208527 118
208536 58
208567 86
208608 61
208649 62
208681 9
208692 25
208728 20
208763 110
208768 37
208777 25
208784 64
208816 58
208818 120
208856 56
208898 30
208930 38
208939 46
208968 46
208998 82
209010 1
209012 27
209012 103
209046 110
209047 121
209055 72
209067 101
209078 106
209081 103
209110 52
209118 79
209151 28
209168 106
209193 76
209233 33
209272 76
209315 6
209347 15
209373 27
209384 37
209391 106
209424 102
209461 18
209484 25
209519 94
209539 7
209570 11
209590 43
209590 42
209625 56
209658 26
209679 108
209718 29
209728 11
209735 82
209757 76
209777 120
209787 19
209825 71
209826 2
209841 97
209843 85
209872 39
209879 127
209890 24
209905 121
209922 126
209960 64
209962 7
209979 8
209979 87
210010 91
210041 85
210086 110
210112 67
210157 45
210193 37
210213 51
210219 76
210243 21
210266 116
210276 32
210316 101
210339 55
210377 47
210404 78
210429 123
210429 95
210431 58
210460 31
210479 64
210484 37
210511 26
210554 22
210587 41
210626 82
210633 28
210654 122
210676 77
210693 114
210701 123
210703 118
210718 22
210719 121
210750 39
210760 40
210802 89
210803 4
210814 67
210833 3
210847 82
210847 46
210870 116
210895 29
210925 28
210967 5
211007 30
211016 93
211055 121
211057 18
211094 97
211096 106
211115 46
211152 21
211155 40
211184 37
211189 111
211206 14
211235 71
211236 33
211256 44
211270 115
211278 70
211321 85
211352 62
211362 57
211407 114
211451 53
211451 85
211464 39
211494 28
211521 35
211548 92
211586 38
211586 31
211630 103
211650 116
211669 4
211713 96
211726 65
211731 101
211763 35
211773 91
211775 53
211777 24
211780 42
211793 23
211803 83
211805 120
211831 49
211864 103
211865 102
211899 64
211924 111
211949 106
211987 19
212004 18
212042 34
212070 35
212087 12
212121 44
212138 108
212142 25
212186 19
212194 126
212218 89
212238 4
212265 54
212275 105
212313 90
212348 58
212386 74
212398 14
212411 123
212450 79
212470 5
212474 34
212495 35
212523 111
212529 114
212556 76
212592 65
212630 114
212647 75
212673 76
212681 87
212689 15
212709 78
212739 32
212781 32
212803 124
212825 55
212835 33
212860 20
212880 9
212889 75
212894 11
212895 87
212911 39
212954 27
212956 40
212960 17
212960 3
212986 107
212993 30
213014 23
213036 18
213060 7
213093 5
213124 102
213126 94
213150 24
213168 26
213185 101
213203 53
213207 110
213240 42
213279 28
213315 62
213354 55
213391 4
213400 23
213410 5
213425 29
213442 101
213461 88
213493 32
213525 46
213543 83
213546 34
213556 122
213594 29
213596 22
213633 63
213634 123
213676 26
213704 38
213722 103
213742 27
213752 13
213778 46
213797 94
213818 45
213852 17
213871 51
213900 57
213911 102
213923 72
213961 73
213966 39
213970 23
214002 80
214008 117
214044 37
214044 122
214066 15
214079 109
214105 80
214135 68
214142 55
214155 41
214179 72
214183 52
214219 126
214245 66
214262 80
214265 26
214286 16
214318 70
214357 65
214362 104
214388 1
214423 8
214447 125
214471 81
214507 26
214543 110
214585 73
214590 116
214617 87
214626 44
214660 120
214690 87
214726 6
214754 81
214759 53
214762 45
214765 31
214795 40
214801 33
214836 74
214852 120
214890 20
214891 12
214908 94
214917 112
214924 123
214950 97
214956 82
214984 31
215008 56
215032 60
215035 110
215061 101
215105 43
215108 100
215145 119
215173 72
215209 111
215216 79
215250 34
215275 124
215280 86
215286 88
215314 101
215332 12
215343 113
215369 21
215375 12
215387 71
215425 52
215464 85
215467 49
215488 88
215506 77
215512 115
215544 42
215569 59
215572 43
215614 94
215647 98
215678 53
215682 19
215695 14
215703 113
215715 61
215749 47
215788 64
215800 47
215809 73
215824 15
215850 72
215871 53
215877 97
215880 90
215888 91
215933 79
215933 53
215942 6
215949 72
215991 102
215991 29
216009 28
216015 8
216057 66
216068 120
216075 126
216102 24
216121 102
216140 110
216176 113
216194 97
216204 53
216244 94
216262 64
216274 15
216278 21
216301 15
216302 74
216304 111
216308 56
216317 90
216361 54
216366 25
216378 52
216413 20
216415 87
216443 100
216456 127
216458 100
216473 82
216511 2
216540 7
216577 24
216619 34
216636 85
216680 109
216714 109
216741 80
216777 34
216785 87
216810 78
216834 121
216850 13
216871 4
216894 107
216917 39
216930 108
216938 61
216939 48
216980 41
217007 116
217021 81
217025 109
217065 58
217080 53
217095 108
217117 87
217121 108
217125 32
217149 127
217149 35
217162 76
217183 92
217210 115
217215 39
217225 112
217269 95
217303 98
217311 48
217325 16
217337 13
217368 91
217411 41
217445 53
217487 31
217491 69
217493 25
217494 85
217518 64
217522 96
217530 5
217558 41
217577 113
217607 24
217649 47
217668 80
217676 105
217721 64
217753 49
217766 50
217778 27
217814 108
217824 75
217863 57
217886 115
217906 9
217943 121
217984 92
218027 97
218035 54
218045 92
218046 44
218071 53
218078 10
218078 101
218122 24
218152 76
218185 8
218186 104
218186 8
218216 82
218236 34
218251 33
218259 9
218303 71
218334 61
218375 53
218418 55
218442 55
218474 86
218481 77
218490 85
218522 47
218537 34
218542 113
218552 68
218562 37
218584 50
218627 60
218657 20
218668 43
218688 100
218702 46
218742 1
218745 7
218780 111
218782 124
218810 70
218843 22
218854 13
218891 11
218920 89
218954 18
218991 18
219025 5
219061 27
219088 31
219108 96
219142 107
219178 75
219219 53
219243 50
219278 1
219310 93
219329 43
219363 10
219390 47
219407 16
219419 1
219452 21
219467 63
219502 115
219506 15
219549 83
219575 24
219600 80
219629 42
219672 42
219689 87
219718 108
219733 115
219737 59
219747 26
219771 71
219782 116
219784 72
219787 92
219831 45
219840 49
219849 78
219884 91
219902 56
219937 39
219956 92
219964 55
219974 109
219992 48
220009 111
220011 23
220047 115
220059 62
220059 68
220070 36
220072 55
220108 31
220146 104
220170 64
220171 1
220185 23
220228 49
220239 89
220280 98
220308 52
220314 93
220320 121
220343 121
220374 90
220390 28
220408 33
220414 25
220439 41
220468 107
220509 16
220540 125
220557 7
220580 51
220600 90
220618 118
220652 90
220656 97
220687 78
220708 119
220716 4
220725 83
220758 46
220799 46
220826 4
220861 13
220865 111
220890 10
220916 75
220942 113
220950 73
220978 122
220983 41
221000 123
221038 58
221064 56
221073 114
221093 71
221099 93
221110 26
221122 92
221137 77
221179 87
221195 35
221196 84
221225 112
221249 102
221257 126
221274 29
221306 85
221327 34
221349 12
221375 89
221415 36
221418 96
221445 15
221478 124
221484 76
221504 28
221531 71
221556 91
221600 100
221611 75
221653 40
221692 110
221720 39
221748 87
221785 7
221829 24
221856 56
221893 93
221911 126
221911 104
221945 77
221955 33
221958 60
221997 26
222042 125
222070 77
222078 104
222086 2
222111 18
222155 40
222199 4
222207 17
222223 120
222223 64
222266 20
222303 21
222342 74
222347 2
222348 111
222385 61
222424 110
222440 78
222443 110
222469 69
222480 40
222484 29
222527 104
222533 68
222544 104
222565 102
222591 103
222599 66
222618 15
222647 107
222665 35
222685 35
222710 111
222752 106
222793 15
222824 111
222843 112
222871 70
222881 96
222917 42
222924 81
222931 114
222946 83
222953 123
222982 105
223016 79
223019 71
223042 56
223087 93
223098 28
223131 81
223165 70
223197 3
223209 95
223251 81
223275 2
223316 116
223354 95
223354 26
223358 65
223374 7
223385 82
223423 100
223463 14
223475 94
223489 116
223520 29
223554 91
223564 52
223593 61
223633 68
223644 51
223661 53
223686 29
223711 121
223745 27
223790 63
223815 27
223859 33
223895 51
223940 56
223951 29
223984 85
223985 38
224021 7
224057 25
224089 109
224102 36
