16 2
25 49
40 83
60 53
100 112
108 13
117 101
136 90
142 32
176 93
178 19
179 84
209 31
245 27
247 38
258 1
260 117
280 22
292 94
331 98
366 123
411 125
443 12
450 44
475 69
501 43
507 1
551 80
552 58
562 115
605 39
637 3
651 45
659 65
659 3
690 103
709 79
726 50
764 13
783 125
817 107
817 31
855 48
885 82
903 75
922 119
954 15
980 56
988 35
1018 99
1029 107
1035 96
1075 100
1096 19
1098 19
1133 60
1173 14
1218 41
1220 84
1235 108
1269 99
1299 108
1311 46
1312 112
1351 100
1359 11
1393 12
1414 60
1456 16
1494 90
1494 28
1503 123
1542 15
1560 22
1603 80
1607 74
1616 32
1636 41
1670 49
1679 57
1718 11
1749 68
1775 86
1775 30
1782 104
1819 27
1834 49
1855 17
1894 94
1925 67
1944 31
1960 18
1966 13
2006 124
2012 86
2045 63
2051 7
2055 95
2060 4
2075 93
2090 114
2102 47
2144 29
2173 29
2185 48
2226 109
2246 48
2288 63
2289 69
2330 116
2339 43
2379 75
2392 43
2412 120
2424 16
2439 88
2456 91
2490 81
2517 2
2533 23
2564 19
2582 81
2599 118
2635 84
2653 80
2686 60
2730 41
2758 92
2760 123
2782 103
2800 76
2840 109
2876 46
2880 25
2911 23
2945 68
2954 77
2960 55
2980 78
2997 9
3021 60
3052 102
3057 22
3069 118
3102 65
3138 119
3167 115
3182 64
3206 51
3229 39
3262 123
3303 25
3316 88
3355 55
3376 110
3413 39
3447 12
3462 10
3485 104
3506 113
3533 112
3550 115
3570 104
3584 124
3601 60
3609 121
3612 96
3643 105
3688 83
3693 51
3733 18
3767 39
3788 117
3833 51
3858 43
3869 68
3885 43
3889 94
3891 22
3908 95
3927 64
3952 109
3968 80
3976 2
3985 28
4030 114
4050 61
4058 41
4090 32
4131 102
4137 79
4164 102
4182 58
4200 68
4212 107
4246 65
4282 118
4297 62
4322 105
4353 74
4364 46
4403 37
4445 9
4468 20
4472 38
4481 108
4525 44
4558 92
4570 44
4602 116
4602 52
4642 72
4655 105
4658 119
4683 47
4697 4
4734 85
4748 127
4791 109
4821 17
4837 39
4871 112
4877 89
4899 40
4912 51
4914 88
4956 122
4979 114
4999 6
5003 14
5041 119
5054 59
5062 117
5065 120
5078 3
5091 28
5128 117
5158 30
5159 45
5160 80
5166 94
5201 36
5201 27
5243 5
5246 77
5257 61
5294 126
5302 85
5343 112
5373 25
5394 109
5414 94
5418 41
5422 48
5465 27
5494 67
5512 14
5522 113
5541 20
5585 42
5612 88
5623 81
5636 110
5659 68
5703 107
5713 28
5734 41
5763 50
5776 54
5819 19
5842 69
5874 41
5912 7
5924 27
5933 25
5951 73
5973 47
6013 100
6023 49
6030 88
6061 21
6100 99
6112 97
6120 43
6158 83
6170 118
6213 99
6228 85
6231 41
6271 57
6273 10
6281 15
6319 40
6364 103
6395 60
6399 84
6441 45
6474 28
6491 71
6533 44
6568 51
6568 42
6574 111
6604 51
6612 100
6656 48
6695 101
6728 106
6734 104
6761 8
6798 18
6814 92
6827 33
6863 73
6879 27
6900 42
6924 50
6959 85
7002 70
7031 96
7076 121
7101 15
7110 99
7121 72
7161 82
7182 58
7184 112
7215 105
7230 54
7256 32
7261 88
7298 43
7333 52
7339 75
7348 64
7360 47
7382 8
7420 93
7465 5
7479 127
7523 108
7532 59
7577 15
7606 38
7634 58
7654 22
7680 109
7684 67
7716 13
7748 101
7779 38
7790 68
7829 81
7857 52
7886 97
7914 75
7931 105
7953 110
7966 59
8003 98
8007 16
8027 104
8056 77
8074 89
8116 122
8120 66
8121 67
8142 108
8174 66
8174 98
8218 40
8253 113
8294 53
8328 54
8370 118
8392 83
8428 14
8429 101
8467 72
8480 113
8499 79
8532 66
8560 23
8604 84
8606 73
8612 59
8613 55
8620 14
8660 73
8681 4
8726 100
8732 122
8772 100
8806 74
8819 29
8825 68
8836 68
8857 22
8892 53
8905 25
8917 105
8920 32
8964 42
8997 126
9028 79
9037 123
9048 75
9089 116
9118 53
9136 70
9162 81
9199 46
9224 25
9267 62
9269 36
9292 3
9327 10
9366 122
9410 24
9451 124
9495 70
9498 91
9531 123
9556 45
9599 126
9637 58
9662 104
9670 42
9695 34
9723 12
9728 79
9747 94
9779 37
9787 46
9823 116
9856 82
9857 70
9862 96
9883 113
9924 48
9952 15
9976 1
10013 37
10032 23
10075 69
10082 8
10111 49
10142 38
10146 39
10152 55
10189 15
10223 52
10236 104
10238 124
10266 70
10311 82
10315 18
10318 69
10350 76
10352 94
10390 36
10413 84
10439 17
10461 123
10479 120
10500 94
10505 89
10529 55
10547 33
10549 100
10590 69
10622 9
10667 29
10683 86
10713 110
10749 124
10767 40
10767 74
10787 30
10819 25
10833 9
10875 103
10910 115
10942 114
10976 88
10996 27
11022 93
11034 66
11058 39
11068 37
11090 76
11117 120
11118 34
11147 19
11164 20
11203 81
11226 108
11245 58
11283 16
11293 93
11338 65
11347 125
11361 105
11388 7
11410 54
11422 83
11461 23
11498 89
11524 83
11549 37
11562 19
11605 109
11621 52
11622 119
11632 84
11671 33
11697 64
11698 85
11730 16
11742 33
11743 74
11749 17
11760 71
11776 68
11821 80
11822 50
11832 56
11873 10
11878 104
11901 116
11906 127
11918 56
11927 23
11930 30
11932 14
11938 110
11942 26
11967 113
11996 119
11996 12
12038 83
12060 45
12104 114
12107 37
12137 48
12174 23
12192 74
12215 8
12231 67
12241 35
12258 31
12261 120
12287 29
12319 12
12321 83
12328 116
12372 49
12390 63
12393 25
12403 67
12424 61
12446 4
12463 96
12488 91
12512 103
12553 122
12583 83
12585 103
12591 34
12605 127
12650 106
12662 78
12671 79
12697 17
12726 115
12764 84
12791 71
12817 82
12837 120
12852 72
12885 41
12904 56
12909 22
12950 119
12994 1
13022 7
13063 31
13090 14
13099 14
13128 98
13170 45
13213 125
13215 65
13238 19
13279 91
13320 54
13363 74
13393 99
13402 102
13443 52
13443 56
13450 44
13494 14
13498 60
13516 89
13524 47
13542 126
13570 108
13598 118
13612 25
13654 110
13667 98
13676 13
13679 102
13688 123
13726 36
13728 30
13755 56
13765 125
13789 59
13830 109
13836 28
13871 37
13914 108
13924 83
13942 127
13961 50
13979 117
14018 65
14024 79
14041 124
14076 92
14117 119
14158 14
14194 85
14198 18
14210 35
14232 90
14266 118
14303 77
14347 80
14352 42
14364 6
14397 95
14436 35
14463 115
14507 58
14550 121
14563 103
14599 110
14644 27
14668 115
14679 39
14704 73
14724 29
14759 125
14789 16
14828 114
14873 8
14893 63
14911 23
14927 13
14966 111
15000 108
15016 96
15038 41
15064 79
15079 114
15120 52
15141 58
15162 3
15174 29
15202 58
15206 26
15230 103
15236 100
15246 112
15273 18
15279 83
15295 51
15328 122
15341 29
15361 40
15374 11
15378 16
15383 102
15405 28
15428 77
15439 96
15484 60
15504 73
15507 39
15530 80
15563 59
15565 28
15565 15
15609 61
15641 63
15684 58
15696 83
15729 29
15771 70
15782 87
15790 61
15816 70
15843 106
15887 71
15905 33
15914 101
15930 27
15938 36
15966 108
16000 94
16017 74
16043 110
16070 82
16114 96
16146 124
16169 15
16187 21
16213 22
16245 122
16257 48
16290 69
16301 75
16322 48
16325 54
16357 83
16386 126
16397 34
16441 38
16451 64
16488 58
16488 6
16501 113
16508 76
16533 46
16547 104
16582 2
16625 123
16639 89
16640 31
16658 68
16696 76
16733 113
16766 70
16793 21
16801 110
16821 84
16839 28
16857 97
16874 123
16887 112
16926 121
16969 125
16986 96
17009 14
17026 82
17037 114
17075 92
17117 29
17130 111
17167 43
17185 36
17212 110
17224 122
17246 124
17280 122
17318 4
17332 69
17355 100
17356 38
17364 109
17391 20
17395 66
17405 80
17443 63
17485 90
17490 68
17535 65
17552 87
17554 7
17576 2
17614 75
17633 80
17665 67
17669 29
17682 74
17684 96
17712 107
17756 106
17766 6
17798 70
17818 54
17859 29
17883 27
17917 73
17935 35
17966 110
18002 38
18045 35
18060 22
18069 25
18085 34
18109 36
18121 113
18143 87
18156 103
18192 49
18223 32
18246 54
18271 39
18272 86
18311 77
18344 93
18352 32
18389 62
18396 61
18418 89
18458 55
18464 47
18499 29
18514 105
18519 31
18520 115
18564 102
18607 34
18608 82
18626 79
18627 37
18658 20
18672 15
18695 12
18709 77
18717 14
18756 82
18762 49
18789 71
18829 104
18843 48
18866 67
18872 58
18911 120
18923 87
18946 98
18947 110
18953 3
18987 118
19030 32
19045 106
19087 106
19104 8
19108 1
19135 62
19174 126
19214 11
19228 16
19229 88
19252 79
19256 85
19299 72
19317 81
19360 5
19366 9
19389 31
19428 56
19440 111
19484 14
19520 25
19521 123
19533 19
19562 11
19601 113
19641 6
19668 21
19691 27
19701 2
19736 124
19760 22
19793 31
19814 32
19818 34
19853 79
19873 9
19882 26
19925 54
19967 43
20011 20
20031 1
20031 81
20074 3
20098 85
20102 55
20109 121
20140 61
20155 69
20159 31
20165 12
20201 11
20230 55
20256 41
20290 75
20333 22
20370 121
20397 108
20399 4
20420 39
20463 49
20484 84
20488 82
20531 99
20573 26
20588 1
20594 112
20629 30
20661 118
20686 48
20705 99
20746 60
20778 116
20806 67
20845 15
20876 86
20881 110
20907 105
20948 90
20966 48
20990 59
21021 100
21065 90
21096 25
21139 66
21164 63
21164 113
21198 25
21239 48
21264 32
21266 93
21285 35
21286 40
21287 85
21300 5
21306 94
21317 46
21349 109
21390 58
21429 50
21437 13
21462 42
21471 3
21472 98
21475 37
21494 5
21505 21
21525 103
21527 31
21551 89
21558 110
21583 47
21599 60
21615 96
21631 44
21648 95
21650 85
21650 13
21695 91
21708 105
21736 86
21749 99
21758 116
21760 84
21785 14
21797 29
21831 49
21847 63
21862 46
21879 120
21892 21
21928 64
21960 15
21980 107
21988 95
22023 82
22038 5
22059 65
22064 2
22069 119
22085 7
22098 53
22100 102
22104 23
22142 85
22150 66
22151 74
22158 113
22184 71
22211 70
22217 62
22226 86
22243 42
22258 7
22272 71
22310 52
22314 110
22357 117
22379 119
22379 110
22418 19
22426 67
22430 98
22435 126
22472 108
22475 78
22479 32
22485 42
22521 1
22564 76
22565 54
22589 11
22632 16
22643 91
22648 99
22678 65
22702 53
22728 114
22730 16
22764 15
22805 66
22848 96
22870 47
22877 102
22887 67
22910 83
22952 18
22955 122
22990 6
23005 79
23031 75
23066 46
23089 66
23095 112
23138 78
23159 121
23195 76
23207 64
23208 26
23248 29
23288 90
23328 14
23334 41
23344 59
23368 5
23413 59
23419 1
23441 25
23461 30
23475 107
23516 28
23555 47
23600 50
23617 72
23636 79
23636 25
23676 30
23713 77
23733 52
23771 69
23784 124
23788 70
23800 92
23835 1
23861 35
23893 4
23928 70
23956 112
23990 4
24014 20
24035 59
24061 98
24061 57
24088 106
24109 38
24145 32
24157 65
24189 116
24227 32
24244 25
24255 124
24264 13
24273 4
24302 106
24313 21
24347 21
24347 113
24381 102
24419 9
24423 72
24441 60
24468 70
24509 126
24526 110
24563 117
24586 96
24607 5
24618 42
24642 125
24671 71
24705 84
24723 4
24737 127
24780 58
24816 126
24844 11
24854 112
24875 42
24875 108
24890 37
24926 66
24965 117
24978 16
24996 107
25037 71
25069 62
25084 85
25108 100
25142 26
25182 45
25196 32
25211 79
25222 125
25242 122
25261 71
25294 21
25306 91
25350 124
25357 123
25358 19
25399 3
25440 4
25462 88
25474 72
25513 31
25530 29
25533 80
25549 75
25577 53
25588 53
25589 104
25620 5
25648 20
25679 91
25714 42
25720 60
25747 67
25770 14
25805 91
25849 62
25875 92
25920 102
25947 28
25953 127
25997 100
26040 44
26076 19
26101 91
26113 49
26126 43
26157 118
26170 107
26183 22
26227 9
26244 36
26282 99
26326 36
26353 17
26369 125
26371 120
26380 53
26423 68
26461 36
26465 75
26470 123
26470 106
26509 110
26517 15
26531 88
26564 25
26606 73
26623 73
26651 63
26675 13
26686 97
26700 117
26745 26
26781 71
26810 98
26840 35
26844 82
26872 4
26883 14
26903 119
26916 79
26949 61
26969 92
26972 60
27017 47
27049 95
27074 122
27102 77
27137 112
27169 16
27214 90
27259 55
27295 97
27316 46
27353 76
27381 73
27390 53
27424 65
27465 92
27502 8
27527 8
27552 34
27578 117
27596 126
27609 127
27653 111
27657 92
27691 21
27725 57
27729 74
27769 7
27796 39
27809 17
27842 47
27864 45
27877 123
27908 106
27915 126
27940 47
27970 37
27974 13
27990 71
28008 96
28011 114
28044 54
28067 73
28099 111
28140 125
28157 18
28164 21
28175 44
28196 126
28220 60
28251 85
28289 77
28334 33
28369 47
28386 31
28404 26
28406 120
28439 96
28441 35
28444 64
28454 78
28460 20
28495 52
28527 1
28555 37
28559 70
28604 55
28623 35
28623 117
28651 125
28659 47
28671 29
28699 37
28738 14
28772 96
28795 79
28805 36
28826 119
28841 46
28872 12
28884 3
28914 88
28927 6
28939 107
28972 46
29014 91
29033 97
29077 104
29108 78
29146 36
29168 109
29176 44
29186 27
29213 84
29217 58
29219 107
29264 127
29272 25
29286 15
29322 39
29340 15
29357 89
29363 61
29384 38
29427 89
29429 110
29470 46
29495 114
29538 15
29567 116
29572 2
29594 50
29625 88
29637 104
29654 47
29655 42
29694 4
29731 39
29756 122
29762 33
29784 62
29820 35
29836 122
29880 44
29896 51
29899 25
29913 59
29917 80
29961 8
29982 45
30009 104
30034 26
30076 5
30105 117
30105 91
30136 51
30169 1
30205 30
30240 33
30279 115
30304 53
30322 5
30328 2
30330 96
30357 30
30377 48
30408 22
30440 56
30476 112
30520 42
30521 5
30550 11
30589 20
30593 30
30627 92
30639 17
30681 92
30718 6
30721 16
30722 124
30755 105
30770 119
30791 127
30827 113
30850 116
30884 88
30912 125
30916 103
30961 89
30968 42
30972 30
30995 122
31026 41
31069 7
31101 55
31131 70
31145 64
31152 68
31168 47
31176 46
31199 116
31207 111
31242 35
31247 19
31284 31
31290 73
31292 60
31295 20
31321 28
31330 19
31358 120
31361 19
31367 19
31378 49
31392 113
31414 38
31439 12
31482 86
31494 97
31502 24
31519 19
31534 43
31571 110
31611 22
31637 74
31678 78
31710 2
31741 49
31752 116
31770 40
31808 67
31838 43
31877 83
31911 7
31914 25
31956 52
31991 88
31993 93
32031 13
32059 38
32083 33
32109 110
32126 113
32163 79
32164 9
32171 125
32206 89
32224 38
32267 14
32311 104
32319 24
32327 39
32327 10
32354 33
32389 116
32402 90
32407 38
32449 59
32452 59
32481 34
32482 48
32517 107
32544 123
32546 38
32556 9
32596 120
32603 15
32633 59
32638 51
32639 65
32682 105
32711 28
32718 35
32743 70
32778 24
32823 119
32826 113
32858 115
32897 62
32913 60
32958 25
33002 76
33006 62
33048 88
33085 127
33118 127
33119 121
33152 16
33166 107
33197 122
33205 71
33228 62
33271 50
33292 112
33320 81
33360 33
33371 28
33406 74
33427 50
33440 7
33456 54
33469 126
33486 81
33521 76
33561 44
33589 112
33595 35
33630 91
33656 28
33692 100
33717 52
33758 17
33770 21
33788 117
33816 41
33816 22
33832 97
33843 88
33861 91
33870 98
33912 44
33935 68
33976 104
34014 125
34032 99
34037 91
34077 31
34114 49
34133 14
34169 116
34189 74
34222 6
34255 82
34282 51
34293 111
34330 97
34337 17
34353 59
34381 66
34381 25
34413 81
34415 96
34417 74
34435 8
34445 92
34453 36
34460 9
34483 87
34486 91
34510 88
34552 6
34595 48
34599 60
34609 72
34618 58
34637 46
34639 104
34668 64
34710 64
34731 84
34737 5
34741 126
34754 123
34775 96
34802 116
34821 99
34851 111
34862 116
34907 28
34937 50
34979 16
35024 6
35064 3
35094 83
35118 54
35126 71
35169 104
35202 78
35227 35
35258 77
35285 73
35301 43
35343 15
35381 6
35399 8
35438 44
35447 6
35476 33
35505 126
35511 101
35514 117
35530 35
35551 92
35569 90
35597 92
35625 79
35644 126
35665 87
35697 58
35739 47
35758 15
35803 69
35834 119
35853 77
35861 7
35893 77
35933 58
35966 26
35985 70
35985 36
35992 83
36000 88
36010 71
36033 93
36068 47
36105 121
36120 112
36165 122
36192 61
36212 123
36228 25
36256 59
36289 13
36330 101
36375 59
36389 20
36419 61
36431 7
36434 53
36446 2
36478 70
36499 40
36515 103
36534 59
36574 3
36605 122
36633 79
36663 120
36698 66
36716 98
36729 67
36734 20
36760 98
36795 70
36801 94
36846 29
36855 77
36857 75
36887 35
36912 82
36938 94
36973 11
37008 38
37045 13
37080 85
37121 96
37146 74
37173 30
37173 22
37213 109
37249 42
37280 101
37291 86
37306 110
37346 57
37375 58
37385 112
37402 16
37410 50
37431 71
37444 108
37478 7
37496 9
37499 101
37525 21
37526 34
37550 118
37550 83
37583 1
37599 41
37611 121
37631 54
37676 96
37717 58
37740 81
37741 38
37755 67
37757 122
37777 24
37785 124
37822 1
37865 94
37868 120
37903 107
37936 91
37979 96
38023 15
38025 45
38051 11
38069 34
38075 124
38111 35
38128 22
38137 120
38138 58
38140 5
38166 85
38210 17
38225 100
38267 79
38305 61
38307 43
38341 76
38374 53
38395 21
38405 26
38413 39
38451 105
38484 75
38525 93
38541 108
38554 46
38586 16
38610 55
38650 83
38665 83
38674 34
38705 14
38730 65
38770 105
38786 122
38825 72
38855 92
38885 118
38930 71
38957 3
38984 107
39002 64
39021 109
39034 18
39068 27
39072 72
39073 26
39117 89
39147 55
39179 84
39180 121
39201 8
39207 80
39235 125
39278 28
39279 88
39310 61
39325 70
39340 49
39363 107
39374 112
39375 122
39411 34
39445 88
39459 65
39466 49
39466 90
39481 86
39482 106
39512 107
39557 103
39558 93
39600 117
39605 5
39608 17
39649 105
39671 126
39672 45
39674 43
39713 4
39718 39
39729 3
39731 105
39754 37
39780 114
39821 109
39825 18
39866 81
39891 58
39936 69
39955 78
39970 100
40000 26
40000 90
40045 89
40090 77
40117 17
40139 1
40161 114
40169 83
40183 29
40211 108
40220 41
40237 120
40238 78
40275 38
40298 49
40331 83
40368 37
40395 24
40439 56
40441 60
40481 122
40502 80
40544 46
40583 121
40620 39
40635 54
40636 50
40665 34
40680 19
40682 71
40709 80
40742 112
40757 124
40778 100
40795 124
40817 4
40854 113
40881 79
40898 69
40909 14
40922 36
40937 87
40939 13
40940 35
40975 80
41015 50
41049 127
41062 110
41096 94
41119 15
41145 32
41151 79
41152 122
41158 42
41181 45
41190 3
41202 119
41203 1
41220 72
41246 57
41249 125
41282 99
41283 124
41289 103
41307 87
41325 68
41357 71
41375 41
41382 103
41398 102
41401 91
41446 52
41475 36
41511 34
41528 18
41554 55
41586 62
41590 127
41611 31
41615 115
41623 41
41657 25
41659 119
41689 25
41716 54
41732 27
41776 40
41786 66
41794 84
41821 50
41865 120
41876 81
41918 45
41962 61
41966 116
41981 43
41985 63
41997 109
42026 89
42048 95
42073 116
42117 109
42148 93
42162 97
42169 96
42170 104
42191 17
42209 94
42248 94
42249 42
42294 96
42327 30
42369 63
42376 95
42378 127
42378 45
42407 58
42415 17
42426 57
42453 82
42460 29
42478 13
42489 36
42503 20
42533 40
42535 118
42536 111
42536 60
42541 82
42568 87
42611 86
42624 63
42631 127
42665 118
42695 45
42715 40
42753 117
42786 55
42813 93
42840 30
42865 35
42867 25
42883 92
42909 122
42932 100
42935 69
42956 77
42973 6
42973 28
43006 22
43018 53
43035 117
43047 115
43072 109
43073 13
43103 103
43121 36
43147 80
43172 114
43200 93
43229 107
43242 113
43275 93
43281 74
43322 34
43363 110
43395 39
43408 54
43419 54
43424 97
43435 82
43478 46
43479 47
43524 125
43543 28
43547 27
43592 29
43602 40
43605 47
43643 37
43654 29
43677 36
43680 24
43709 20
43745 106
43781 58
43811 97
43835 1
43853 90
43891 1
43914 84
43934 1
43951 96
43963 15
43976 46
44017 45
44045 35
44077 42
44111 67
44137 77
44147 12
44179 121
44221 71
44249 29
44293 115
44320 100
44365 65
44399 20
44436 102
44459 76
44477 83
44487 119
44523 53
44564 69
44582 99
44589 107
44623 76
44643 46
44682 54
44703 37
44709 98
44724 96
44739 14
44751 115
44778 54
44789 34
44819 17
44828 125
44873 23
44917 103
44954 43
44954 107
44976 43
44987 41
45004 58
45038 101
45068 78
45087 3
45092 51
45111 43
45155 93
45180 68
45199 50
45215 51
45255 81
45287 2
45317 34
45335 32
45371 41
45405 107
45450 21
45456 75
45472 9
45478 64
45502 71
45519 118
45524 112
45543 73
45576 116
45583 112
45603 95
45642 61
45646 16
45669 71
45691 80
45705 12
45713 29
45719 92
45757 43
45790 9
45818 73
45846 63
45860 38
45870 59
45888 67
45922 98
45930 37
45973 104
46008 36
46021 36
46042 96
46057 25
46090 9
46097 121
46111 50
46119 17
46156 11
46200 33
46245 19
46268 6
46286 105
46329 89
46331 7
46338 44
46362 28
46380 104
46422 107
46450 46
46490 57
46519 39
46552 7
46574 61
46582 117
46615 117
46637 90
46654 126
46657 75
46674 81
46706 23
46730 26
46768 21
46770 1
46770 9
46775 11
46789 43
46822 38
46846 28
46886 59
46914 122
46945 70
46986 45
47010 70
47015 62
47037 37
47055 13
47095 32
47104 79
47134 71
47143 112
47177 36
47191 86
47230 125
47246 22
47281 122
47291 101
47326 69
47347 29
47352 35
47374 46
47398 113
47405 19
47423 38
47463 90
47503 45
47514 81
47559 83
47601 19
47618 69
47633 89
47643 84
47669 92
47712 21
47736 73
47765 36
47805 112
47812 78
47855 58
47884 114
47914 112
47954 61
47990 94
48008 72
48009 7
48042 115
48065 88
48109 48
48124 40
48165 12
48172 12
48213 36
48230 29
48259 67
48269 88
48293 59
48324 89
48338 97
48338 35
48358 124
48380 11
48392 38
48432 12
48451 99
48451 88
48477 34
48499 62
48539 90
48566 83
48609 58
48614 127
48622 97
48662 3
48700 69
48734 66
48767 97
48787 32
48791 19
48828 69
48836 71
48841 109
48858 6
48893 11
48902 33
48922 7
48935 119
48979 109
48987 15
48993 16
49028 111
49065 29
49105 29
49124 106
49129 111
49142 76
49154 42
49193 34
49233 124
49277 11
49318 44
49348 104
49379 49
49398 98
49410 1
49423 24
49432 87
49463 51
49491 26
49528 47
49573 123
49616 64
49628 82
49651 18
49665 9
49700 26
49726 68
49742 66
49747 33
49761 78
49802 87
49818 105
49836 95
49850 92
49863 109
49905 76
49907 19
49934 2
49953 74
49981 19
49994 55
50005 68
50006 36
50050 56
50093 92
50097 44
50105 123
50119 56
50139 32
50181 41
50217 65
50218 39
50220 78
50229 81
50250 116
50264 100
50309 115
50314 103
50329 25
50351 94
50392 71
50408 2
50446 99
50455 32
50468 33
50493 23
50517 127
50545 99
50554 25
50583 66
50590 50
50619 109
50652 32
50697 36
50713 28
50718 115
50736 45
50743 104
50777 64
50795 101
50800 2
50800 27
50836 105
50859 64
50861 15
50868 48
50884 91
50914 44
50933 74
50950 32
50991 20
51003 110
51043 105
51066 41
51070 120
51070 47
51085 121
51100 47
51121 69
51148 63
51183 86
51189 3
51232 40
51273 101
51299 7
51342 3
51371 126
51407 94
51442 76
51458 39
51463 63
51466 124
51473 45
51483 106
51523 3
51556 28
51596 40
51611 108
51656 84
51656 3
51697 78
51706 34
51749 69
51750 94
51790 51
51824 26
51854 16
51860 47
51899 24
51909 94
51935 78
51977 26
51979 18
52023 66
52065 77
52110 90
52129 40
52173 39
52205 64
52233 18
52263 8
52275 108
52319 78
52335 1
52357 36
52382 99
52401 123
52406 85
52447 85
52450 102
52493 64
52536 63
52571 1
52608 46
52631 87
52667 44
52676 47
52713 19
52727 10
52743 97
52770 65
52777 13
52781 91
52785 25
52827 60
52851 2
52855 19
52900 14
52945 102
52967 125
53000 56
53035 66
53053 90
53091 121
53107 60
53122 41
53138 90
53179 28
53217 103
53240 98
53242 122
53245 1
53262 13
53268 86
53276 50
53286 48
53300 100
53316 25
53345 30
53374 37
53397 119
53412 111
53416 66
53455 122
53499 116
53512 38
53527 36
53550 113
53570 52
53598 34
53608 32
53624 92
53633 127
53667 118
53687 50
53691 13
53693 67
53719 50
53724 74
53731 16
53746 28
53765 74
53800 84
53820 69
53852 83
53892 105
53907 55
53920 106
53927 79
53935 65
53971 85
53978 3
53984 88
54027 100
54044 18
54050 105
54089 36
54105 19
54114 14
54118 121
54163 118
54176 124
54185 28
54204 39
54219 68
54231 115
54262 26
54280 3
54294 12
54307 99
54312 105
54330 7
54353 74
54398 19
54417 26
54425 92
54440 58
54473 117
54504 65
54546 61
54580 61
54586 122
54610 75
54614 90
54621 90
54622 36
54659 81
54694 127
54730 113
54774 32
54803 18
54845 123
54881 60
54920 63
54951 36
54965 34
54981 79
54994 115
55008 112
55008 89
55029 56
55039 74
55067 82
55091 7
55120 48
55148 88
55169 52
55193 59
55225 16
55265 117
55307 44
55311 64
55349 99
55369 8
55408 117
55421 45
55454 61
55472 63
55511 10
55554 85
55567 51
55572 10
55573 37
55596 56
55624 119
55624 6
55657 24
55663 121
55664 65
55706 102
55739 124
55752 81
55780 82
55813 79
55849 90
55859 92
55859 53
55891 67
55918 119
55921 63
55937 34
55957 19
55958 72
55988 45
55992 99
56030 9
56067 71
56091 48
56096 63
56104 95
56145 116
56167 68
56188 8
56190 107
56208 95
56240 112
56257 68
56262 18
56295 117
56322 78
56324 125
56346 60
56385 91
56423 27
56450 102
56451 8
56454 17
56479 15
56480 116
56481 45
56499 76
56502 54
56504 1
56542 72
56575 57
56584 114
56625 76
56640 123
56669 33
56689 43
56699 66
56737 69
56781 74
56792 31
56801 2
56808 15
56809 24
56845 55
56885 74
56902 101
56932 119
56960 20
56960 20
56962 80
56991 106
57010 39
57041 104
57060 35
57096 78
57136 88
57172 9
57192 16
57231 89
57276 7
57308 47
57345 15
57373 68
57376 118
57416 73
57459 102
57490 62
57518 59
57545 61
57554 16
57583 61
57586 101
57604 83
57626 51
57656 66
57663 49
57691 112
57700 3
57735 30
57779 127
57801 35
57816 121
57825 47
57842 67
57875 79
57896 101
57911 87
57913 37
57925 127
57950 24
57981 69
57985 68
57990 126
57999 15
58016 19
58055 68
58096 44
58129 68
58165 21
58189 66
58233 59
58273 64
58285 16
58300 117
58309 97
58326 41
58362 87
58406 119
58423 10
58449 112
58480 61
58483 65
58494 37
58501 8
58541 105
58568 26
58597 124
58633 95
58654 98
58679 106
58693 36
58717 52
58718 87
58718 76
58752 54
58770 57
58811 31
58837 118
58878 72
58886 27
58909 105
58910 38
58940 101
58954 27
58982 5
58998 108
59042 114
59068 5
59080 89
59100 21
59112 71
59148 15
59179 26
59199 36
59226 111
59231 102
59262 84
59284 80
59300 88
59341 17
59376 50
59410 101
59444 122
59489 25
59522 48
59530 74
59555 84
59594 117
59623 101
59624 24
59635 58
59673 117
59687 41
59731 69
59747 127
59754 16
59778 57
59790 20
59834 73
59847 93
59881 75
59901 20
59937 56
59979 45
59992 95
60022 85
60061 112
60105 7
60134 61
60174 55
60204 54
60241 58
60258 20
60292 65
60319 1
60331 68
60331 124
60354 127
60389 113
60407 74
60447 72
60480 69
60501 106
60545 11
60589 85
60617 75
60618 78
60630 29
60661 89
60691 123
60709 48
60734 17
60751 102
60760 43
60786 84
60831 27
60865 96
60881 31
60885 52
60890 121
60897 104
60911 53
60932 112
60964 56
61004 5
61023 86
61051 43
61091 15
61136 48
61148 32
61179 83
61193 22
61228 98
61228 11
61228 79
61263 32
61283 20
61325 118
61363 75
61375 59
61389 13
61418 81
61430 65
61441 56
61485 100
61528 81
61529 112
61530 115
61531 106
61570 22
61586 29
61616 118
61641 11
61646 29
61657 81
61670 2
61687 48
61719 115
61731 64
61768 45
61780 16
61794 18
61794 77
61811 33
61829 78
61862 83
61907 103
61939 57
61951 111
61963 1
61980 7
61984 85
61993 56
62013 98
62052 122
62065 55
62083 45
62124 64
62127 70
62158 64
62192 39
62207 102
62226 124
62258 123
62286 23
62318 8
62326 44
62339 1
62363 10
62385 120
62399 45
62426 77
62442 31
62453 14
62476 115
62495 76
62534 126
62549 23
62564 18
62608 109
62611 123
62612 121
62616 44
62624 26
62647 70
62685 53
62703 63
62739 54
62767 105
62811 59
62850 119
62892 24
62926 56
62939 108
62958 48
62990 11
63017 107
63050 37
63065 67
63100 16
63104 117
63132 44
63160 112
63179 126
63215 11
63219 15
63263 95
63282 88
63317 7
63353 118
63364 88
63395 57
63416 40
63448 10
63466 4
63503 121
63510 24
63513 76
63546 52
63583 49
63595 91
63611 3
63641 10
63646 75
63672 91
63686 33
63724 61
63732 37
63744 4
63789 46
63791 88
63823 69
63859 35
63876 86
63911 116
63952 83
63997 27
64003 31
64019 114
64055 71
64081 111
64122 45
64123 10
64127 65
64141 47
64160 113
64181 114
64181 123
64208 45
64249 64
64262 35
64301 12
64342 100
64370 108
64372 105
64377 2
64409 103
64433 18
64469 20
64499 95
64535 25
64548 15
64561 65
64573 113
64586 84
64595 43
64607 4
64610 88
64619 66
64646 64
64660 18
64683 93
64697 19
64738 7
64768 85
64772 19
64812 16
64857 70
64864 123
64887 53
64911 37
64922 64
64926 65
64932 26
64974 114
65007 33
65047 110
65069 1
65070 96
65086 85
65104 108
65106 76
65116 119
65155 107
65164 66
65170 20
65174 72
65197 63
65209 15
65240 57
65253 75
65269 35
65292 121
65335 13
65346 104
65360 95
65403 101
65444 116
65449 22
65480 73
65512 76
65531 46
65558 77
65561 103
65587 74
65616 12
65634 103
65673 122
65682 82
65727 62
65772 30
65791 31
65797 75
65825 64
65846 12
65857 114
65894 24
65915 26
65936 117
65962 5
65967 15
66004 51
66036 26
66044 64
66064 100
66092 49
66125 62
66132 27
66158 14
66160 37
66185 15
66215 82
66227 51
66232 75
66255 67
66280 103
66309 28
66330 33
66331 126
66370 105
66408 59
66453 9
66469 45
66509 2
66552 53
66566 13
66588 34
66615 26
66631 28
66644 108
66683 92
66713 86
66751 21
66785 22
66789 81
66827 88
66864 77
66879 65
66924 42
66968 12
66970 101
67008 54
67011 125
67050 36
67086 20
67114 59
67137 127
67165 70
67170 85
67199 21
67227 126
67252 63
67266 80
67296 63
67316 23
67336 40
67346 26
67365 71
67410 13
67418 31
67437 27
67456 93
67483 93
67483 70
67493 96
67521 113
67536 15
67563 40
67602 78
67609 96
67626 82
67657 13
67681 106
67691 85
67707 88
67749 61
67765 1
67780 84
67803 89
67824 26
67824 123
67864 55
67904 71
67941 121
67982 113
68013 98
68026 76
68051 39
68062 98
68085 52
68118 4
68161 48
68183 93
68183 102
68201 15
68240 68
68249 9
68270 106
68304 9
68313 118
68356 60
68369 30
68370 50
68404 84
68444 25
68479 127
68521 24
68539 48
68578 55
68607 8
68647 26
68685 56
68693 43
68705 96
68730 29
68775 82
68783 45
68828 97
68829 76
68861 126
68866 11
68879 103
68924 123
68942 125
68944 64
68986 69
68997 15
69041 113
69083 24
69083 122
69106 83
69107 48
69138 15
69159 39
69161 112
69172 27
69185 46
69196 83
69236 43
69280 12
69320 2
69322 64
69357 44
69395 123
69434 12
69457 21
69488 71
69517 73
69539 59
69570 24
69571 29
69615 8
69636 58
69654 33
69679 59
69681 105
69697 42
69713 51
69753 64
69779 56
69803 56
69838 77
69848 16
69878 119
69894 124
69922 67
69928 60
69954 102
69987 18
70004 100
70031 78
70035 25
70042 118
70056 89
70098 126
70130 115
70146 37
70166 113
70178 97
70180 85
70225 7
70243 28
70261 15
70298 20
70331 22
70363 25
70363 59
70379 104
70384 116
70394 125
70423 50
70440 43
70482 76
70514 93
70544 15
70563 78
70584 81
70587 51
70610 18
70645 44
70645 35
70661 124
70685 1
70716 83
70753 46
70795 121
70805 72
70810 30
70841 91
70842 95
70880 109
70900 89
70928 45
70934 81
70950 117
70984 56
70996 14
71006 64
71043 13
71048 102
71080 24
71118 65
71123 105
71127 26
71158 6
71161 15
71192 16
71213 22
71239 25
71265 49
71271 18
71275 15
71299 73
71327 103
71360 13
71366 49
71399 5
71425 5
71469 86
71510 51
71511 36
71554 94
71577 5
71616 108
71616 114
71622 18
71634 38
71649 106
71668 84
71709 11
71712 107
71743 30
71752 7
71790 13
71792 41
71792 118
71823 42
71847 4
71866 93
71870 65
71896 17
71905 40
71937 64
71981 53
72022 36
72046 60
72071 118
72071 116
72074 116
72092 11
72125 103
72168 53
72173 32
72197 84
72209 37
72223 68
72268 100
72309 120
72340 39
72356 76
72397 59
72414 64
72451 20
72494 91
72509 63
72551 3
72571 84
72578 72
72617 3
72635 96
72641 38
72685 112
72717 52
72733 102
72776 122
72793 79
72823 4
72862 18
72889 62
72895 37
72919 44
72937 28
72937 15
72937 92
72958 68
72968 89
72971 66
72985 121
72986 30
73027 71
73059 1
73100 105
73143 13
73166 43
73187 39
73225 118
73234 87
73277 121
73321 48
73321 59
73339 39
73384 42
73398 1
73428 98
73449 21
73473 62
73511 27
73519 10
73558 70
73583 110
73623 30
73651 58
73680 111
73704 64
73735 78
73769 20
73797 101
73825 108
73842 13
73842 115
73843 19
73878 94
73885 40
73900 92
73921 122
73953 4
73969 66
73994 24
74009 103
74026 90
74071 66
74085 124
74091 120
74131 106
74156 56
74172 66
74186 19
74218 40
74230 116
74244 17
74272 60
74311 112
74317 50
74354 21
74365 78
74366 108
74370 28
74386 8
74395 113
74404 89
74438 29
74461 46
74494 79
74508 43
74517 62
74520 38
74526 95
74563 60
74582 88
74619 17
74655 16
74657 102
74666 7
74696 84
74711 119
74730 42
74774 111
74784 17
74785 45
74791 117
74835 5
74860 106
74872 2
74895 45
74935 20
74975 88
74984 112
75001 76
75030 24
75056 109
75097 5
75135 88
75164 18
75193 37
75208 50
75221 96
75228 84
75254 67
75265 79
75272 23
75290 41
75306 55
75325 4
75328 81
75369 121
75411 10
75428 35
75463 114
75463 98
75481 97
75506 53
75517 117
75533 83
75545 37
75564 109
75601 99
75604 65
75611 39
75622 44
75627 71
75634 119
75662 49
75678 4
75686 43
75688 93
75733 37
75765 57
75806 54
75810 89
75853 125
75876 90
75888 29
75930 44
75962 82
76005 18
76046 29
76058 16
76065 101
76091 78
76111 118
76120 14
76138 98
76143 30
76169 34
76192 64
76214 24
76249 78
76276 101
76309 18
76352 44
76394 21
76432 91
76474 49
76506 81
76551 75
76568 91
76611 113
76639 48
76639 33
76673 119
76696 88
76724 39
76730 90
76741 105
76761 9
76803 70
76814 15
76855 90
76880 115
76904 21
76936 56
76980 113
77014 84
77031 115
77075 39
77075 65
77083 93
77093 25
77137 4
77146 43
77178 15
77209 58
77252 106
77262 9
77283 106
77309 90
77314 82
77330 42
77374 94
77393 38
77422 97
77437 42
77471 76
77503 57
77544 22
77569 82
77598 118
77606 27
77611 91
77651 72
77677 105
77678 67
77682 11
77725 94
77737 65
77776 80
77819 45
77854 21
77859 33
77872 21
77894 40
77900 92
77920 14
77964 85
77996 26
78006 62
78012 44
78018 112
78018 54
78042 55
78052 14
78073 110
78092 63
78113 86
78137 115
78177 36
78218 87
78225 67
78267 89
78302 56
78319 111
78363 29
78401 121
78419 127
78455 37
78477 74
78513 49
78548 15
78590 93
78634 5
78679 105
78716 23
78723 38
78725 118
78755 9
78782 118
78806 68
78845 59
78849 115
78865 46
78869 121
78869 80
78897 126
78915 15
78951 9
78971 23
78985 33
78999 14
79025 112
79066 12
79109 113
79130 94
79167 90
79173 14
79197 7
79221 54
79221 40
79245 12
79251 7
79285 75
79301 28
79341 62
79374 20
79398 34
79424 100
79435 2
79458 122
79458 82
79486 57
79515 121
79528 31
79542 39
79544 10
79583 96
79596 93
79631 35
79674 2
79681 46
79695 21
79715 117
79755 47
79787 48
79796 20
79836 84
79854 53
79867 122
79888 75
79903 58
79938 25
79938 55
79941 80
79955 76
79979 19
79992 104
80008 124
80011 57
80053 80
80065 19
80070 1
80096 101
80119 19
80132 46
80151 33
80168 1
80192 102
80209 100
80237 93
80278 30
80318 121
80361 113
80400 50
80420 112
80445 20
80470 6
80487 85
80514 87
80542 72
80574 39
80611 106
80612 21
80625 12
80646 55
80670 25
80698 113
80698 9
80738 70
80767 64
80793 107
80810 43
80831 98
80854 48
80886 26
80886 5
80918 10
80942 16
80985 41
80993 88
80998 30
81007 45
81027 84
81058 47
81075 33
81109 105
81121 124
81160 72
81186 55
81226 53
81245 127
81285 75
81325 93
81348 27
81375 56
81397 41
81442 57
81442 111
81481 121
81502 44
81517 97
81533 127
81557 28
81599 92
81613 41
81657 1
81675 56
81714 16
81749 56
81791 24
81814 27
81819 106
81845 127
81878 112
81883 5
81912 107
81924 83
81951 20
81961 16
81979 25
82000 104
82002 101
82005 9
82017 42
82042 6
82074 35
82079 79
82085 125
82114 83
82148 37
82189 3
82211 76
82227 50
82259 68
82294 50
82302 7
82337 89
82378 67
82401 66
82424 91
82465 78
82507 47
82547 24
82561 50
82565 45
82582 47
82591 21
82601 99
82623 122
82636 30
82671 123
82672 22
82696 1
82706 97
82728 39
82741 95
82775 125
82775 109
82820 62
82833 113
82877 109
82919 29
82920 39
82937 17
82938 79
82938 60
82939 102
82955 45
82989 16
83027 41
83029 64
83056 82
83066 40
83084 29
83100 72
83106 96
83138 60
83159 41
83178 10
83210 114
83248 12
83284 119
83323 6
83367 48
83412 7
83427 56
83437 112
83448 7
83478 118
83481 12
83516 44
83520 124
83528 119
83561 72
83591 29
83630 74
83658 6
83702 43
83719 96
83724 63
83759 49
83759 7
83769 41
83801 29
83810 89
83840 4
83842 32
83882 95
83883 100
83927 20
83965 42
83982 78
83997 58
84027 84
84049 45
84053 7
84085 84
84118 31
84130 40
84162 65
84163 1
84180 114
84195 95
84200 55
84236 84
84240 11
84283 83
84324 46
84369 27
84370 20
84376 10
84417 90
84434 69
84464 116
84478 39
84510 16
84549 20
84592 107
84593 102
84609 104
84640 92
84671 21
84697 27
84702 70
84709 45
84742 15
84787 98
84801 64
84827 124
84856 54
84883 26
84907 103
84937 64
84981 97
85003 77
85027 35
85072 80
85097 71
85134 114
85142 5
85146 100
85160 49
85191 47
85227 77
85242 64
85247 43
85265 10
85309 70
85351 5
85390 105
85429 33
85430 73
85431 60
85468 58
85490 3
85525 33
85530 103
85533 97
85575 75
85595 113
85640 103
85644 64
85648 8
85683 92
85705 23
85729 107
85751 31
85761 9
85787 94
85818 34
85842 11
85877 14
85882 100
85908 33
85929 76
85929 70
85934 85
85976 99
85993 124
86006 22
86009 79
86015 27
86044 31
86070 100
86076 116
86111 107
86124 8
86139 73
86161 70
86167 76
86170 110
86183 124
86225 74
86270 74
86308 95
86325 35
86363 65
86379 68
86382 117
86393 107
86399 119
86434 46
86461 45
86489 32
86510 35
86554 77
86588 70
86588 119
86622 28
86667 110
86705 18
86750 30
86755 115
86799 69
86821 84
86835 79
86842 127
86887 79
86932 4
86965 118
86974 113
86977 102
87017 95
87059 1
87076 83
87077 64
87086 47
87131 97
87175 10
87199 16
87207 34
87248 89
87277 44
87301 13
87312 119
87346 13
87388 18
87392 62
87397 1
87435 56
87480 1
87496 118
87535 97
87547 27
87562 34
87591 99
87604 120
87634 28
87673 91
87705 76
87726 12
87756 36
87783 11
87814 13
87853 37
87856 29
87865 127
87873 101
87892 93
87930 81
87931 127
87968 26
87997 124
88036 73
88050 55
88053 80
88069 71
88077 47
88094 115
88129 89
88148 81
88157 16
88186 8
88218 46
88229 22
88253 48
88265 83
88297 47
88316 89
88344 72
88345 123
88384 95
88414 22
88442 41
88486 108
88526 109
88539 53
88546 101
88574 82
88607 59
88648 64
88688 90
88732 122
88758 87
88782 81
88810 33
88820 3
88864 106
88871 37
88876 110
88877 108
88915 79
88948 7
88966 10
88970 3
88979 110
88980 40
88991 36
89025 109
89070 54
89100 122
89143 1
89184 3
89209 66
89221 120
89266 5
89281 64
89308 23
89352 109
89353 75
89375 63
89414 89
89447 45
89485 8
89528 115
89539 109
89574 124
89600 86
89635 40
89647 26
89663 25
89705 64
89749 25
89757 59
89779 52
89782 11
89787 88
89797 4
89815 47
89824 27
89832 117
89854 118
89895 107
89939 36
89964 12
89967 14
90001 46
90018 37
90051 56
90054 8
90055 33
90069 112
90108 75
90132 23
90148 8
90153 119
90157 112
90158 102
90158 87
90160 8
90164 12
90174 104
90181 127
90182 11
90215 80
90252 57
90290 125
90303 59
90340 111
90375 87
90400 103
90421 93
90432 60
90436 84
90467 86
90478 19
90511 112
90520 126
90542 72
90574 30
90590 38
90631 83
90645 71
90668 11
90682 124
90723 60
90743 2
90765 112
90771 114
90806 40
90807 22
90818 66
90850 76
90890 14
90902 99
90910 96
90915 77
90957 120
90973 32
90974 122
90987 88
91001 5
91035 87
91044 19
91052 109
91079 81
91110 106
91141 36
91151 40
91170 29
91204 36
91207 118
91234 37
91279 2
91317 104
91353 72
91391 5
91436 43
91475 114
91478 107
91499 110
91506 6
91531 100
91541 122
91573 106
91584 114
91590 109
91592 77
91620 73
91622 34
91647 94
91655 23
91659 20
91689 66
91709 62
91734 21
91743 94
91752 1
91787 105
91800 69
91834 112
91834 101
91856 95
91882 86
91915 78
91959 93
91979 50
92005 27
92017 28
92034 32
92062 70
92063 113
92096 11
92102 64
92133 80
92170 57
92209 48
92223 122
92241 24
92284 120
92287 46
92318 70
92329 40
92370 95
92412 7
92418 62
92456 126
92462 14
92467 30
92489 15
92533 17
92572 81
92582 55
92602 15
92634 21
92671 101
92674 103
92697 85
92728 49
92740 80
92747 57
92761 89
92773 50
92800 63
92807 42
92808 81
92851 69
92878 70
92915 90
92955 60
92960 37
93000 1
93024 50
93028 121
93031 54
93067 94
93091 117
93130 53
93146 75
93180 97
93213 42
93239 126
93258 9
93296 97
93333 59
93342 44
93345 119
93346 108
93364 119
93389 51
93407 18
93432 60
93475 111
93485 67
93515 48
93537 52
93549 90
93578 68
93600 126
93635 59
93652 10
93693 5
93701 82
93736 48
93781 23
93801 83
93813 110
93819 69
93850 44
93894 84
93897 48
93902 84
93903 126
93941 19
93965 7
93989 69
94018 126
94044 93
94063 62
94089 42
94105 115
94132 118
94157 91
94185 29
94206 50
94220 46
94245 74
94270 102
94299 40
94316 74
94335 4
94374 64
94382 77
94410 84
94416 124
94420 78
94444 66
94482 34
94513 16
94537 86
94538 117
94543 21
94573 73
94583 89
94601 111
94637 107
94670 10
94703 76
94738 123
94748 10
94780 113
94810 11
94854 5
94887 69
94906 32
94951 44
94957 12
94958 16
94985 121
95007 112
95034 3
95077 117
95094 32
95136 2
95162 76
95170 82
95187 24
95211 70
95211 108
95220 75
95262 82
95304 52
95323 21
95326 75
95354 62
95380 59
95395 31
95399 18
95407 5
95440 51
95458 101
95467 3
95500 96
95521 108
95528 120
95536 114
95577 66
95607 74
95617 123
95646 8
95665 107
95709 68
95740 64
95758 22
95777 105
95778 112
95808 26
95831 5
95876 91
95880 107
95880 76
95920 22
95922 71
95959 106
95999 110
96034 1
96072 104
96105 14
96132 66
96145 22
96189 69
96203 18
96229 126
96271 71
96274 87
96275 106
96298 46
96329 40
96357 39
96399 121
96437 50
96446 87
96460 117
96496 98
96509 115
96524 127
96545 42
96574 99
96575 99
96594 35
96597 91
96598 99
96615 45
96638 117
96660 113
96676 11
96703 121
96713 109
96731 97
96775 46
96802 69
96804 23
96828 118
96866 25
96894 112
96938 34
96947 30
96950 5
96983 13
97027 111
97055 90
97056 59
97068 105
97072 56
97089 92
97097 8
97138 96
97149 101
97161 81
97202 36
97242 2
97277 45
97306 23
97314 54
97340 68
97340 118
97340 18
97368 81
97369 99
97408 1
97409 41
97427 64
97469 1
97487 86
97487 121
97513 18
97531 96
97549 106
97565 23
97576 116
97616 51
97622 35
97666 127
97673 113
97701 20
97704 101
97719 36
97736 4
97737 86
97740 20
97771 20
97790 34
97804 78
97817 16
97842 41
97879 36
97895 26
97939 103
97975 84
98005 102
98021 97
98041 42
98059 64
98063 76
98101 42
98143 72
98162 26
98191 61
98225 10
98241 43
98278 106
98293 118
98326 64
98368 84
98413 73
98440 65
98478 77
98523 4
98557 19
98557 115
98575 42
98576 98
98610 45
98644 5
98665 111
98682 116
98718 69
98721 89
98764 109
98801 65
98804 21
98822 69
98845 14
98847 90
98852 44
98858 19
98899 102
98912 32
98954 53
98979 36
98999 36
99040 89
99046 123
99060 111
99077 81
99115 105
99120 94
99156 98
99181 113
99203 28
99211 103
99237 22
99239 124
99278 114
99298 17
99307 104
99329 31
99351 107
99352 96
99377 80
99405 68
99442 8
99455 24
99490 1
99495 14
99533 120
99533 37
99546 37
99556 124
99583 105
99587 22
99628 119
99648 5
99686 125
99713 58
99731 71
99759 74
99762 13
99791 1
99799 32
99815 21
99816 115
99836 27
99853 93
99863 103
99905 120
99917 34
99929 76
99929 117
99929 11
99965 63
99973 102
99985 2
100019 108
100035 42
100047 101
100053 4
100095 90
100124 59
100168 114
100211 84
100242 16
100257 8
100267 28
100305 44
100336 101
100350 113
100377 16
100412 122
100413 11
100457 86
100481 33
100491 33
100522 33
100564 1
100576 99
100615 15
100623 28
100624 125
100642 123
100675 69
100682 51
100710 32
100733 55
100762 63
100772 77
100783 5
100818 27
100831 45
100842 34
100866 42
100871 59
100883 2
100925 127
100929 42
100936 59
100973 66
100994 98
101006 45
101011 96
101044 56
101070 123
101087 125
101126 81
101138 80
101178 88
101191 98
101191 12
101202 98
101240 82
101271 47
101315 94
101315 28
101342 40
101360 65
101368 110
101390 62
101408 118
101443 85
101468 25
101481 94
101491 65
101494 103
101533 127
101556 97
101588 30
101620 38
101622 6
101654 29
101673 122
101678 23
101706 10
101730 5
101752 66
101781 123
101783 60
101810 76
101841 116
101862 104
101889 74
101908 59
101926 127
101971 62
101974 95
101976 3
101976 100
102019 10
102030 88
102066 64
102096 91
102137 47
102144 44
102171 11
102210 87
102243 59
102274 49
102288 72
102290 127
102331 74
102351 62
102352 99
102368 115
102396 38
102437 93
102440 97
102465 55
102483 64
102514 1
102537 1
102538 101
102566 8
102597 93
102641 102
102651 16
102685 70
102687 93
102713 78
102731 49
102754 27
102763 67
102804 3
102836 10
102842 7
102868 15
102884 80
102919 57
102937 66
102961 115
103005 84
103014 69
103030 122
103030 82
103043 92
103052 59
103052 78
103094 98
103115 50
103122 17
103143 6
103156 26
103156 116
103177 22
103182 66
103199 68
103222 40
103261 117
103272 49
103295 110
103332 69
103376 84
103403 105
103415 65
103459 41
103468 115
103492 29
103497 25
103509 18
103520 67
103532 57
103559 89
103570 76
103572 90
103607 53
103642 17
103663 70
103701 124
103738 106
103753 31
103762 52
103805 31
103810 2
103829 75
103862 6
103876 99
103899 2
103940 25
103947 108
103967 95
103974 118
103987 93
103994 27
104031 82
104033 70
104040 107
104066 16
104075 52
104093 20
104103 96
104132 83
104138 122
104144 91
104184 81
104200 11
104238 123
104248 97
104276 59
104300 35
104326 58
104358 2
104369 85
104399 91
104435 56
104435 2
104458 12
104468 54
104479 25
104522 125
104563 65
104599 88
104625 15
104645 93
104684 113
104697 126
104734 35
104774 48
104782 9
104810 68
104816 97
104847 81
104858 54
104871 1
104904 73
104912 56
104920 9
104956 118
104997 55
105028 20
105033 61
105069 88
105091 43
105097 57
105105 79
105141 47
105145 120
105190 81
105210 86
105212 99
105214 75
105232 14
105268 73
105277 48
105319 21
105336 22
105369 109
105385 64
105404 66
105446 16
105469 96
105510 124
105555 111
105577 11
105617 28
105650 55
105682 6
105702 2
105742 16
105783 87
105817 11
105858 49
105892 47
105916 53
105927 95
105941 28
105949 29
105989 119
106019 14
106026 76
106049 126
106066 58
106079 92
106115 2
106158 18
106181 30
106181 112
106204 32
106214 76
106252 16
106286 3
106321 49
106352 20
106385 87
106398 101
106400 31
106420 1
106457 5
106469 110
106489 119
106530 96
106570 79
106580 119
106591 49
106635 2
106676 122
106709 78
106720 6
106741 55
106766 55
106799 26
106844 50
106845 79
106868 77
106877 89
106913 5
106924 27
106930 77
106951 110
106965 62
106994 81
106994 99
107015 52
107029 30
107036 42
107081 125
107101 66
107106 44
107109 33
107125 71
107145 18
107161 59
107198 58
107210 64
107225 127
107265 93
107272 46
107278 114
107313 62
107358 83
107359 124
107360 117
107382 116
107382 84
107413 18
107452 7
107454 15
107489 102
107496 44
107529 49
107529 88
107574 30
107599 34
107644 44
107666 69
107674 72
107676 1
107700 67
107737 79
107741 122
107773 27
107785 93
107790 66
107797 41
107834 67
107849 50
107891 94
107926 124
107944 65
107954 86
107998 72
108043 119
108082 57
108099 113
108116 124
108146 68
108183 63
108191 81
108209 63
108219 112
108239 71
108282 119
108310 122
108355 19
108382 11
108400 23
108422 12
108441 40
108446 102
108457 106
108490 102
108526 5
108529 5
108553 121
108591 111
108630 32
108670 6
108678 45
108702 107
108745 33
108756 22
108797 5
108797 33
108833 28
108870 121
108890 37
108891 5
108909 37
108943 53
108952 116
108979 84
109009 95
109051 38
109091 114
109134 77
109157 56
109184 106
109214 12
109248 104
109260 92
109270 16
109289 30
109292 81
109317 90
109344 17
109344 112
109375 61
109389 106
109411 81
109419 65
109435 67
109479 58
109489 89
109532 91
109537 77
109539 34
109552 102
109557 16
109598 110
109621 79
109646 23
109653 108
109690 43
109735 14
109761 89
109772 127
109796 93
109800 70
109808 4
109835 32
109848 126
109878 32
109892 26
109926 100
109931 123
109941 57
109973 70
109981 116
110022 100
110025 52
110061 98
110105 93
110113 99
110148 12
110192 54
110217 108
110242 52
110266 89
110276 88
110314 101
110334 60
110363 24
110388 64
110410 126
110427 13
110462 125
110467 7
110475 116
110483 12
110493 68
110500 10
110514 45
110552 102
110556 18
110598 117
110640 103
110640 107
110658 85
110670 109
110684 109
110689 11
110697 18
110720 100
110733 57
110758 37
110786 33
110786 11
110789 109
110791 116
110818 18
110826 67
110864 5
110907 33
110912 123
110949 50
110972 54
111003 17
111042 14
111085 59
111086 10
111101 118
111125 75
111163 63
111175 101
111196 68
111224 44
111259 28
111289 124
111328 117
111355 125
111360 122
111376 69
111379 113
111382 58
111402 85
111437 55
111449 81
111469 67
111514 108
111524 65
111550 2
111576 26
111621 93
111625 77
111661 15
111703 96
111720 66
111745 28
111760 48
111787 82
111814 52
111844 43
111865 25
111890 8
111906 15
111947 61
111974 37
111981 108
111985 68
112025 12
112025 30
112025 10
112064 83
112107 9
112151 33
112171 23
112187 5
112212 92
112250 54
112267 122
112271 83
112285 7
112319 96
112340 3
112377 90
112398 82
112398 88
112401 88
112440 40
112446 122
112472 26
112514 24
112550 108
112581 12
112595 102
112610 95
112652 76
112694 38
112703 15
112743 104
112752 79
112793 90
112811 108
112816 69
112835 81
112858 109
112881 127
112916 77
112958 64
112964 60
113004 75
113029 122
113046 65
113087 31
113087 80
113106 8
113134 72
113152 88
113192 16
113213 73
113219 78
113262 52
113262 37
113292 1
113307 51
113327 108
113340 67
113349 35
113386 42
113410 101
113411 54
113442 106
113450 61
113495 35
113505 36
113505 120
113514 22
113556 103
113562 64
113579 106
113615 52
113653 71
113677 35
113677 54
113708 86
113746 71
113753 102
113758 100
113777 66
113820 25
113840 104
113850 32
113894 65
113896 105
113911 101
113914 8
113926 11
113956 28
113967 61
113979 68
113993 19
114007 53
114045 64
114084 6
114126 65
114138 65
114145 42
114174 93
114199 104
114230 19
114262 81
114272 99
114280 96
114320 73
114343 13
114352 46
114363 11
114383 1
114401 118
114446 52
114478 48
114481 90
114516 5
114549 49
114582 112
114583 113
114612 86
114624 89
114658 59
114684 68
114694 107
114697 54
114734 124
114775 77
114786 104
114799 39
114830 82
114841 107
114847 95
114861 16
114865 122
114884 114
114893 68
114919 94
114944 67
114973 90
114985 22
115002 34
115008 43
115032 56
115067 16
115088 28
115103 112
115114 68
115114 31
115151 54
115175 56
115181 11
115199 33
115203 10
115239 102
115271 110
115304 35
115329 93
115362 86
115371 94
115372 40
115402 76
115404 95
115423 71
115428 78
115463 21
115491 25
115500 36
115509 79
115513 24
115524 39
115556 53
115589 62
115596 68
115609 27
115610 57
115635 70
115663 9
115694 78
115727 83
115768 17
115803 62
115845 26
115857 33
115894 56
115918 16
115945 98
115962 97
115981 124
115987 31
116028 8
116059 66
116094 110
116095 112
116112 65
116131 23
116136 27
116173 69
116188 55
116192 86
116230 44
116230 12
116244 85
116268 16
116303 96
116311 111
116319 92
116364 64
116365 97
116399 9
116437 31
116437 26
116470 7
116505 64
116546 67
116550 30
116566 33
116585 25
116585 75
116585 5
116590 103
116611 53
116617 119
116635 73
116678 95
116699 91
116701 95
116735 115
116748 86
116781 92
116782 114
116791 95
116807 15
116809 29
116838 114
116855 73
116880 93
116908 9
116910 74
116911 11
116940 127
116951 27
116967 127
116972 105
116976 78
117014 1
117026 84
117043 39
117062 14
117089 79
117120 33
117144 82
117177 52
117182 108
117192 105
117197 113
117213 115
117245 121
117281 95
117319 75
117322 53
117325 60
117361 9
117397 45
117426 50
117426 39
117455 21
117457 124
117469 28
117469 121
117471 28
117479 82
117523 84
117525 42
117542 31
117552 122
117574 71
117595 4
117617 70
117621 127
117648 13
117685 71
117714 15
117749 58
117781 38
117809 66
117815 109
117843 85
117844 51
117850 58
117884 22
117902 68
117902 121
117920 73
117932 25
117968 3
117973 6
117999 6
118039 56
118045 36
118078 46
118109 14
118153 29
118196 113
118235 104
118245 45
118246 2
118285 25
118292 7
118296 13
118306 79
118348 48
118384 103
118392 78
118409 25
118429 16
118460 27
118463 37
118506 10
118528 89
118528 81
118534 102
118571 7
118574 68
118607 36
118612 106
118652 8
118658 43
118674 116
118677 85
118690 63
118696 97
118734 74
118762 36
118765 73
118784 51
118813 38
118831 68
118852 78
118863 59
118904 64
118920 50
118924 83
118961 112
118999 121
119004 77
119035 14
119047 123
119055 119
119086 89
119095 119
119125 121
119141 3
119143 121
119157 116
119167 5
119206 110
119235 111
119274 125
119280 99
119323 13
119368 77
119389 16
119419 16
119451 105
119472 11
119488 110
119494 36
119519 32
119562 81
119603 115
119605 81
119649 27
119665 29
119700 36
119739 74
119774 87
119777 17
119815 21
119851 72
119891 73
119936 98
119937 23
119963 25
119987 14
120023 1
120040 81
120060 124
120093 15
120127 53
120168 31
120187 33
120223 37
120233 50
120248 97
120283 124
120313 106
120322 82
120337 65
120354 99
120385 64
120413 2
120448 107
120480 62
120485 4
120514 71
120522 117
120567 27
120600 5
120626 41
120661 17
120670 101
120713 111
120735 8
120749 55
120762 58
120786 19
120813 95
120848 66
120889 52
120916 114
120933 76
120944 11
120944 49
120954 27
120955 6
120964 113
120970 101
121014 111
121027 28
121050 7
121063 58
121103 1
121104 12
121114 24
121144 29
121167 107
121187 44
121194 73
121223 18
121252 16
121268 83
121280 64
121303 70
121334 113
121350 78
121365 45
121395 97
121400 33
121428 73
121463 46
121474 75
121494 35
121517 116
121517 41
121545 60
121545 5
121565 3
121601 92
121636 111
121669 47
121672 60
121684 69
121720 76
121731 10
121756 17
121772 113
121790 113
121792 27
121814 10
121823 50
121843 72
121844 110
121888 62
121898 40
121941 72
121941 90
121975 115
121986 112
121992 86
122027 8
122028 111
122040 33
122061 75
122070 18
122089 126
122110 35
122119 91
122131 96
122162 96
122171 50
122188 124
122224 70
122239 107
122275 69
122320 84
122334 117
122355 108
122392 69
122420 54
122423 49
122430 24
122450 80
122454 75
122479 120
122501 104
122526 50
122570 55
122580 3
122625 107
122659 30
122665 72
122675 121
122704 19
122722 5
122759 5
122774 113
122818 75
122823 45
122823 9
122840 43
122846 60
122884 1
122893 21
122893 10
122908 43
122945 70
122946 122
122958 102
122991 56
123010 124
123032 37
123059 37
123096 65
123118 49
123147 124
123187 86
123216 117
123243 127
123267 124
123272 78
123299 59
123324 102
123356 95
123394 49
123413 30
123421 84
123462 59
123470 111
123480 95
123500 100
123518 89
123558 81
123565 109
123581 59
123597 99
123601 82
123636 52
123669 38
123671 41
123690 103
123702 82
123734 84
123770 47
123815 84
123846 83
123865 17
123901 114
123909 108
123952 30
123974 26
124012 66
124057 59
124086 33
124097 94
124124 54
124125 45
124141 52
124158 97
124166 36
124203 52
124245 40
124247 91
124287 55
124312 20
124351 72
124381 75
124390 125
124406 78
124441 27
124471 108
124488 43
124507 111
124538 13
124563 54
124584 103
124599 71
124606 74
124638 96
124670 10
124695 67
124719 100
124739 85
124758 62
124784 90
124820 104
124860 70
124878 102
124882 115
124908 100
124925 37
124960 51
124983 118
125006 40
125031 50
125062 63
125107 112
125147 35
125174 30
125205 108
125228 111
125246 11
125279 6
125309 59
125335 18
125346 76
125346 88
125363 4
125367 118
125380 104
125390 21
125398 113
125429 23
125442 8
125444 90
125445 35
125458 116
125459 107
125474 54
125489 42
125524 23
125542 43
125566 125
125572 68
125612 125
125615 80
125655 70
125682 10
125686 48
125690 2
125718 121
125740 12
125750 110
125792 104
125793 70
125816 108
125851 107
125873 3
125910 17
125954 118
125989 29
126032 29
126072 20
126083 59
126105 60
126140 92
126184 55
126205 8
126245 20
126255 16
126276 27
126283 43
126299 13
126304 127
126348 78
126382 47
126393 81
126418 19
126437 92
126454 108
126470 51
126480 14
126513 59
126525 109
126558 1
126586 65
126610 38
126634 97
126669 5
126670 108
126675 33
126680 70
126709 10
126748 35
126767 118
126794 71
126809 113
126834 19
126852 50
126879 77
126895 21
126895 88
126910 118
126933 69
126965 89
127008 19
127038 113
127072 125
127091 35
127129 52
127150 12
127164 51
127203 29
127239 90
127266 38
127280 66
127305 88
127350 77
127391 95
127398 54
127437 39
127482 19
127516 93
127550 19
127575 11
127591 45
127595 27
127640 113
127676 1
127694 34
127731 19
127740 15
127750 67
127782 33
127818 110
127824 1
127836 54
127845 76
127860 94
127887 14
127924 26
127928 106
127943 53
127959 12
127968 106
127998 92
128007 113
128021 69
128042 56
128085 80
128100 105
128104 9
128114 41
128145 98
128187 11
128224 73
128269 9
128311 66
128350 87
128362 121
128367 18
128393 31
128415 89
128420 16
128462 78
128476 79
128495 120
128496 6
128511 62
128517 124
128522 86
128529 71
128565 20
128565 75
128598 78
128612 47
128618 57
128652 20
128667 83
128685 39
128729 106
128774 38
128775 92
128784 21
128821 108
128865 87
128870 127
128904 83
128906 18
128951 72
128955 113
128969 62
128970 33
128990 1
129022 108
129043 15
129072 114
129080 57
129094 115
129135 53
129137 38
129148 65
129149 96
129166 63
129207 3
129219 73
129245 75
129288 75
129328 25
129372 25
129404 14
129424 113
129425 16
129465 50
129468 80
129498 48
129510 47
129528 5
129533 117
129534 39
129545 127
129573 115
129589 7
129599 114
129621 110
129628 33
129648 11
129648 52
129686 25
129703 30
129738 80
129750 54
129794 5
129805 101
129817 79
129849 79
129889 79
129889 126
129922 122
129954 36
129973 98
130012 77
130019 66
130035 9
130049 86
130079 98
130121 34
130155 81
130180 53
130206 50
130235 93
130272 33
130276 91
130293 90
130328 83
130332 8
130372 6
130392 97
130408 85
130442 30
130445 43
130490 21
130509 47
130513 122
130542 88
130574 57
130615 37
130638 90
130643 126
130675 10
130694 111
130710 126
130752 71
130783 59
130790 37
130805 94
130845 113
130865 52
130892 36
130899 35
130938 98
130965 123
130984 116
131000 119
131006 52
131046 45
131078 49
131092 113
131107 6
131123 69
131126 70
131167 17
131208 125
131246 29
131258 114
131268 64
131280 79
131313 105
131345 67
131361 101
131382 50
131388 22
131399 79
131428 92
131451 76
131453 15
131454 84
131491 29
131507 84
131548 116
131593 12
131633 2
131641 40
131676 92
131703 46
131709 3
131721 95
131743 123
131764 95
131766 65
131799 57
131814 123
131814 51
131840 28
131885 2
131930 117
131966 2
131998 44
132028 8
132071 84
132107 55
132107 68
132111 72
132117 42
132128 88
132144 54
132151 18
132182 67
132219 13
132230 83
132236 119
132248 121
132285 60
132319 9
132347 116
132380 99
132422 104
132422 96
132438 77
132440 126
132446 118
132483 59
132506 113
132519 18
132553 93
132585 62
132607 34
132639 69
132678 68
132710 57
132735 21
132752 102
132768 119
132798 71
132806 90
132832 98
132848 20
132888 99
132929 112
132941 28
132975 97
132987 13
133018 74
133054 11
133087 84
133116 34
133116 123
133122 30
133136 24
133176 17
133201 104
133205 41
133215 60
133247 87
133286 111
133309 111
133353 85
133359 32
133360 47
133367 94
133374 97
133398 89
133402 105
133439 119
133444 17
133458 85
133471 118
133507 37
133526 86
133541 84
133548 74
133569 107
133570 10
133586 34
133592 84
133611 54
133622 98
133622 11
133653 120
133670 110
133671 48
133681 53
133720 93
133731 6
133771 11
133777 71
133788 110
133821 1
133855 23
133872 48
133896 113
133914 100
133955 65
133955 115
133973 77
134013 14
134040 21
134078 42
134093 2
134100 98
134118 23
134130 79
134148 8
134160 110
134167 43
134193 48
134199 87
134217 3
134235 103
134245 78
134288 77
134324 96
134355 52
134357 32
134357 110
134399 75
134434 47
134476 127
134496 19
134500 95
134539 2
134562 55
134562 71
134601 34
134628 92
134661 102
134705 60
134750 99
134779 48
134821 104
134856 91
134863 69
134891 88
134901 77
134924 20
134949 43
134980 119
134983 101
134983 43
135017 55
135049 31
135067 114
135068 59
135072 127
135096 46
135116 41
135118 45
135162 70
135180 73
135181 64
135209 64
135243 42
135261 87
135292 61
135320 42
135343 42
135350 35
135381 48
135425 9
135427 7
135427 122
135463 99
135466 116
135511 107
135525 125
135527 49
135538 41
135583 85
135604 33
135649 21
135683 15
135715 108
135721 114
135757 88
135783 2
135799 70
135844 59
135887 7
135900 114
135907 94
135944 59
135951 54
135996 30
136005 14
136008 48
136040 106
136043 65
136083 28
136101 77
136139 65
136150 123
136167 116
136203 63
136207 17
136207 104
136209 38
136242 40
136274 28
136288 121
136320 127
136363 83
136380 115
136425 127
136444 7
136478 60
136523 88
136536 42
136570 84
136596 121
136623 87
136624 30
136630 125
136647 114
136657 77
136682 11
136684 86
136715 27
136750 109
136784 125
136826 76
136868 111
136885 55
136925 40
136951 42
136994 52
137035 115
137077 84
137089 49
137127 43
137172 63
137193 114
137197 36
137215 84
137219 42
137237 123
137282 25
137302 114
137314 77
137338 37
137338 106
137345 41
137361 4
137398 93
137418 26
137433 81
137464 123
137488 126
137530 18
137535 23
137552 117
137565 43
137565 43
137582 7
137622 95
137636 106
137669 51
137710 47
137715 24
137745 85
137767 98
137798 101
137814 17
137839 59
137847 95
137881 107
137908 30
137921 119
137933 6
137958 12
137993 33
138001 12
138034 23
138039 2
138070 5
138092 13
138111 29
138130 40
138162 15
138203 16
138211 41
138243 103
138261 121
138301 93
138341 52
138386 41
138403 14
138433 92
138449 110
138460 27
138469 73
138505 19
138516 124
138519 22
138548 18
138588 42
138592 81
138607 97
138646 100
138669 103
138680 89
138684 116
138722 75
138736 75
138761 71
138773 98
138797 11
138797 116
138833 8
138875 106
138920 99
138952 81
138987 101
139022 79
139055 76
139063 60
139079 122
139089 68
139103 117
139135 58
139171 105
139187 103
139221 76
139255 92
139281 69
139320 76
139362 64
139376 45
139380 127
139419 125
139455 58
139458 113
139462 62
139490 90
139499 76
139531 60
139533 120
139557 33
139588 24
139606 57
139628 19
139656 48
139675 64
139713 85
139750 51
139776 125
139805 100
139820 96
139840 15
139875 114
139876 111
139881 96
139892 55
139930 17
139932 85
139934 49
139970 76
140003 65
140045 45
140068 84
140092 19
140118 48
140147 85
140191 78
140213 126
140237 24
140244 99
140259 120
140302 34
140313 76
140319 64
140336 127
140374 28
140403 17
140406 46
140417 12
140454 6
140458 10
140502 89
140534 2
140578 2
140614 123
140637 29
140681 52
140700 78
140716 68
140760 111
140767 66
140798 48
140804 63
140805 88
140849 18
140879 92
140908 90
140951 83
140972 22
141011 37
141045 44
141068 108
141090 6
141094 124
141117 73
141156 73
141162 126
141165 54
141174 122
141199 127
141211 62
141221 41
141245 98
141254 56
141281 124
141291 104
141303 37
141309 126
141314 15
141351 94
141388 17
141417 6
141429 67
141458 93
141495 118
141512 17
141532 86
141557 118
141601 111
141609 63
141621 33
141636 37
141667 78
141674 114
141678 105
141713 113
141754 90
141791 68
141836 7
141853 108
141881 33
141915 116
141957 126
141968 33
141972 3
142005 13
142005 117
142024 66
142063 111
142099 97
142106 77
142111 46
142153 89
142188 13
142188 14
142197 12
142224 107
142233 24
142274 3
142303 96
142303 114
142338 83
142340 23
142349 29
142391 72
142393 80
142425 126
142449 89
142492 28
142510 81
142525 9
142548 16
142586 77
142587 60
142623 33
142644 119
142673 58
142714 24
142744 55
142766 110
142768 91
142788 118
142799 8
142829 92
142830 81
142845 34
142873 42
142904 87
142907 86
142944 4
142978 45
142978 23
142986 106
142991 104
142997 57
143039 34
143041 90
143058 27
143074 27
143079 126
143124 101
143138 47
143145 71
143185 72
143192 84
143229 85
143256 22
143272 27
143306 82
143329 113
143361 15
143366 57
143407 64
143427 96
143431 73
143459 100
143476 1
143503 94
143547 1
143581 39
143616 114
143661 115
143689 76
143724 21
143736 8
143751 121
143795 49
143822 80
143826 126
143847 63
143866 39
143886 75
143890 8
143932 119
143954 61
143962 117
143989 103
143989 100
144018 124
144037 79
144076 5
144092 80
144127 37
144136 89
144170 59
144170 48
144195 62
144208 91
144235 85
144274 70
144311 51
144347 7
144352 116
144391 127
144429 109
144465 24
144508 107
144538 115
144549 64
144570 61
144610 127
144612 113
144638 122
144644 58
144679 7
144720 60
144749 113
144783 82
144810 114
144835 110
144844 104
144855 83
144878 107
144889 116
144907 17
144928 62
144937 21
144965 126
144973 92
144981 68
144987 2
145030 29
145060 103
145105 103
145110 106
145127 77
145135 84
145144 24
145150 86
145178 34
145182 83
145202 115
145217 19
145232 107
145246 92
145266 23
145305 105
145331 52
145375 30
145384 28
145387 15
145406 34
145438 3
145472 102
145488 49
145532 26
145561 15
145605 63
145638 11
145640 99
145660 46
145704 107
145730 38
145753 126
145764 26
145774 82
145814 14
145853 9
145880 101
145892 112
145923 25
145929 49
145961 11
145988 94
146002 29
146011 37
146042 111
146064 17
146069 108
146087 101
146125 63
146169 9
146179 90
146181 42
146184 81
146201 23
146201 74
146218 82
146223 120
146236 106
146265 71
146280 126
146294 87
146338 101
146354 36
146375 5
146382 2
146412 5
146414 49
146442 2
146446 118
146447 102
146460 22
146469 106
146500 79
146545 87
146556 17
146563 42
146593 37
146602 67
146626 70
146666 88
146694 49
146714 56
146717 75
146732 92
146738 67
146763 21
146794 69
146835 13
146854 68
146876 23
146904 48
146941 17
146945 113
146988 21
146995 85
146998 123
147039 76
147079 96
147099 20
147124 26
147146 91
147163 104
147198 81
147206 60
147232 91
147237 26
147270 92
147314 2
147316 26
147322 82
147338 94
147382 25
147404 31
147427 29
147463 44
147508 50
147546 31
147550 121
147559 11
147599 92
147635 50
147641 89
147654 95
147677 7
147686 42
147693 110
147694 95
147727 5
147741 106
147754 2
147754 92
147778 126
147812 94
147856 110
147896 71
147903 26
147927 97
147964 26
147991 73
148005 48
148010 51
148050 20
148080 51
148085 32
148096 65
148128 43
148140 107
148163 100
148183 84
148220 80
148260 5
148278 115
148282 101
148294 109
148324 111
148355 97
148377 110
148378 122
148422 75
148436 52
148449 112
148450 107
148473 94
148487 111
148489 15
148499 83
148502 24
148505 117
148514 126
148534 69
148575 66
148602 70
148635 83
148654 25
148657 97
148697 62
148735 63
148739 113
148755 121
148785 56
148797 36
148824 64
148835 17
148863 13
148863 78
148889 63
148921 111
148923 111
148936 37
148952 83
148990 121
149018 76
149024 111
149059 103
149072 124
149102 2
149126 99
149144 41
149166 13
149203 14
149232 97
149267 46
149283 117
149301 113
149329 28
149363 83
149370 44
149401 113
149424 109
149425 19
149461 58
149501 122
149512 98
149557 122
149592 9
149629 66
149660 79
149683 99
149727 28
149730 25
149771 93
149811 112
149851 49
149871 109
149909 26
149919 23
149949 37
149976 8
149977 112
150017 27
150047 103
150080 95
150105 89
150131 61
150147 84
150170 125
150204 119
150232 32
150275 108
150300 101
150345 50
150349 55
150382 77
150390 3
150400 111
150412 22
150420 45
150430 25
150465 104
150471 9
150513 124
150520 50
150560 2
150570 36
150571 26
150572 18
150596 86
150617 86
150631 23
150641 30
150650 8
150654 60
150656 29
150696 33
150701 98
150704 11
150715 100
150748 111
150775 107
150791 93
150813 28
150834 72
150876 74
150918 117
150938 13
150971 38
150977 71
150991 92
151010 83
151012 68
151028 22
151042 112
151045 3
151068 77
151096 121
151127 56
151162 54
151163 102
151199 89
151242 68
151253 87
151256 68
151267 34
151289 106
151313 44
151356 9
151377 45
151387 105
151398 53
151414 108
151416 68
151433 32
151438 108
151458 85
151492 36
151510 2
151538 89
151544 123
151584 77
151598 49
151629 49
151655 39
151661 4
151672 115
151700 48
151719 70
151756 123
151796 126
151805 110
151832 112
151857 2
151865 53
151899 121
151917 99
151948 52
151974 38
152015 50
152026 89
152040 75
152071 76
152077 22
152093 87
152094 63
152113 49
152146 7
152189 19
152226 25
152257 100
152291 123
152315 27
152317 86
152336 103
152379 4
152421 60
152462 30
152492 121
152498 49
152514 112
152551 34
152583 5
152593 27
152593 11
152603 86
152638 31
152645 28
152686 47
152701 58
152722 85
152748 107
152775 57
152799 26
152841 82
152881 59
152911 99
152928 65
152959 45
152979 104
152987 80
152998 96
153031 34
153041 20
153056 118
153089 7
153105 2
153150 12
153168 108
153213 18
153221 77
153255 2
153276 120
153309 37
153316 2
153325 93
153337 71
153359 8
153364 56
153370 41
153401 1
153409 33
153446 62
153460 49
153476 23
153499 118
153509 70
153523 95
153548 12
153557 2
153601 43
153620 10
153644 18
153646 72
153647 17
153654 103
153677 6
153693 71
153721 49
153763 113
153773 14
153794 93
153816 85
153832 17
153835 10
153844 120
153870 25
153886 90
153886 117
153930 8
153956 70
153984 94
154006 116
154037 67
154069 86
154103 113
154121 36
154126 59
154147 109
154186 64
154202 35
154237 49
154253 63
154274 54
154302 7
154347 8
154363 3
154391 82
154414 55
154449 86
154484 25
154485 125
154528 59
154551 4
154568 98
154575 89
154579 73
154580 52
154604 100
154624 6
154651 70
154679 63
154704 34
154721 27
154744 99
154745 63
154764 9
154784 65
154815 42
154837 83
154879 45
154886 112
154888 94
154902 81
154946 32
154982 42
154992 71
155025 37
155052 121
155076 33
155097 23
155102 2
155122 52
155161 77
155184 82
155206 100
155229 40
155257 127
155298 77
155324 122
155350 12
155364 75
155378 26
155419 80
155446 80
155453 40
155454 12
155489 2
155491 31
155510 83
155528 124
155529 93
155567 3
155580 112
155591 80
155632 65
155651 64
155692 6
155711 95
155755 29
155763 101
155800 117
155833 22
155834 67
155840 24
155881 38
155924 52
155947 9
155974 71
155999 24
156032 97
156073 104
156077 78
156120 120
156138 125
156158 5
156185 74
156189 75
156217 88
156236 41
156257 24
156291 7
156332 109
156342 20
156359 77
156359 39
156379 16
156389 108
156411 110
156448 92
156464 48
156507 105
156511 110
156511 24
156553 13
156567 21
156572 99
156609 46
156641 106
156649 1
156663 61
156696 126
156700 55
156703 36
156728 52
156773 74
156776 116
156780 5
156807 33
156851 5
156868 80
156876 116
156886 19
156900 76
156904 25
156949 11
156981 2
156986 54
156994 36
157032 34
157042 88
157077 15
157095 113
157100 51
157126 9
157146 113
157165 44
157184 3
157216 4
157258 42
157268 91
157296 19
157330 94
157361 74
157382 74
157415 28
157443 42
157444 86
157446 12
157489 58
157499 69
157510 112
157531 49
157542 70
157557 117
157564 51
157575 111
157576 43
157580 122
157596 114
157602 25
157608 20
157641 50
157677 25
157689 89
157714 7
157730 82
157747 96
157763 4
157773 127
157789 52
157794 74
157806 79
157812 80
157820 90
157832 48
157863 39
157865 34
157908 122
157922 51
157962 25
157976 24
157997 73
158015 67
158024 63
158069 124
158100 126
158126 10
158150 9
158166 69
158177 3
158177 48
158212 7
158245 47
158280 84
158302 44
158318 74
158337 122
158362 56
158375 28
158395 78
158401 84
158440 36
158440 84
158481 69
158483 17
158510 25
158541 70
158560 11
158576 58
158588 13
158588 90
158590 67
158608 118
158610 124
158612 8
158654 66
158681 114
158713 114
158719 35
158737 18
158769 26
158801 81
158845 42
158860 36
158874 62
158914 76
158940 23
158973 18
158991 20
159003 53
159033 119
159049 4
159073 40
159073 111
159103 19
159113 115
159144 13
159158 73
159162 23
159192 3
159227 71
159266 92
159267 50
159304 74
159343 84
159348 86
159389 12
159401 2
159446 121
159454 32
159485 8
159486 57
159521 11
159535 116
159572 97
159573 52
159616 25
159635 117
159652 111
159692 114
159725 127
159737 122
159751 4
159762 97
159800 108
159840 115
159862 67
159898 28
159916 106
159920 101
159944 69
159948 70
159959 27
159999 39
160022 17
160039 41
160041 47
160052 114
160094 104
160130 74
160167 50
160171 14
160174 118
160214 27
160237 110
160259 88
160263 7
160295 60
160300 79
160314 24
160325 88
160348 89
160385 7
160403 86
160432 63
160471 8
160472 47
160504 38
160529 63
160536 9
160568 109
160579 2
160611 54
160639 110
160680 91
160705 5
160715 71
160750 61
160784 92
160788 108
160790 15
160827 9
160865 127
160865 99
160903 53
160917 33
160922 115
160947 49
160992 65
161008 98
161045 103
161065 1
161094 79
161127 14
161168 46
161200 47
161204 108
161221 85
161227 54
161262 91
161298 95
161318 102
161340 80
161364 120
161398 30
161439 82
161448 124
161469 118
161505 125
161507 83
161521 70
161529 35
161541 10
161564 56
161594 35
161596 93
161622 68
161663 111
161702 100
161715 4
161753 81
161781 4
161821 12
161824 11
161824 90
161849 87
161888 77
161915 111
161936 34
161960 56
161962 91
162007 88
162044 17
162056 41
162070 4
162098 60
162141 38
162146 63
162172 27
162180 9
162198 98
162204 17
162231 75
162269 73
162280 5
162305 33
162325 102
162355 112
162364 87
162378 71
162407 110
162408 35
162426 124
162451 77
162479 54
162515 81
162554 73
162570 32
162574 4
162586 34
162611 15
162653 88
162653 114
162664 83
162696 52
162729 15
162730 43
162753 107
162753 37
162766 93
162805 40
162836 105
162852 20
162892 79
162914 29
162925 86
162964 6
163002 29
163040 66
163052 81
163070 56
163106 18
163114 29
163120 126
163165 6
163176 42
163212 91
163227 64
163264 27
163271 17
163284 112
163301 46
163334 96
163360 126
163372 77
163416 43
163436 75
163462 94
163480 43
163506 37
163548 48
163568 78
163586 119
163628 125
163665 32
163680 4
163725 113
163725 7
163769 112
163786 78
163822 81
163865 59
163874 103
163893 17
163926 90
163935 94
163965 111
164000 106
164013 60
164053 33
164073 127
164075 114
164105 29
164119 47
164160 10
164201 92
164214 50
164231 112
164268 83
164296 119
164296 84
164310 60
164312 32
164337 29
164373 26
164413 111
164423 123
164428 79
164462 98
164462 59
164486 69
164503 13
164530 18
164533 76
164577 26
164621 103
164650 31
164673 38
164712 111
164719 42
164742 101
164747 51
164758 81
164775 126
164807 64
164820 117
164838 100
164870 57
164874 54
164917 120
164957 114
164970 57
164994 82
165034 105
165054 116
165067 108
165107 1
165138 112
165181 60
165222 30
165228 83
165247 33
165285 40
165299 31
165323 127
165359 87
165389 30
165399 26
165410 125
165450 103
165480 82
165501 1
165533 6
165545 102
165588 69
165592 95
165628 114
165640 115
165647 77
165691 93
165712 52
165722 18
165761 51
165785 67
165799 79
165840 13
165859 38
165861 83
165878 39
165885 44
165892 50
165934 97
165963 13
165973 116
166005 25
166016 118
166056 5
166059 59
166078 9
166122 64
166134 32
166142 66
166176 70
166199 89
166237 31
166256 72
166300 17
166318 29
166324 75
166347 98
166375 46
166412 64
166419 80
166442 111
166458 91
166471 23
166516 115
166549 93
166551 18
166570 18
166612 74
166632 93
166671 96
166678 57
166693 92
166733 43
166766 1
166793 127
166801 85
166829 87
166866 15
166887 39
166919 96
166927 13
166935 98
166956 60
166999 12
167008 53
167035 97
167046 104
167053 94
167060 103
167104 83
167140 95
167149 79
167166 117
167168 33
167190 81
167233 39
167266 51
167307 89
167308 126
167333 23
167354 4
167363 16
167374 125
167402 9
167432 58
167466 90
167468 10
167490 104
167523 60
167552 25
167595 123
167623 107
167649 18
167658 89
167661 26
167686 118
167689 120
167714 88
167750 45
167795 65
167809 116
167817 71
167823 14
167865 31
167891 47
167924 86
167937 45
167978 84
167988 47
168009 51
168015 16
168060 82
168101 113
168125 47
168141 35
168157 121
168178 91
168193 108
168210 78
168223 114
168223 36
168227 70
168240 118
168273 72
168299 66
168337 13
168372 114
168411 68
168414 64
168441 13
168467 82
168473 61
168511 99
168532 57
168556 45
168571 50
168586 114
168613 102
168623 93
168638 75
168680 96
168709 3
168736 126
168737 45
168738 89
168744 118
168749 36
168765 73
168780 24
168811 32
168834 124
168844 77
168883 56
168891 99
168901 32
168938 76
168977 123
169008 37
169011 106
169050 119
169068 115
169082 41
169109 66
169129 74
169157 53
169161 97
169164 116
169194 121
169237 122
169271 68
169272 21
169285 15
169311 84
169333 87
169334 30
169379 62
169409 110
169454 86
169485 81
169517 65
169562 57
169571 15
169609 97
169621 100
169652 122
169680 108
169720 47
169757 86
169793 44
169838 85
169868 30
169877 74
169902 2
169922 45
169928 65
169957 35
169957 93
169968 89
170009 85
170027 99
170029 126
170033 126
170064 69
170065 27
170110 73
170129 53
170164 35
170166 113
170174 4
170209 125
170254 122
170255 5
170285 93
170289 56
170320 51
170336 47
170370 13
170395 33
170397 16
170421 91
170464 41
170497 109
170509 127
170543 101
170584 57
170584 70
170590 99
170611 91
170613 91
170626 5
170654 26
170680 55
170719 60
170720 57
170751 22
170771 69
170807 112
170833 40
170865 115
170902 120
170940 28
170974 74
170980 116
171023 4
171041 57
171086 124
171098 91
171106 37
171120 25
171124 114
171143 52
171186 76
171213 61
171221 86
171253 17
171263 7
171301 66
171310 114
171326 87
171351 106
171357 15
171376 116
171389 90
171419 23
171430 70
171454 45
171483 110
171524 119
171560 44
171596 105
171600 97
171639 50
171660 23
171662 118
171704 124
171707 50
171747 93
171779 101
171780 68
171805 42
171823 31
171834 121
171856 25
171875 97
171906 32
171911 100
171936 13
171966 82
172001 60
172014 72
172041 27
172085 57
172123 88
172137 63
172147 50
172178 81
172199 79
172239 45
172255 46
172278 53
172291 63
172313 112
172325 1
172352 63
172383 18
172408 93
172427 24
172462 120
172485 97
172493 47
172495 22
172539 123
172545 94
172558 22
172580 5
172612 117
172630 87
172636 119
172651 121
172669 96
172704 95
172725 79
172768 115
172786 77
172795 108
172835 87
172842 110
172848 15
172856 124
172883 21
172898 37
172913 6
172915 11
172942 32
172963 92
172972 54
172975 94
172980 46
173002 8
173031 79
173044 31
173050 119
173089 33
173106 25
173112 13
173119 99
173144 18
173159 78
173165 101
173165 100
173196 37
173216 99
173251 5
173289 44
173294 68
173316 49
173327 1
173367 26
173392 19
173404 116
173410 102
173434 121
173471 28
173516 73
173554 62
173583 115
173626 103
173653 87
173685 60
173690 67
173693 67
173700 84
173717 99
173745 67
173756 100
173757 77
173797 96
173806 37
173828 37
173839 124
173853 121
173857 89
173877 54
173910 28
173922 88
173967 86
173989 23
174016 43
174019 117
174024 114
174061 103
174105 103
174143 67
174173 95
174175 13
174211 28
174238 53
174269 9
174306 25
174343 77
174386 40
174431 101
174468 27
174484 94
174529 63
174570 92
174574 50
174585 17
174595 64
174637 114
174671 26
174707 2
174740 40
174768 85
174783 35
174825 59
174843 82
174870 2
174890 115
174892 34
174892 55
174935 101
174960 98
174972 48
174987 96
175031 19
175062 51
175083 109
175117 96
175155 71
175193 89
175223 54
175258 104
175260 105
175274 16
175303 124
175334 47
175334 25
175342 37
175349 116
175394 40
175407 4
175409 110
175452 96
175453 60
175460 84
175496 80
175516 76
175538 115
175562 49
175598 74
175619 101
175631 63
175649 102
175675 113
175684 42
175710 104
175726 91
175729 86
175752 27
175778 121
175804 15
175831 28
175855 123
175875 53
175892 28
175906 76
175923 27
175930 92
175940 99
175970 23
175970 44
175979 9
176008 99
176040 2
176053 51
176086 73
176118 1
176162 126
176184 61
176185 46
176188 21
176213 71
176232 28
176252 118
176254 55
176273 38
176307 13
176329 75
176372 42
176373 78
176407 113
176430 40
176464 74
176487 104
176525 111
176550 47
176560 97
176568 98
176605 3
176644 65
176668 105
176698 97
176705 90
176719 34
176748 79
176781 11
176796 49
176837 31
176854 48
176876 13
176892 59
176921 71
176926 67
176958 113
176973 91
176994 114
177029 79
177074 44
177111 119
177130 9
177168 28
177190 91
177209 90
177249 68
177264 17
177268 109
177304 19
177343 13
177349 11
177358 127
177401 9
177424 119
177462 50
177482 27
177495 30
177502 86
177531 67
177569 21
177572 66
177603 33
177626 38
177666 52
177677 46
177684 29
177706 118
177744 96
177752 33
177769 21
177780 40
177816 104
177823 58
177827 23
177841 74
177861 7
177904 82
177909 41
177917 75
177950 120
177973 32
178016 64
178044 19
178058 115
178066 110
178086 123
178099 87
178123 117
178150 117
178160 117
178162 122
178205 64
178229 26
178264 2
178288 27
178306 64
178310 25
178312 127
178341 87
178350 63
178373 36
178408 62
178413 56
178432 84
178477 122
178509 36
178529 22
178539 53
178567 118
178583 50
178587 98
178594 116
178607 90
178644 113
178646 90
178672 13
178697 45
178740 62
178754 8
178784 100
178797 65
178830 51
178851 6
178882 66
178895 63
178909 118
178909 126
178909 25
178916 59
178937 42
178938 55
178978 36
178990 21
179012 52
179055 76
179062 77
179070 8
179093 23
179125 107
179136 74
179174 58
179209 79
179216 64
179248 17
179276 67
179286 48
179287 112
179288 2
179310 66
179344 12
179385 60
179417 37
179449 20
179473 111
179496 19
179515 80
179550 30
179561 106
179592 116
179619 65
179640 45
179649 99
179664 75
179674 16
179694 125
179737 35
179739 99
179757 89
179802 79
179816 58
179843 84
179850 105
179885 78
179889 72
179897 24
179914 67
179916 49
179951 6
179994 71
180028 77
180062 22
180098 25
180117 74
180132 43
180135 76
180136 5
180180 54
180192 5
180211 26
180256 60
180285 19
180301 84
180316 50
180352 32
180392 110
180417 59
180459 14
180494 6
180515 9
180544 100
180554 74
180554 61
180596 20
180617 3
180619 65
180619 107
180639 84
180644 72
180667 5
180687 17
180703 124
180709 85
180745 36
180775 101
180802 24
180828 64
180851 97
180872 76
180893 43
180908 77
180953 22
180960 121
180980 94
180981 25
180989 79
181018 2
181060 116
181088 38
181106 90
181144 65
181176 73
181215 9
181223 107
181252 121
181261 124
181295 15
181295 40
181336 116
181337 113
181368 22
181396 8
181421 10
181457 34
181467 99
181504 3
181529 75
181541 42
181578 45
181611 107
181631 44
181668 1
181703 69
181745 39
181763 24
181802 21
181813 40
181818 29
181849 24
181881 95
181923 77
181944 68
181973 100
181995 126
182040 116
182064 42
182102 68
182109 9
182127 48
182136 125
182165 103
182168 119
182210 32
182225 84
182253 5
182298 116
182300 123
182308 121
182351 93
182362 88
182385 95
182412 9
182446 67
182476 17
182486 52
182507 116
182519 40
182564 65
182585 45
182613 67
182649 74
182652 25
182662 77
182666 81
182689 110
182705 63
182721 21
182741 87
182751 80
182754 106
182770 86
182772 103
182791 56
182795 48
182797 33
182841 69
182866 101
182901 26
182944 16
182987 13
183030 12
183070 70
183087 110
183127 92
183165 4
183186 115
183194 89
183238 101
183244 31
183278 70
183280 73
183316 92
183323 33
183368 48
183375 23
183392 99
183408 118
183418 72
183452 114
183465 20
183479 33
183485 105
183525 5
183527 37
183554 59
183584 46
183606 82
183638 123
183638 1
183648 108
183692 110
183713 12
183723 100
183758 79
183772 66
183797 103
183811 45
183844 9
183848 108
183860 57
183865 111
183888 30
183896 77
183932 11
183945 44
183986 60
184019 119
184040 12
184075 94
184076 59
184102 91
184116 69
184125 38
184161 124
184205 66
184227 29
184256 112
184259 21
184268 95
184302 40
184328 74
184328 61
184337 32
184344 55
184379 67
184423 81
184461 95
184505 25
184525 17
184544 116
184582 18
184606 125
184645 102
184650 107
184674 113
184675 68
184709 81
184731 115
184770 119
184798 121
184807 48
184815 29
184850 95
184868 16
184873 85
184875 72
184883 16
184889 16
184894 50
184908 5
184917 105
184956 60
184981 71
184985 120
184999 7
185028 48
185051 22
185089 3
185133 50
185173 20
185207 20
185211 49
185213 20
185250 59
185267 65
185268 16
185285 81
185311 88
185334 65
185355 126
185399 91
185427 36
185440 40
185456 60
185486 99
185508 50
185551 85
185558 9
185580 67
185625 21
185646 38
185655 123
185676 33
185678 18
185688 68
185702 22
185717 108
185757 30
185779 4
185808 13
185841 97
185843 89
185875 74
185906 1
185906 1
185916 113
185960 19
185991 112
186003 111
186034 73
186046 9
186071 60
186085 66
186116 64
186116 21
186128 101
186154 8
186156 14
186164 114
186199 59
186214 101
186224 33
186240 23
186240 54
186280 70
186308 13
186326 6
186329 62
186336 80
186369 84
186398 79
186428 39
186452 126
186484 4
186501 121
186523 107
186557 112
186574 57
186606 80
186610 108
186612 78
186654 110
186689 85
186705 9
186723 2
186760 109
186802 3
186838 4
186875 123
186896 15
186941 98
186945 1
186952 55
186973 40
186995 127
187031 21
187050 56
187095 122
187128 18
187154 126
187165 103
187208 28
187249 74
187292 37
187326 110
187351 96
187362 111
187395 67
187398 8
187419 69
187449 39
187464 37
187471 104
187499 22
187503 106
187518 107
187529 38
187571 36
187575 91
187584 80
187601 46
187645 8
187688 59
187711 40
187715 24
187742 33
187745 21
187748 111
187767 114
187778 23
187804 26
187805 38
187848 124
187853 34
187897 95
187904 79
187911 32
187920 69
187936 76
187981 54
188016 70
188019 116
188028 29
188065 114
188082 57
188105 96
188124 54
188157 95
188165 21
188178 124
188179 84
188179 72
188220 17
188241 75
188267 39
188285 51
188286 71
188312 39
188350 34
188371 110
188379 17
188419 74
188455 106
188460 119
188492 98
188529 63
188558 9
188596 42
188638 72
188646 14
188671 98
188693 52
188710 118
188749 118
188751 109
188766 48
188805 87
188830 44
188875 127
188915 25
188929 99
188930 117
188973 110
189009 14
189030 126
189037 6
189080 85
189115 64
189134 1
189144 119
189160 35
189202 49
189207 125
189244 101
189277 22
189300 101
189327 59
189331 56
189356 41
189374 122
189398 94
189440 125
189474 27
189486 7
189502 56
189512 76
189532 23
189573 73
189600 94
189633 26
189661 17
189682 72
189711 77
189751 82
189760 97
189804 62
189829 122
189866 26
189889 88
189914 61
189947 70
189960 21
189962 8
189994 54
190019 70
190021 72
190037 127
190058 110
190093 13
190138 32
190144 80
190181 41
190224 17
190263 80
190286 57
190306 55
190328 49
190367 94
190388 67
190425 93
190455 43
190471 2
190513 10
190534 89
190540 126
190553 105
190577 40
190611 92
190619 106
190649 69
190693 86
190696 36
190728 89
190753 76
190758 101
190788 56
190791 86
190795 6
190817 109
190851 56
190875 11
190896 39
190899 69
190900 104
190942 109
190987 15
190991 59
191032 63
191066 30
191093 1
191093 68
191138 83
191172 45
191200 48
191206 79
191229 46
191255 52
191280 126
191295 99
191307 49
191348 103
191391 97
191412 40
191416 75
191446 7
191458 75
191484 100
191516 35
191561 89
191569 61
191591 75
191601 113
191626 43
191662 101
191688 107
191707 103
191721 100
191755 19
191798 72
191829 67
191838 53
191845 16
191857 25
191873 33
191874 21
191880 47
191895 92
191931 98
191956 78
191971 112
191974 98
192003 46
192033 14
192039 113
192074 111
192079 19
192105 60
192135 46
192176 9
192220 95
192264 83
192286 39
192301 4
192318 114
192325 55
192328 43
192347 118
192382 109
192418 40
192420 84
192449 93
192468 97
192479 15
192508 18
192550 81
192558 39
192588 67
192619 73
192623 21
192635 5
192657 35
192682 53
192702 21
192703 62
192711 63
192731 9
192759 10
192782 46
192791 81
192820 10
192863 117
192872 67
192881 55
192910 71
192917 95
192948 31
192966 40
192975 99
193003 8
193026 119
193045 120
193087 26
193089 93
193091 120
193094 113
193114 33
193124 38
193162 51
193170 102
193214 122
193252 48
193260 121
193304 10
193310 25
193349 28
193365 71
193365 118
193387 51
193426 123
193454 121
193456 117
193476 28
193493 43
193524 92
193568 85
193582 59
193607 93
193650 15
193675 34
193699 71
193704 15
193708 84
193743 105
193775 35
193793 50
193830 52
193842 116
193869 36
193900 71
193934 60
193950 5
193983 85
194014 107
194027 14
194057 15
194084 3
194097 127
194134 108
194161 127
194197 121
194242 40
194248 7
194284 27
194297 38
194324 25
194350 8
194366 125
194400 64
194400 127
194416 106
194434 62
194463 65
194493 84
194507 75
194526 66
194543 72
194547 81
194585 57
194626 53
194628 59
194654 2
194665 77
194698 113
194715 4
194727 36
194752 83
194755 24
194766 89
194796 16
194825 110
194836 68
194869 59
194912 58
194939 27
194942 116
194969 62
195011 24
195042 115
195084 107
195086 6
195086 60
195125 1
195134 20
195151 81
195170 99
195175 79
195183 8
195215 104
195255 126
195267 93
195302 72
195336 121
195359 24
195391 124
195398 88
195403 54
195423 88
195432 100
195449 13
195454 74
195461 118
195465 43
195506 32
195508 66
195516 10
195556 67
195558 51
195581 35
195624 88
195647 104
195676 103
195700 97
195710 51
195727 50
195741 15
195752 34
195754 18
195781 117
195825 28
195850 65
195870 42
195894 106
195922 79
195962 67
195970 74
195980 46
195999 112
196004 110
196044 112
196062 11
196079 124
196080 29
196088 121
196109 97
196109 41
196153 7
196188 97
196215 58
196227 13
196234 121
196249 101
196275 92
196281 85
196298 96
196315 57
196316 34
196327 94
196371 40
196405 114
196409 65
196441 44
196452 108
196470 90
196512 124
196517 36
196552 24
196561 68
196601 7
196629 59
196663 71
196664 17
196681 34
196719 96
196751 7
196796 55
196831 33
196841 99
196845 77
196849 92
196854 122
196873 50
196911 70
196928 33
196967 16
196972 39
197014 22
197046 109
197089 98
197099 80
197102 53
197109 66
197115 28
197142 84
197183 100
197199 77
197200 118
197245 98
197279 105
197308 52
197345 69
197380 80
197417 114
197460 2
197503 68
197515 33
197516 107
197540 118
197543 41
197549 39
197567 114
197592 58
197635 40
197639 11
197678 11
197707 26
197710 38
197723 99
197754 61
197754 98
197772 94
197813 96
197857 95
197895 127
197915 43
197937 25
197945 80
197970 44
198006 59
198028 83
198061 108
198084 13
198129 53
198138 67
198145 31
198164 127
198180 18
198204 82
198230 87
198260 51
198275 57
198292 79
198309 114
198335 77
198340 65
198340 71
198348 85
198353 67
198396 98
198397 83
198432 105
198453 47
198488 127
198516 100
198549 86
198555 72
198584 65
198598 101
198616 29
198647 3
198661 113
198680 67
198711 106
198724 59
198752 88
198762 56
198783 126
198825 17
198843 109
198874 84
198912 19
198938 104
198940 23
198974 34
199010 74
199046 68
199090 101
199100 70
199130 56
199157 55
199172 36
199207 89
199252 74
199258 112
199274 112
199316 56
199357 50
199400 81
199401 12
199444 56
199444 63
199474 98
199512 40
199521 6
199540 114
199554 119
199570 45
199603 108
199628 14
199660 121
199695 54
199737 14
199739 39
199756 102
199781 62
199815 112
199854 126
199885 115
199912 13
199916 95
199946 20
199958 70
199958 46
199994 39
200020 58
200048 27
200088 103
200115 102
200145 70
200183 126
200196 66
200201 117
200246 84
200269 21
200279 66
200322 66
200353 126
200390 69
200418 23
200459 59
200485 75
200507 95
200521 44
200557 2
200595 39
200633 95
200639 116
200642 7
200675 1
200707 84
200752 84
200767 97
200804 101
200808 112
200811 47
200820 34
200834 18
200834 74
200844 92
200866 91
200886 81
200918 44
200932 71
200938 64
200943 126
200953 3
200984 12
201000 115
201030 76
201055 124
201087 39
201111 36
201150 87
201191 83
201210 115
201241 126
201252 84
201295 68
201335 125
201339 98
201356 12
201360 62
201385 50
201427 2
201467 9
201501 88
201535 81
201554 14
201576 79
201577 40
201585 89
201601 121
201640 26
201654 97
201687 42
201692 33
201718 61
201747 17
201783 52
201825 61
201866 35
201900 44
201923 62
201924 97
201949 39
201955 33
201972 29
201990 73
202023 62
202046 100
202066 27
202108 113
202134 63
202175 63
202218 69
202253 63
202272 39
202273 72
202303 31
202332 121
202339 50
202348 58
202363 40
202406 82
202423 102
202468 5
202508 108
202510 94
202532 23
202562 99
202571 69
202589 108
202598 71
202621 36
202635 1
202660 98
202700 58
202716 18
202723 46
202739 67
202777 65
202818 44
202823 96
202851 108
202882 105
202882 24
202892 12
202892 67
202933 115
202936 14
202956 79
202973 91
202986 4
203006 56
203038 36
203040 63
203043 20
203048 32
203068 6
203086 96
203118 90
203127 77
203144 40
203165 78
203192 41
203237 111
203274 54
203276 95
203291 92
203332 77
203345 1
203386 24
203402 20
203437 115
203465 31
203499 45
203539 18
203561 107
203572 32
203614 90
203657 3
203662 18
203697 35
203717 15
203721 85
203732 123
203756 113
203788 35
203795 55
203835 28
203879 45
203896 79
203913 19
203934 31
203963 61
203975 13
204000 67
204002 46
204029 61
204040 82
204075 48
204095 96
204123 108
204139 100
204184 110
204185 11
204226 41
204229 64
204237 94
204272 38
204280 18
204289 58
204305 20
204305 92
204333 99
204374 89
204411 121
204445 55
204461 57
204488 124
204496 28
204533 87
204554 65
204572 104
204575 17
204609 11
204621 50
204630 66
204662 87
204699 72
204714 69
204742 28
204764 126
204782 67
204799 47
204819 93
204862 10
204901 46
204934 94
204968 124
205000 121
205044 108
205056 7
205063 32
205076 112
205121 77
205164 39
205188 4
205214 106
205241 110
205247 8
205263 28
205299 99
205333 28
205363 44
205388 104
205411 88
205443 102
205464 43
205473 63
205496 125
205501 34
205541 91
205566 117
205572 102
205581 109
205590 125
205608 112
205623 63
205656 9
205669 107
205684 123
205688 43
205709 80
205751 8
205792 18
205812 33
205841 106
205864 70
205895 93
205906 120
205926 52
205957 99
205983 82
206007 118
206019 21
206044 51
206086 39
206118 115
206124 35
206150 34
206181 126
206213 26
206226 89
206238 29
206272 118
206313 123
206333 42
206344 98
206389 3
206405 120
206420 13
206426 52
206462 41
206491 33
206495 68
206511 98
206517 83
206548 3
206576 9
206599 32
206639 67
206670 84
206715 41
206719 29
206727 116
206771 82
206784 65
206789 124
206790 109
206833 17
206859 1
206861 17
206894 125
206932 124
206976 1
206980 78
207005 59
207022 15
207026 88
207057 4
207090 16
207094 115
207096 38
207107 65
207138 77
207144 101
207155 95
207180 28
207187 86
207188 34
207221 8
207262 49
207305 16
207321 90
207348 28
207384 53
207409 65
207439 82
207458 7
207473 73
207489 89
207491 58
207521 16
207533 69
207567 80
207609 121
207645 75
207688 117
207706 62
207728 56
207769 84
207799 72
207808 72
207846 24
207852 98
207870 4
207874 18
207914 90
207916 85
207919 30
207922 9
207938 22
207941 35
207947 24
207985 90
208029 86
208059 34
208083 99
208086 79
208088 3
208103 120
208126 98
208152 121
208178 17
208184 113
208221 8
208262 91
208271 114
208287 87
208320 23
208323 33
208342 62
208358 97
208397 57
208433 67
208472 80
208479 72
208502 100
208507 32
208511 58
208544 41
208582 126
208625 103
208628 81
208628 111
208661 121
208691 89
208708 4
208743 50
208773 111
208812 89
208819 116
208853 28
208883 5
208920 67
208930 124
208936 45
208936 111
208945 81
208945 101
208984 85
208990 59
209018 119
209024 30
209041 82
209085 23
209093 37
209095 70
209119 125
209164 118
209185 117
209225 105
209243 38
209275 54
209298 61
209334 98
209359 93
209388 74
209429 105
209468 114
209479 59
209518 18
209530 101
209548 12
209579 122
209580 67
209621 64
209642 49
209687 25
209694 44
209735 34
209762 5
209772 106
209778 29
209778 108
209814 86
209814 33
209824 92
209846 82
209861 74
209896 123
209914 108
209930 54
209959 116
209996 30
210005 127
210032 54
210047 103
210076 66
210081 74
210112 50
210134 5
210172 71
210186 113
210197 96
210215 80
210226 19
210253 69
210268 76
210297 54
210308 50
210330 40
210360 95
210405 66
210445 17
210459 49
210496 79
210532 112
210559 115
210569 54
210596 17
210619 26
210637 91
210656 111
210681 103
210695 2
210696 105
210696 104
210725 33
210726 33
210749 23
210790 81
210833 6
210868 87
210911 13
210938 39
210961 74
211003 62
211021 101
211022 95
211032 15
211067 54
211095 101
211097 105
211115 16
211144 95
211153 60
211176 124
211214 21
211258 101
211270 114
211289 5
211293 42
211314 49
211353 1
211379 37
211416 69
211430 80
211460 12
211473 58
211485 98
211510 23
211524 67
211564 48
211571 23
211576 58
211619 109
211624 86
211650 95
211656 43
211697 58
211732 82
211757 23
211771 1
211780 116
211811 61
211826 66
211843 3
211856 74
211887 126
211901 98
211946 47
211990 10
212024 105
212058 25
212070 17
212100 74
212101 95
212109 126
212124 122
212155 51
212193 43
212211 123
212225 32
212251 70
212252 46
212297 109
212311 21
212323 75
212340 126
212345 74
212368 104
212393 104
212433 16
212458 35
212494 9
212516 79
212521 127
212563 85
212573 79
212614 92
212633 119
212636 24
212646 118
212651 68
212668 38
212673 57
212678 35
212718 96
212761 21
212798 19
212828 52
212853 15
212857 49
212891 74
212904 99
212932 109
212940 59
212975 88
213020 121
213057 102
213090 53
213091 73
213097 74
213132 111
213167 108
213190 22
213191 52
213206 114
213214 106
213237 105
213260 96
213295 116
213333 99
213343 87
213380 96
213417 98
213436 88
213464 113
213502 9
213539 95
213566 57
213597 9
213627 98
213663 16
213669 16
213712 7
213724 120
213725 40
213751 11
213790 35
213819 82
213860 32
213870 101
213888 70
213929 69
213951 90
213959 49
213960 16
213974 101
213996 35
214020 54
214042 71
214077 105
214097 95
214134 78
214156 9
214167 26
214176 62
214193 45
214203 84
214211 84
214225 27
214229 46
214237 43
214258 93
214273 91
214312 107
214321 55
214343 122
214362 26
214376 50
214388 9
214403 40
214424 108
214467 31
214498 33
214505 114
214543 87
214575 33
214599 83
214604 113
214625 116
214627 1
214636 92
214670 91
214694 27
214718 67
214718 110
214729 34
214745 18
214754 68
214773 62
214777 8
214800 84
214845 39
214848 125
214892 42
214929 25
214939 41
214982 116
214990 16
215013 115
215020 75
215020 51
215043 61
215085 31
215106 68
215129 47
215174 55
215192 113
215192 89
215229 123
215235 105
215246 127
215276 96
215284 118
215291 61
215296 121
215326 25
215350 29
215354 116
215357 33
215363 52
215385 25
215393 56
215410 87
215424 88
215447 94
215449 121
215473 76
215512 10
215534 116
215563 12
215567 16
215593 30
215604 74
215624 77
215630 69
215635 86
215635 24
215661 40
215676 109
215693 45
215737 94
215769 69
215813 64
215832 111
215874 114
215907 114
215907 3
215911 98
215954 28
215975 67
216000 5
216015 25
216057 118
216102 92
216141 113
216147 34
216158 90
216162 51
216173 39
216212 44
216249 110
216252 94
216279 79
216288 34
216320 12
216345 65
216381 3
216418 57
216443 56
216462 90
216479 66
216509 9
216527 58
216541 40
216547 127
216563 43
216576 99
216584 55
216616 78
216633 69
216645 102
216689 18
216690 42
216709 16
216717 49
216731 94
216735 98
216763 65
216807 1
216830 62
216838 118
216841 5
216884 126
216895 80
216918 56
216953 86
216954 61
216969 86
216982 99
216982 102
217025 28
217035 62
217044 32
217083 74
217121 26
217162 102
217206 26
217221 7
217233 14
217247 52
217267 78
217289 106
217304 86
217340 120
217341 11
217380 39
217395 55
217422 38
217453 81
217475 49
217519 16
217528 14
217563 95
217605 83
217647 5
217685 113
217725 46
217732 52
217740 91
217773 81
217778 54
217795 65
217812 111
217824 69
217858 105
217889 51
217932 116
217970 105
217972 102
217995 126
217995 113
218023 17
218062 95
218097 63
218113 100
218119 74
218130 26
218137 118
218166 119
218193 121
218231 90
218270 26
218296 110
218341 1
218349 96
218388 53
218407 32
218413 59
218424 46
218425 94
218468 94
218481 29
218510 113
218537 73
218551 38
218569 112
218594 25
218633 55
218640 50
218647 49
218665 127
218694 123
218715 2
218735 117
218778 39
218785 14
218792 125
218812 95
218823 17
218823 20
218840 81
218860 108
218882 105
218907 70
218914 57
218958 109
218969 113
218975 31
218976 127
219013 19
219050 36
219062 70
219106 19
219112 47
219139 126
219184 90
219198 80
219216 120
219236 64
219237 104
219264 60
219283 52
219300 53
219311 93
219313 55
219347 52
219370 68
219407 27
219420 45
219421 21
219435 76
219472 32
219480 122
219482 24
219490 93
219528 80
219546 68
219572 119
219608 25
219644 105
219644 111
219679 116
219719 109
219738 71
219770 109
219773 119
219780 35
219809 126
219819 24
219852 43
219856 25
219888 88
219888 99
219899 97
219905 58
219905 2
219939 101
219966 76
219974 103
220019 60
220042 25
220079 61
220091 43
220109 48
220153 101
220172 105
220205 70
220227 35
220268 59
220306 8
220333 18
220353 71
220360 37
220384 113
220413 74
220414 80
220419 26
220437 90
220466 47
220496 21
220535 8
220537 45
220561 101
220582 115
220597 46
220637 122
220656 63
220669 86
220702 18
220713 125
220744 69
220766 29
220801 11
220829 7
220865 94
220869 105
220897 57
220918 8
220951 26
220996 113
221021 122
221060 58
221098 79
221110 54
221135 48
221179 53
221210 103
221255 1
221258 35
221266 11
221306 34
221327 36
221339 27
221379 105
221421 88
221438 100
221477 1
221504 27
221525 12
221560 29
221604 13
221632 93
221642 21
221683 55
221687 116
221717 127
221758 87
221792 103
221815 19
221815 9
221824 123
221849 93
221888 85
221906 104
221932 44
221947 30
221959 89
221985 54
222014 65
222017 51
222028 81
222032 15
222075 34
222083 44
222083 123
222113 72
222151 92
222189 2
222209 14
222225 34
222248 112
222269 58
222295 49
222307 81
222307 121
222349 1
222382 11
222420 4
222455 99
222466 107
222490 41
222509 94
222529 109
222531 7
222554 114
222554 112
