1 99
10 14
34 17
55 7
65 73
84 78
91 43
106 14
110 92
155 84
200 82
222 23
241 103
248 5
274 43
291 12
320 33
343 93
349 15
366 63
399 34
430 11
440 4
478 47
500 40
530 107
544 74
577 66
586 71
621 59
624 19
627 11
645 48
645 67
654 124
694 28
735 41
744 23
781 107
792 42
801 92
835 94
856 74
893 57
934 81
938 91
950 8
987 40
1019 30
1031 61
1061 88
1063 50
1073 48
1098 29
1107 90
1147 85
1178 81
1181 111
1204 72
1236 7
1239 119
1255 69
1271 77
1296 97
1333 17
1378 21
1385 51
1411 98
1448 95
1481 81
1494 99
1497 70
1503 63
1546 43
1580 40
1623 111
1667 5
1693 106
1693 56
1719 117
1752 105
1752 101
1796 125
1839 72
1851 54
1859 73
1887 60
1909 59
1928 76
1965 106
1982 85
2014 43
2058 18
2090 28
2124 68
2144 17
2157 50
2172 56
2196 60
2235 103
