7 72
11 119
36 83
44 50
74 74
110 22
134 92
163 89
193 124
212 88
245 125
256 94
297 74
331 41
371 52
389 8
414 114
432 109
463 102
473 57
498 107
506 99
532 125
573 53
611 17
637 22
656 123
670 74
705 36
719 71
761 9
795 54
839 59
840 110
858 14
871 121
885 109
887 103
907 61
940 84
961 37
967 73
1006 92
1022 109
1024 68
1026 69
1063 19
1105 10
1115 120
1151 124
1176 10
1214 72
1229 98
1234 73
1247 2
1256 34
1301 70
1319 120
1330 78
1338 22
1363 102
1369 96
1410 73
1424 39
1445 44
1452 99
1485 77
1505 108
1522 122
1547 95
1589 71
1601 105
1636 107
1673 48
1713 110
1722 40
1764 24
1781 17
1795 125
1802 119
1810 79
1830 49
1840 58
1871 79
1911 15
1954 126
1967 91
1970 49
1985 19
1998 60
2025 13
2069 66
2102 59
2116 36
2150 100
2157 56
2188 45
2226 110
2249 51
2251 113
2281 19
2296 55
2333 69
2358 87
2403 65
2410 103
2434 23
2478 56
2509 82
2530 47
2530 121
2552 72
2588 56
2625 109
2630 114
2655 17
2672 103
2706 84
2732 125
2777 84
2793 118
2828 126
2862 118
2896 7
2937 63
2974 41
2987 34
3004 84
3031 48
3049 1
3059 88
3082 98
3085 54
3088 21
3127 61
3143 70
3174 55
3206 112
3207 32
3214 73
3239 44
3246 63
3280 97
3298 99
3318 39
3344 33
3372 89
3376 42
3398 79
3422 17
3433 40
3436 22
3454 44
3476 76
3478 28
3484 26
3487 119
3526 53
3555 107
3567 75
3582 35
3621 19
3637 13
3666 5
3676 60
3677 78
3685 88
3691 125
3734 90
3778 82
3806 70
3808 76
3847 102
3874 103
3878 51
3918 115
3961 89
3995 15
3996 29
4003 32
4029 59
4067 55
4110 80
4147 113
4174 92
4178 51
4217 110
4254 111
4284 105
4289 89
4297 115
4312 4
4316 55
4354 27
4381 40
4390 54
4413 120
4456 102
4494 111
4501 37
4503 82
4531 42
4558 61
4574 73
4619 47
4664 36
4687 16
4727 14
4739 96
4740 43
4743 51
4779 125
4803 69
4809 18
4828 42
4830 105
4861 77
4903 39
4948 48
4989 61
5001 45
5042 28
5080 81
5104 35
5134 31
5160 11
5170 78
5187 4
5191 88
5234 81
5243 67
5243 120
5283 65
5291 51
5323 97
5352 60
5357 14
5364 93
5380 38
5396 125
5410 119
5436 66
5450 47
5459 61
5487 80
5493 106
5514 8
5516 92
5543 59
5567 35
5591 56
5619 34
5636 13
5668 13
5669 72
5696 97
5696 78
5732 98
5741 82
5776 30
5806 4
5813 111
5840 42
5870 5
5903 103
5931 76
5931 8
5958 116
5965 24
5974 101
5982 31
5994 76
5998 33
6005 79
6047 126
6071 23
6087 57
6116 15
6136 63
6161 31
6190 123
6194 35
6198 71
6220 27
6259 64
6283 23
6308 104
6344 38
6382 41
6425 36
6469 99
6482 26
6525 120
6552 127
6565 57
6589 51
6610 93
6632 108
6657 80
6675 66
6684 124
6710 99
6747 101
6755 67
6775 13
6787 61
6794 77
6829 123
6835 58
6868 64
6906 24
6910 59
6929 61
6973 49
6999 67
7042 64
7065 84
7075 114
7107 43
7120 60
7126 101
7128 109
7156 112
7179 102
7204 34
7240 103
7278 111
7294 63
7332 100
7356 70
7387 109
7419 126
7425 67
7463 61
7496 105
7534 59
7536 39
7570 37
7573 63
7587 32
7607 74
7611 101
7626 71
7629 56
7669 87
7679 80
7686 6
7686 54
7711 127
7742 85
7787 75
7822 29
7838 122
7873 111
7874 110
7900 101
7934 111
7955 41
7968 115
8000 46
8035 14
8064 45
8088 118
8092 67
8102 45
8111 81
8127 36
8142 56
8152 25
8157 17
8192 87
8232 27
8245 30
8272 48
8316 89
8350 30
8370 7
8385 51
8387 66
8398 90
8409 15
8427 69
8432 76
8439 17
8439 80
8482 103
8525 41
8539 16
8584 18
8607 69
8631 22
8635 58
8667 25
8668 46
8710 52
8740 67
8753 17
8767 45
8771 110
8809 74
8812 46
8855 95
8897 25
8903 12
8928 45
8969 85
8984 6
9019 106
9050 125
9094 18
9113 61
9113 79
9135 38
9170 112
9173 43
9211 90
9236 10
9254 79
9278 12
9283 5
9325 106
9355 26
9397 73
9429 96
9472 10
9492 27
9514 89
9533 28
9539 74
9584 23
9607 1
9633 121
9637 99
9655 98
9670 124
9711 21
9755 118
9759 109
9773 57
9791 6
9798 98
9830 54
9869 14
9869 10
9898 51
9926 28
9927 30
9969 38
10004 23
10024 42
10028 113
10068 13
10091 81
10094 80
10124 118
10134 25
10167 116
10168 105
10208 2
10227 55
10240 122
10260 53
10274 80
10319 101
10338 97
10368 43
10392 60
10415 107
10423 15
10438 15
10480 124
10486 51
10487 87
10502 28
10540 28
10571 117
10603 92
10628 18
10636 48
10664 84
10688 53
10716 67
10743 98
10760 73
10801 25
10803 64
10827 109
10860 28
10904 81
10906 105
10932 58
10954 24
10956 13
10993 85
11024 19
11048 111
11090 114
11128 106
11138 112
11163 28
11208 47
11215 100
11242 79
11243 27
11268 95
11270 96
11291 30
11312 6
11335 47
11359 102
11399 113
11409 56
11417 101
11421 96
11439 127
11447 48
11459 57
11471 79
11490 106
11513 29
11547 13
11586 44
11625 25
11667 50
11688 94
11706 96
11718 123
11739 14
11747 16
11757 31
11772 46
11783 101
11809 105
11825 108
11843 51
11870 10
11909 118
11942 69
11962 60
11974 56
12002 38
12047 32
12053 44
12059 69
12089 106
12117 70
12159 64
12182 69
12190 81
12193 85
12237 103
12279 96
12288 101
12330 14
12341 55
12386 55
12398 62
12440 39
12460 122
12501 101
12504 72
12534 69
12575 112
12589 115
12632 41
12637 8
12637 126
12644 59
12676 111
12676 68
12706 29
12708 83
12740 93
12779 43
12811 24
12840 38
12844 70
12873 34
12895 40
12916 7
12955 119
12956 29
12970 15
13013 8
13044 42
13085 60
13127 102
13157 119
13163 84
13186 99
13209 80
13213 2
13216 78
13241 95
13284 79
13324 98
13348 126
13371 24
13389 92
13430 109
13445 22
13449 15
13493 107
13523 63
13531 39
13558 76
13568 100
13577 53
13589 53
13612 44
13642 62
13670 20
13705 41
13725 17
13751 65
13791 81
13806 106
13811 63
13849 3
13888 48
13893 95
13904 8
13945 53
13964 44
14008 105
14033 98
14052 107
14089 97
14123 11
14158 73
14159 29
14204 50
14246 12
14291 123
14298 69
14298 98
14320 59
14320 3
14322 15
14364 107
14395 49
14408 28
14413 62
14423 65
14458 116
14474 86
14508 88
14531 36
14566 39
14600 120
14641 57
14663 88
14672 37
14703 60
14703 35
14704 106
14746 4
14778 81
14807 5
14824 56
14855 43
14870 14
14892 86
14931 17
14972 81
14979 51
15006 18
15032 101
15036 22
15058 80
15082 115
15094 83
15095 106
15125 30
15138 108
15167 58
15206 21
15236 20
15239 63
15251 117
15284 51
15324 55
15360 90
15385 9
15426 71
15447 33
15467 112
15480 90
15518 16
15550 68
15585 33
15625 110
15664 38
15697 90
15738 21
15769 66
15771 71
15792 38
15808 60
15847 41
15860 125
15864 87
15891 14
15900 111
15944 68
15977 29
15992 103
16013 124
16054 28
16092 108
16116 44
16143 86
16169 76
16181 22
16226 47
16250 83
16291 32
16300 98
16304 127
16341 79
16359 28
16376 60
16417 98
16452 74
16470 58
16491 75
16505 108
16550 99
16556 46
16562 118
16596 127
16607 113
16632 37
16644 115
16647 27
16661 79
16685 73
16713 81
16748 107
16757 8
16787 9
16809 71
16812 87
16827 65
16843 115
16862 58
16862 70
16892 113
16919 54
16922 90
16938 120
16975 55
16995 64
17001 4
17017 88
17047 112
17084 66
17101 67
17137 112
17161 62
17175 3
17215 45
17258 91
17287 80
17299 65
17320 119
17334 58
17373 106
17414 70
17421 79
17440 29
17481 84
17521 89
17535 79
17566 14
17591 80
17626 28
17631 28
17645 27
17673 62
17712 102
17757 86
17773 74
17774 114
17811 43
17832 84
17854 57
17877 5
17903 78
17914 118
17939 105
17982 92
18024 55
18039 16
18056 11
18056 8
18060 54
18099 45
18143 53
18171 42
18216 23
18242 16
18261 110
18292 5
18337 37
18382 72
18391 112
18433 85
18456 93
18484 68
18487 33
18496 10
18525 10
18539 121
18572 23
18603 122
18628 1
18664 32
18702 80
18728 51
18773 56
18775 98
18782 11
18803 82
18829 119
18856 82
18873 60
18898 61
18922 22
18931 40
18971 36
18997 76
18998 89
19025 83
19028 75
19054 107
19061 91
19072 126
19079 49
19107 44
19117 85
19155 31
19178 95
19189 99
19199 126
19239 61
19264 53
19266 50
19288 120
19326 95
19344 57
19354 57
19390 89
19416 126
19442 42
19458 115
19465 77
19496 110
19516 2
19554 110
19582 109
19594 78
19620 7
19665 87
19685 68
19725 95
19735 2
19741 40
19765 61
19775 38
19820 2
19834 101
19879 65
19921 38
19965 90
20008 95
20014 88
20049 59
20069 110
20113 107
20113 71
20114 94
20127 30
20150 17
20169 5
20198 70
20233 65
20270 116
20271 115
20295 76
20308 100
20319 65
20357 47
20398 114
20442 19
20477 31
20498 38
20536 66
20540 11
20573 58
20573 126
20590 66
20610 20
20652 9
20682 61
20691 79
20725 69
20750 17
20767 117
20781 15
20781 25
20806 88
20839 43
20862 105
20876 27
20899 6
20932 68
20956 28
20966 82
20975 79
20997 1
21015 61
21043 122
21085 59
21122 117
21124 29
21133 69
21169 47
21209 120
21249 41
21252 54
21258 7
21284 10
21328 7
21354 9
21372 35
21399 23
21401 33
21409 121
21413 60
21427 12
21456 117
21465 89
21496 122
21518 83
21549 31
21577 3
21578 45
21616 100
21639 34
21678 102
21722 43
21746 75
21779 123
21791 106
21796 51
21811 124
21820 16
21820 18
21824 68
21858 89
21875 8
21907 30
21939 17
21968 89
22009 50
22054 68
22081 37
22104 6
22108 41
22118 7
22148 78
22189 110
22223 67
22265 91
22303 37
22337 114
22379 66
22396 62
22435 19
22456 19
22470 37
22498 90
22517 99
22527 116
22557 52
22578 114
22595 51
22617 113
22639 120
22681 39
22723 62
22728 93
22737 101
22746 125
22757 82
22781 71
22797 29
22821 113
22828 18
22868 78
22881 9
22905 62
22913 8
22921 124
22966 75
22987 75
22998 102
23024 45
23038 108
23073 97
23084 100
23108 6
23113 123
23136 3
23171 10
23185 54
23220 120
23256 124
23262 36
23274 74
23317 35
23337 125
23359 21
23385 91
23388 57
23405 65
23439 44
23440 46
23477 98
23514 91
23520 24
23546 31
23546 4
23571 92
23598 116
23635 104
23647 71
23659 63
23669 121
23689 21
23727 82
23761 66
23778 62
23808 16
23842 123
23855 74
23885 39
23901 65
23937 106
23950 68
23992 62
24031 49
24041 120
24056 31
24060 80
24097 17
24128 27
24149 17
24157 15
24168 99
24213 124
24245 105
24260 104
24297 56
24322 114
24365 90
24397 57
24415 38
24443 49
24467 67
24503 87
24520 65
24523 20
24535 18
24574 23
24592 40
24632 81
24634 114
24654 114
24671 65
24690 48
24709 41
24753 82
24780 99
24822 79
24847 60
24850 125
24870 109
24886 126
24924 10
24931 120
24932 87
24972 124
24999 23
25016 82
25027 58
25042 75
25042 51
25051 75
25063 53
25100 66
25103 122
25120 117
25165 40
25188 120
25221 49
25224 24
25245 63
25260 89
25295 55
25323 6
25327 67
25345 78
25372 111
25374 56
25385 107
25430 120
25467 113
25510 25
25539 89
25561 18
25601 122
25627 43
25652 100
25674 25
25690 68
25714 5
25738 86
25756 54
25794 101
25794 9
25823 40
25866 40
25889 110
25908 115
25930 29
25931 64
25949 30
25985 64
25992 41
26035 30
26043 126
26069 27
26096 114
26114 9
26156 69
26164 127
26197 39
26238 109
26255 99
26259 18
26271 85
26286 110
26305 61
26309 16
26339 51
26345 109
26351 44
26354 72
26367 6
26387 125
26418 91
26451 49
26482 66
26517 35
26555 55
26563 114
26574 125
26596 87
26601 21
26630 18
26634 66
26669 64
26703 8
26747 42
26790 49
26828 124
26846 57
26846 85
26887 27
26930 102
26971 96
26973 68
26979 73
26984 115
27007 29
27017 34
27020 98
27021 120
27032 97
27049 31
27072 84
27085 34
27111 52
27133 22
27172 4
27201 56
27228 118
27246 26
27278 113
27305 50
27339 118
27368 2
27382 44
27407 47
27423 122
27444 58
27469 124
27502 9
27537 82
27553 95
27561 67
27584 17
27604 57
27647 76
27658 79
27658 110
27686 96
27701 2
27723 61
27739 114
27772 45
27812 26
27832 33
27873 96
27898 8
27925 45
27968 2
27971 69
27985 80
28011 117
28014 15
28031 112
28043 27
28085 53
28114 59
28149 66
28158 96
28193 126
28206 34
28227 14
28260 41
28281 15
28303 110
28328 40
28350 50
28386 41
28411 98
28412 114
28425 109
28436 27
28455 78
28485 68
28512 124
28516 111
28525 73
28538 33
28576 63
28595 6
28638 46
28655 58
28676 91
28704 122
28744 68
28784 80
28795 127
28800 99
28833 68
28864 10
28889 108
28901 34
28916 97
28951 3
28987 97
29028 101
29033 53
29038 43
29071 104
29112 18
29128 121
29166 27
29210 79
29236 62
29237 99
29277 72
29286 76
29331 61
29334 107
29341 30
29343 119
29363 16
29369 74
29372 31
29402 115
29416 127
29433 94
29450 64
29459 52
29483 29
29504 21
29548 27
29556 1
29598 108
29631 79
29652 22
29670 66
29702 92
29746 43
29788 116
29792 89
29826 97
29851 21
29896 82
29897 34
29939 16
29955 79
29971 105
30012 35
30033 54
30076 51
30109 78
30122 123
30152 9
30183 51
30187 94
30224 77
30244 33
30245 126
30260 67
30298 30
30338 69
30357 24
30393 40
30435 36
30458 119
30503 117
30512 19
30556 79
30587 52
30600 121
30644 79
30647 38
30675 70
30719 35
30747 8
30748 91
30754 95
30762 112
30799 67
30838 116
30869 110
30905 7
30921 114
30928 25
30936 45
30974 72
31000 77
31029 55
31056 78
31098 45
31112 62
31116 60
31159 60
31172 4
31211 58
31212 70
31256 97
31278 28
31306 100
31337 50
31357 78
31400 114
31431 64
31464 45
31467 108
31470 13
31496 30
31500 24
31511 99
31547 82
31567 78
31588 127
31605 118
31631 66
31673 24
31697 81
31707 45
31725 74
31752 86
31772 48
31785 36
31822 47
31827 38
31849 126
31850 64
31882 99
31925 38
31956 97
31995 37
32007 20
32049 76
32093 109
32110 115
32133 45
32135 20
32168 72
32195 28
32232 40
32233 108
32243 115
32270 54
32284 71
32292 115
32302 88
32331 19
32363 5
32390 35
32404 59
32428 100
32444 46
32478 50
32510 49
32554 1
32574 44
32589 58
32590 18
32630 84
32650 69
32670 110
32685 70
32709 6
32710 73
32733 22
32764 71
32788 46
32788 62
32799 13
32819 110
32847 54
32861 64
32870 69
32895 65
32915 9
32917 19
32958 82
32992 72
33013 5
33054 84
33063 88
33077 75
33081 79
33125 5
33158 103
33196 64
33204 88
33234 5
33245 5
33285 23
33327 8
33370 61
33391 64
33408 125
33451 26
33468 56
33504 102
33537 6
33556 56
33562 40
33582 109
33616 99
33616 17
33640 122
33685 14
33700 83
33721 117
33753 117
33795 70
33828 50
33833 33
33845 116
33883 84
33887 14
33918 67
33929 92
33961 33
33995 47
34040 51
34082 111
34101 85
34128 42
34146 67
34149 36
34181 32
34214 96
34227 62
34258 126
34276 30
34308 65
34331 32
34350 46
34381 88
34406 114
34420 117
34451 116
34473 42
34481 120
34513 17
34529 82
34548 12
34577 11
34599 33
34636 31
34649 19
34689 34
34708 77
34740 115
34743 37
34747 55
34755 57
34770 111
34784 50
34809 90
34815 51
34822 23
34824 12
34864 105
34884 108
34927 51
34930 90
34951 23
34967 80
34998 38
35010 50
35051 119
35077 10
35116 60
35130 32
35175 2
35198 87
35235 96
35276 20
35315 79
35353 86
35366 38
35368 116
35405 79
35421 20
35457 99
35467 13
35469 61
35510 20
35512 71
35539 21
35569 77
35583 117
35628 43
35637 58
35651 22
35651 109
35694 3
35697 18
35699 63
35735 60
35777 121
35786 106
35800 52
35842 115
35849 30
35868 101
35897 85
35925 113
35934 14
35966 92
35967 69
35994 56
36015 95
36022 92
36061 14
36076 43
36114 45
36126 110
36166 103
36171 90
36216 121
36217 45
36225 75
36269 62
36274 117
36306 15
36307 112
36319 118
36352 29
36386 127
36398 104
36412 84
36416 91
36417 42
36438 111
36449 16
36462 96
36495 42
36526 9
36561 31
36571 94
36587 90
36618 38
36644 91
36685 45
36709 18
36719 4
36730 61
36760 82
36791 124
36832 93
36864 20
36887 54
36890 38
36894 43
36917 53
36934 57
36970 127
36989 111
37017 126
37032 74
37053 47
37065 127
37065 56
37075 58
37103 98
37115 18
37128 11
37157 42
37196 45
37241 68
37282 117
37310 92
37323 125
37355 100
37380 104
37382 99
37402 71
37420 48
37452 42
37453 11
37462 42
37471 98
37485 53
37494 14
37538 114
37544 25
37553 67
37554 126
37568 102
37575 83
37589 96
37617 41
37652 10
37673 28
37679 51
37708 19
37712 101
37717 112
37757 79
37760 112
37790 96
37824 13
37856 86
37856 83
37885 88
37887 24
37905 109
37942 121
37975 66
37976 104
38018 24
38034 52
38067 81
38109 15
38150 127
38159 29
38197 115
38197 105
38237 23
38263 44
38308 12
38333 61
38345 17
38359 22
38375 108
38418 8
38454 127
38490 101
38506 63
38514 89
38542 1
38565 116
38575 56
38600 11
38636 14
38664 81
38701 67
38710 4
38711 29
38750 66
38751 54
38757 93
38786 110
38809 40
38846 94
38853 12
38854 4
38867 93
38912 112
38947 86
38964 28
38998 47
39003 92
39036 96
39036 86
39040 41
39040 117
39068 103
39076 6
39109 99
39143 33
39188 89
39227 85
39257 97
39286 15
39318 108
39358 96
39394 91
39411 22
39426 107
39443 96
39452 33
39459 108
39476 49
39512 47
39533 47
39564 98
39572 13
39597 16
39600 93
39628 51
39634 85
39670 65
39680 124
39704 125
39716 32
39741 4
39759 41
39777 70
39815 42
39826 86
39855 2
39873 40
39904 95
39912 54
39945 42
39985 45
40025 14
40061 57
40070 114
40103 37
40141 12
40173 50
40202 92
40235 50
40237 16
40273 35
40294 54
40325 77
40336 62
40345 61
40372 111
40375 87
40390 126
40423 98
40427 93
40451 13
40490 126
40505 41
40546 32
40554 94
40555 44
40586 108
40600 47
40606 2
40611 104
40634 19
40650 10
40675 91
40705 99
40745 34
40780 86
40809 27
40836 127
40876 71
40890 76
40907 102
40947 44
40968 97
40994 63
41009 4
41046 78
41079 46
41121 125
41133 26
41136 18
41170 7
41175 86
41219 26
41261 84
41291 59
41311 75
41355 54
41390 46
41412 1
41451 72
41476 123
41485 55
41485 101
41499 3
41539 86
41565 72
41591 98
41603 118
41607 107
41607 66
41614 54
41629 21
41662 118
41691 63
41702 4
41713 79
41727 18
41732 9
41749 73
41749 42
41768 16
41769 33
41780 59
41822 117
41837 126
41839 119
41862 102
41898 22
41926 67
41947 127
41980 94
42016 103
42049 64
42081 104
42083 25
42085 112
42126 96
42162 52
42188 27
42194 43
42202 21
42243 120
42276 46
42292 125
42327 121
42332 71
42353 10
42373 57
42393 66
42398 53
42430 112
42463 51
42489 106
42520 20
42546 107
42588 64
42605 89
42639 13
42648 27
42693 127
42704 98
42706 119
42716 77
42727 65
42751 96
42754 66
42797 17
42813 103
42832 64
42843 26
42886 75
42899 75
42902 61
42945 1
42950 77
42974 114
42986 11
42990 88
43031 28
43045 114
43056 74
43094 18
43114 29
43117 9
43151 96
43195 22
43199 69
43202 4
43244 92
43262 127
43297 115
43310 106
43355 20
43362 119
43385 71
43409 14
43448 42
43476 60
43515 29
43559 56
43563 59
43584 40
43619 127
43641 66
43645 92
43671 59
43688 43
43724 19
43754 17
43772 76
43813 5
43855 5
43863 113
43876 45
43893 71
43917 45
43944 50
43977 87
44021 108
44036 60
44057 43
44075 96
44109 59
44141 34
44159 67
44181 30
44219 78
44220 94
44220 5
44237 83
44281 90
44288 119
44330 69
44364 58
44398 81
44421 55
44440 75
44450 52
44478 22
44515 52
44532 112
44570 84
44599 88
44629 86
44638 51
44662 112
44676 84
44715 58
44726 44
44749 99
44772 108
44816 95
44858 113
44858 93
44887 69
44891 73
44907 118
44941 43
44986 125
45031 107
45042 93
45053 12
45057 60
45064 120
45090 69
45125 95
45126 115
45142 42
45158 31
45203 61
45225 95
45225 26
45235 101
45279 118
45319 103
45356 28
45364 97
45406 91
45444 28
45458 124
45495 60
45517 122
45560 124
45580 99
45585 119
45627 50
45633 3
45668 117
45669 56
45708 27
45708 114
45748 23
45774 21
45784 80
45802 109
45826 71
45850 92
45854 121
45876 110
45894 17
45899 127
45916 28
45944 124
45973 90
45984 62
46024 16
46026 20
46068 36
46111 72
46117 48
46118 84
46141 58
46164 106
46194 50
46229 98
46266 86
46306 96
46315 1
46347 89
46391 13
46397 53
46423 80
46453 27
46459 26
46462 91
46496 105
46514 111
46533 35
46543 40
46559 72
46562 6
46589 97
46615 26
46626 100
46667 73
46674 23
46692 22
46735 11
46744 24
46760 72
46772 90
46811 30
46846 12
46863 101
46906 109
46943 102
46952 56
46994 10
47023 63
47050 86
47074 64
47080 88
47109 42
47136 98
47150 24
47185 26
47185 17
47214 75
47240 80
47240 116
47246 14
47256 85
47300 114
47321 76
47361 2
47362 97
47404 46
47415 13
47460 58
47503 51
47530 91
47537 51
47567 84
47591 116
47593 123
47611 118
47656 116
47675 18
47693 87
47694 35
47739 63
47745 26
47764 1
47784 117
47791 2
47802 104
47808 120
47808 62
47832 42
47852 77
47877 88
47877 95
47907 109
47910 61
47912 104
47934 67
47953 20
47990 119
48023 84
48044 11
48066 61
48068 124
48076 101
48090 66
48109 99
48132 74
48163 71
48163 103
48170 30
48182 109
48204 10
48214 88
48218 77
48256 95
48289 92
48321 93
48327 54
48346 105
48359 55
48386 90
48413 42
48440 61
48459 84
48485 46
48519 24
48544 12
48573 36
48593 34
48594 99
48628 39
48648 110
48692 115
48698 1
48740 101
48743 2
48783 116
48822 50
48856 31
48885 28
48916 94
48958 116
49003 106
49016 12
49050 82
49060 53
49093 97
49102 86
49113 72
49120 124
49138 104
49144 87
49188 21
49233 112
49265 4
49299 51
49326 99
49337 72
49357 86
49398 15
49440 57
49464 19
49490 120
49491 91
49510 64
49533 36
49544 27
49572 59
49580 50
49603 71
49626 45
49660 119
49673 98
49681 115
49697 92
49706 58
49709 121
49711 82
49711 6
49748 95
49789 87
49814 55
49836 125
49838 9
49850 82
49867 52
49911 111
49951 96
49980 17
49982 37
49998 80
50034 73
50038 24
50038 63
50061 71
50101 107
50139 115
50146 24
50178 122
50192 36
50211 62
50231 87
50270 109
50284 75
50297 27
50310 29
50329 98
50357 121
50382 11
50416 32
50450 23
50484 14
50510 105
50545 113
50570 76
50572 6
50598 14
50637 45
50650 100
50685 45
50689 112
50723 123
50760 83
50776 62
50818 111
50840 113
50873 98
50884 113
50889 26
50892 63
50901 32
50908 48
50924 119
50925 65
50948 81
50984 50
50991 49
51015 101
51052 37
51081 5
51089 45
51113 122
51121 99
51161 56
51166 48
51167 124
51202 36
51238 7
51260 92
51283 108
51292 93
51332 105
51360 116
51393 104
51409 100
51413 81
51450 89
51475 100
51513 75
51538 56
51555 80
51564 49
51578 117
51596 121
51611 93
51616 110
51643 8
51673 77
51674 55
51713 93
51751 30
51767 93
51790 7
51800 33
51836 25
51865 93
51903 10
51932 99
51938 28
51981 117
52011 12
52032 48
52052 82
52091 67
52118 15
52122 56
52129 85
52151 72
52153 88
52158 6
52167 76
52187 107
52221 41
52236 1
52252 69
52260 41
52268 55
52293 35
52298 8
52334 45
52334 76
52344 109
52354 115
52377 107
52399 102
52440 16
52443 27
52462 49
52495 69
52514 108
52554 120
52556 78
52580 45
52584 90
52608 42
52642 60
52644 87
52689 28
52709 43
52723 1
52734 12
52775 93
52787 55
52815 17
52821 75
52860 32
52881 73
52913 73
52921 43
52926 14
52936 75
52978 101
53020 5
53021 73
53038 78
53082 8
53091 103
53092 90
53113 32
53155 84
53156 56
53201 39
53215 79
53225 111
53240 93
53250 95
53259 26
53301 40
53346 8
53353 5
53389 111
53390 4
53402 78
53432 73
53475 3
53505 9
53517 65
53532 95
53549 26
53587 2
53614 104
53634 105
53636 6
53681 96
53708 110
53726 13
53727 122
53739 28
53743 127
53787 45
53829 101
53870 27
53902 48
53905 125
53928 30
53931 113
53941 42
53944 110
53954 65
53973 6
53987 88
54031 76
54048 102
54093 13
54100 54
54102 36
54121 14
54155 96
54169 57
54174 4
54212 95
54220 27
54247 55
54266 48
54301 55
54316 99
54335 4
54363 9
54372 105
54399 62
54444 25
54458 124
54501 80
54505 74
54523 6
54525 29
54547 47
54559 8
54568 108
54572 48
54590 64
54621 38
54665 41
54695 18
54726 94
54760 38
54761 80
54778 101
54809 43
54839 124
54845 44
54883 93
54909 81
54937 29
54953 34
54963 74
55006 5
55046 15
55081 47
55126 9
55138 82
55141 46
55148 55
55187 60
55189 58
55214 22
55251 110
55273 18
55298 107
55336 68
55358 44
55368 99
55372 11
55412 109
55426 91
55435 103
55449 40
55449 57
55452 50
55460 62
55503 127
55547 95
55589 49
55618 12
55662 72
55680 89
55690 111
55726 17
55738 53
55769 55
55770 91
55779 36
55800 32
55807 13
55835 44
55871 100
55904 98
55941 33
55980 41
55995 62
56030 24
56033 117
56069 114
56076 121
56114 117
56152 101
56188 83
56207 44
56223 31
56246 37
56250 5
56261 92
56298 96
56320 64
56340 53
56371 77
56381 58
56417 27
56435 11
56449 9
56490 2
56494 117
56531 53
56576 112
56600 56
56609 74
56648 5
56675 50
56682 112
56726 123
56758 82
56786 100
56792 30
56810 119
56831 39
56876 52
56909 127
56947 54
56985 28
57014 74
57017 46
57059 87
57092 75
57126 96
57171 105
57174 89
57211 47
57217 92
57243 81
57260 5
57296 54
57301 5
57313 37
57344 28
57355 121
57380 92
57408 49
57441 87
57453 66
57463 75
57505 58
57534 93
57553 25
57558 41
57563 127
57593 10
57596 115
57628 96
57673 95
57703 4
57719 48
57762 126
57796 125
57813 115
57813 100
57841 48
57867 71
57911 3
57940 89
57967 119
57996 18
57997 103
57999 14
58037 91
58048 36
58062 3
58085 51
58104 98
58127 55
58138 52
58138 116
58166 48
58196 90
58213 12
58223 94
58247 52
58285 101
58311 53
58323 42
58346 112
58389 77
58397 118
58420 1
58459 1
58459 79
58460 57
58504 21
58531 119
58554 51
58564 8
58604 15
58641 99
58684 46
58686 31
58711 108
58720 97
58753 113
58772 61
58798 80
58823 67
58860 95
58901 114
58915 99
58936 71
58959 7
58984 65
59021 41
59042 126
59079 49
59118 116
59145 122
59188 40
59197 27
59238 48
59272 24
59289 14
59305 70
59327 54
59334 86
59368 123
59381 77
59390 83
59433 96
59469 8
59509 81
59514 89
59549 25
59588 57
59610 21
59618 79
59656 34
59693 119
59702 75
59727 103
59734 11
59743 11
59758 118
59799 32
59822 54
59831 6
59849 6
59860 63
59904 18
59918 29
59923 109
59954 44
59993 119
59997 86
60041 52
60062 111
60078 64
60082 116
60109 43
60137 127
60149 103
60190 90
60216 2
60254 115
60264 72
60309 94
60349 92
60381 82
60424 76
60432 62
60453 38
60493 53
60494 84
60507 19
60535 93
60558 90
60572 72
60576 56
60603 91
60606 45
60613 57
60641 23
60666 99
60676 70
60684 14
60722 2
60759 98
60794 69
60801 82
60819 15
60844 49
60881 74
60886 115
60899 105
60906 74
60921 88
60959 2
60964 94
60977 126
60992 77
61034 84
61056 23
61081 86
61086 96
61092 46
61126 115
61127 103
61128 79
61134 86
61138 22
61169 124
61183 3
61196 60
61222 17
61225 78
61244 58
61284 68
61329 100
61345 113
61390 42
61428 110
61468 54
61512 99
61548 25
61582 110
61623 112
61663 34
61689 61
61732 70
61770 96
61799 102
61840 49
61845 15
61864 78
61876 84
61909 81
61935 29
61963 29
61975 123
61978 82
61987 110
62022 4
62040 50
62062 87
62076 127
62112 100
62124 66
62143 119
62178 121
62212 56
62235 121
62235 66
62264 13
62272 23
62293 18
62309 66
62322 90
62364 62
62401 51
62419 12
62453 69
62481 114
62524 60
62569 103
62609 34
62649 118
62674 115
62700 8
62705 108
62717 52
62744 74
62762 98
62762 53
62775 16
62787 42
62805 104
62813 3
62817 96
62831 113
62861 61
62896 6
62910 95
62927 31
62967 84
62987 72
63003 91
63007 24
63046 43
63053 67
63063 94
63065 32
63098 47
63117 89
63162 11
63181 28
63192 23
63192 13
63213 9
63243 43
63282 38
63325 51
63368 25
63375 55
63377 91
63408 97
63421 58
63432 37
63457 27
63500 22
63544 6
63589 37
63630 109
63653 35
63654 75
63687 16
63697 107
63741 2
63765 53
63799 75
63800 49
63828 109
63844 11
63876 83
63905 98
63905 50
63924 53
63957 95
63982 51
64002 11
64010 64
64032 127
64044 126
64067 11
64078 32
64114 45
64151 40
64169 86
64172 39
64202 94
64235 46
64246 118
64277 43
64302 8
64313 27
64336 124
64363 4
64390 17
64393 14
64396 10
64429 64
64457 124
64464 33
64488 10
64506 40
64535 106
64578 15
64620 1
64649 78
64675 33
64706 2
64738 36
64779 90
64799 18
64803 40
64820 14
64851 45
64857 45
64893 112
64905 87
64935 19
64938 75
64952 10
64974 63
64979 19
65010 101
65028 102
65043 25
65063 67
65104 37
65121 15
65142 32
65153 60
65183 90
65221 18
65251 107
65264 89
65297 50
65327 52
65340 115
65364 11
65368 2
65406 119
65409 58
65438 74
65460 56
65495 20
65514 37
65554 95
65557 50
65600 110
65614 99
65622 82
65658 122
65697 55
65704 99
65720 12
65755 34
65760 4
65779 112
65790 99
65808 98
65809 103
65854 51
65886 42
65888 78
65930 14
65932 109
65953 7
65995 104
66009 126
66046 4
66091 43
66114 77
66138 34
66168 81
66192 17
66209 7
66240 67
66280 87
66325 32
66337 10
66347 115
66347 106
66351 78
66378 57
66390 6
66400 90
66409 51
66446 24
66485 61
66504 90
66523 81
66537 76
66577 42
66584 100
66625 14
66670 9
66678 85
66696 111
66730 92
66750 21
66775 114
66819 68
66858 35
66873 50
66888 76
66889 66
66895 11
66895 91
66911 27
66919 70
66953 114
66970 81
66993 62
67029 116
67064 53
67072 31
67115 31
67150 19
67191 2
67219 51
67228 67
67254 7
67254 84
67287 25
67292 19
67307 49
67327 109
67328 88
67367 124
67385 96
67429 69
67433 57
67472 106
67484 109
67498 59
67534 85
67578 59
67617 39
67654 9
67674 117
67694 44
67715 125
67742 93
67784 103
67796 43
67812 124
67846 64
67886 19
67901 20
67924 114
67944 110
67944 15
67954 62
67964 8
67984 65
67992 107
68004 37
68007 6
68024 21
68058 38
68063 44
68101 43
68132 8
68162 62
68187 59
68187 124
68232 37
68247 45
68284 83
68297 71
68312 83
68339 92
68361 65
68378 53
68392 83
68399 75
68433 106
68452 9
68481 109
68500 82
68520 97
68546 103
68576 30
68605 58
68641 54
68656 70
68688 72
68693 64
68716 81
68733 100
68761 12
68784 77
68812 85
68817 40
68847 49
68883 27
68893 71
68901 72
68914 77
68932 109
68948 101
68964 34
68995 59
69026 39
69062 104
69081 82
69110 28
69120 22
69141 27
69159 18
69191 107
69225 14
69235 65
69255 7
69268 21
69299 111
69337 27
69370 122
69412 56
69445 34
69469 106
69475 7
69516 16
69528 27
69560 110
69571 100
69596 39
69619 104
69621 127
69629 57
69657 69
69692 123
69703 63
69721 114
69742 118
69784 95
69828 10
69839 62
69867 48
69875 111
69878 40
69887 30
69898 42
69907 121
69914 108
69923 80
69933 49
69947 13
69954 9
69987 51
70003 61
70030 24
70045 70
70079 87
70087 79
70090 45
70115 32
70117 29
70119 69
70124 75
70151 40
70180 48
70199 23
70206 95
70210 24
70231 32
70276 107
70302 24
70344 121
70371 68
70387 26
70422 73
70428 109
70470 36
70472 72
70478 60
70495 123
70499 6
70541 7
70551 111
70562 7
70591 86
70601 62
70607 56
70619 106
70658 82
70700 106
70736 110
70780 111
70813 68
70817 43
70823 40
70861 48
70880 120
70913 90
70941 27
70946 3
70989 54
71001 93
71032 109
71067 26
71090 56
71131 110
71173 28
71197 91
71235 19
71238 63
71253 31
71296 65
71313 35
71328 97
71338 31
71381 63
71400 2
71419 123
71441 39
71483 126
71486 92
71490 89
71523 5
71538 18
71560 13
71577 101
71597 125
71614 112
71618 126
71623 79
71625 53
71652 100
71660 6
71690 73
71700 80
71701 92
71742 71
71767 27
71774 3
71810 61
71839 46
71842 56
71846 10
71849 19
71869 10
71906 98
71938 104
71954 15
71990 65
72033 122
72062 102
72101 119
72110 126
72135 69
72148 34
72184 124
72203 79
72232 118
72267 53
72275 43
72275 78
72277 19
72280 122
72316 114
72320 103
72321 36
72324 45
72340 1
72384 86
72411 85
72424 114
72449 118
72494 102
72496 65
72518 9
72523 38
72547 20
72560 60
72590 3
72609 102
72623 58
72653 44
72694 113
72721 15
72764 8
72809 119
72825 14
72836 69
72880 38
72908 88
72928 123
72937 70
72946 86
72980 58
73016 66
73060 5
73092 116
73113 19
73127 83
73172 99
73210 69
73251 13
73274 106
73279 29
73305 87
73349 60
73378 111
73396 96
73413 92
73426 96
73457 100
73478 102
73513 116
73548 65
73562 62
73601 22
73626 48
73651 38
73679 8
73691 32
73708 44
73746 100
73763 91
73768 32
73772 88
73814 2
73847 85
73847 69
73891 90
73917 63
73927 72
73942 92
73958 109
73971 51
73999 6
74014 67
74033 49
74067 79
74088 81
74120 51
74141 118
74166 1
74205 72
74209 45
74220 52
74256 107
74265 108
74266 61
74290 31
74303 1
74305 69
74313 62
74354 82
74388 2
74410 87
74448 106
74475 77
74520 113
74534 95
74556 116
74574 97
74585 31
74624 6
74657 24
74673 111
74686 61
74706 82
74736 57
74772 110
74790 18
74820 21
74861 101
74885 30
74886 65
74888 108
74923 91
74945 109
74954 46
74986 27
74995 96
75003 5
75047 115
75049 44
75086 9
75118 17
75134 12
75164 96
75194 126
75234 30
75275 92
75300 7
75344 112
75357 120
75389 34
75402 70
75420 101
75437 18
75440 119
75481 80
75511 12
75542 13
75542 116
75549 13
75592 118
75622 64
75638 2
75641 57
75664 9
75692 85
75724 10
75735 74
75742 16
75781 85
75807 34
75821 3
75822 46
75840 19
75850 118
75853 6
75876 56
75904 33
75913 81
75933 16
75957 31
75982 30
76013 19
76035 92
76060 19
76090 11
76124 103
76153 78
76180 125
76184 69
76212 80
76240 106
76272 101
76317 7
76355 66
76393 119
76425 49
76447 101
76482 87
76521 109
76536 12
76569 95
76572 63
76586 52
76625 109
76651 14
76669 30
76702 74
76715 54
76720 109
76724 119
76764 4
76801 5
76829 114
76868 73
76873 125
76891 44
76919 29
76963 72
76989 105
77001 22
77022 85
77039 119
77058 101
77059 23
77063 50
77072 4
77108 109
77127 69
77134 56
77144 6
77182 8
77206 5
77246 76
77267 124
77269 64
77270 88
77306 106
77319 27
77323 119
77362 66
77379 58
77400 80
77429 115
77458 121
77460 32
77490 119
77508 9
77542 110
77583 17
77600 77
77610 103
77621 68
77662 35
77693 22
77717 56
77743 28
77753 86
77764 66
77784 26
77821 117
77851 43
77877 84
77919 44
77963 15
77982 91
78004 90
78009 42
78038 116
78054 20
78069 108
78069 99
78078 42
78098 40
78099 108
78110 33
78122 113
78151 97
78169 118
78186 90
78207 7
78245 115
78255 53
78281 50
78321 78
78349 29
78375 99
78390 56
78431 12
78433 116
78467 50
78492 103
78527 68
78548 56
78558 59
78601 16
78644 51
78674 107
78693 42
78738 120
78781 114
78805 42
78847 69
78853 60
78859 10
78873 75
78875 111
78886 26
78891 40
78933 126
78946 112
78950 21
78985 127
79021 49
79046 118
79046 62
79070 83
79085 96
79085 13
79122 95
79137 67
79137 24
79140 90
79167 60
79169 116
79208 10
79229 126
79248 17
79278 36
79303 47
79325 92
79351 18
79373 117
79383 57
79426 122
79436 103
79476 19
79504 83
79507 78
79512 122
79512 63
79521 82
79562 66
79595 104
79598 112
79628 28
79668 85
79708 112
79753 22
79777 4
79810 59
79820 74
79834 120
79869 79
79873 76
79885 75
79907 118
79929 1
79940 32
79982 76
79991 68
80018 41
80045 125
80079 15
80079 41
80100 121
80116 112
80156 43
80158 8
80186 15
80205 107
80246 4
80251 20
80267 42
80274 51
80277 112
80322 118
80329 17
80340 48
80341 18
80374 29
80403 67
80407 41
80448 101
80466 66
80477 29
80511 46
80521 26
80529 115
80562 29
80569 117
80608 51
80612 35
80620 103
80648 112
80664 108
80687 19
80706 28
80735 72
80772 40
80805 99
80849 45
80865 63
80898 99
80934 102
80966 105
81007 54
81049 108
81054 114
81076 51
81093 96
81106 77
81120 20
81162 57
81171 11
81213 73
81254 33
81289 41
81310 99
81335 102
81376 30
81384 115
81421 41
81442 105
81465 61
81485 22
81489 127
81493 57
81504 58
81546 113
81556 59
81579 124
81587 86
81596 67
81603 111
81620 73
81647 23
81686 107
81730 63
81740 46
81772 112
81773 92
81799 48
81823 1
81835 68
81852 72
81865 45
81876 14
81901 63
81912 74
81937 59
81973 5
82016 78
82023 66
82057 63
82072 33
82101 114
82142 4
82147 63
82157 26
82181 82
82203 63
82228 75
82252 41
82293 127
82322 113
82347 6
82349 44
82357 58
82402 22
82418 120
82422 43
82424 93
82438 90
82458 69
82480 56
82480 11
82511 27
82511 118
82511 10
82528 76
82529 66
82563 48
82594 87
82599 85
82641 108
82679 24
82716 83
82758 23
82783 125
82822 65
82865 54
82878 12
82880 90
82911 24
82911 89
82911 83
82923 118
82958 23
82974 77
82976 12
82978 62
82992 15
83020 6
83029 33
83055 111
83084 93
83106 15
83128 94
83132 16
83177 95
83192 24
83213 77
83250 31
83264 79
83264 85
83268 18
83283 92
83318 8
83354 18
83376 37
83386 24
83393 57
83402 51
83406 47
83440 9
83456 30
83471 53
83474 100
83516 81
83534 66
83553 26
83561 91
83592 43
83605 102
83645 72
83684 123
83711 10
83754 91
83762 52
83770 124
83796 90
83829 5
83874 7
83913 1
83950 56
83968 4
84010 60
84051 75
84084 37
84087 32
84120 88
84151 67
84156 24
84191 65
84211 114
84237 107
84245 38
84263 122
84283 25
84321 61
84360 106
84366 28
84402 54
84441 8
84445 51
84447 6
84472 29
84478 106
84515 93
84518 39
84518 69
84544 99
84557 80
84576 32
84594 58
84639 29
84675 85
84709 76
84751 63
84794 42
84794 98
84802 27
84836 102
84865 76
84870 96
84895 49
84899 72
84924 106
84961 103
84997 36
85002 12
85021 57
85055 32
85055 4
85094 55
85133 101
85164 121
85172 55
85196 44
85223 126
85223 100
85250 127
85257 60
85280 45
85290 20
85331 32
85343 41
85361 36
85363 64
85381 60
85407 51
85443 58
85447 63
85448 91
85484 107
85513 120
85544 39
85547 49
85588 25
85602 40
85609 32
85635 85
85651 81
85690 82
85725 106
85752 2
85778 57
85821 83
85835 49
85880 74
85903 108
85911 25
85935 43
85935 108
85975 105
86010 8
86017 121
86048 21
86051 99
86063 100
86088 122
86126 46
86160 70
86193 88
86210 116
86248 15
86284 104
86313 93
86314 117
86317 105
86341 12
86355 126
86387 120
86397 40
86403 120
86441 1
86447 125
86492 85
86500 57
86535 19
86556 95
86568 10
86609 110
86636 86
86660 71
86682 41
86721 72
86727 74
86765 16
86800 65
86834 54
86855 13
86894 59
86925 108
86941 22
86952 42
86986 89
86993 17
87035 15
87038 31
87060 117
87064 15
87103 63
87111 9
87131 38
87139 108
87142 119
87172 118
87192 90
87213 23
87253 24
87265 69
87276 14
87302 68
87331 25
87369 81
87396 122
87432 116
87456 13
87459 45
87478 120
87491 40
87500 54
87502 57
87541 36
87556 87
87577 126
87609 10
87634 36
87676 125
87720 97
87738 108
87761 86
87775 50
87815 90
87851 58
87882 38
87900 104
87933 10
87957 27
87994 119
88024 123
88048 88
88076 85
88088 18
88131 51
88166 20
88196 30
88232 86
88249 21
88282 104
88318 16
88324 42
88335 7
88349 40
88394 36
88433 80
88437 123
88439 23
88462 2
88482 57
88518 64
88559 50
88571 32
88579 30
88596 63
88602 123
88628 28
88644 18
88649 48
88653 122
88687 70
88702 66
88703 63
88738 75
88774 22
88812 45
88828 53
88862 120
88885 100
88930 117
88966 34
88977 35
89022 27
89036 42
89064 92
89087 69
89095 20
89126 13
89138 78
89149 12
89184 81
89186 108
89211 5
89222 50
89267 81
89303 27
89329 54
89364 122
89390 13
89393 68
89438 85
89446 3
89488 14
89518 8
89537 10
89573 71
89584 127
89616 17
89654 34
89695 44
89700 111
89731 75
89763 104
89786 110
89816 123
89825 47
89855 101
89895 36
89914 30
89927 41
89928 65
89956 68
90001 64
90046 7
90067 80
90107 18
90144 112
90162 35
90164 58
90185 17
90185 89
90185 29
90227 51
90251 120
90257 58
90282 18
90326 106
90361 61
90389 68
90413 53
90437 120
90462 44
90495 79
90507 37
90552 112
90557 66
90588 29
90596 14
90625 51
90635 64
90653 124
90690 21
90728 109
90746 119
90753 38
90796 88
90835 109
90856 113
90896 73
90934 13
90957 85
90969 29
90985 2
91017 47
91056 29
91062 46
91093 7
91097 94
91104 7
91127 121
91142 77
91178 114
91207 52
91217 90
91217 89
91225 98
91266 64
91281 1
91288 69
91307 75
91317 44
91362 34
91400 123
91434 107
91463 59
91492 96
91510 101
91552 41
91584 28
91626 6
91657 41
91687 111
91712 16
91722 12
91751 8
91794 51
91813 108
91823 58
91830 100
91849 44
91878 70
91881 59
91917 25
91946 121
91975 4
92003 76
92041 92
92075 113
92117 75
92121 35
92127 1
92150 114
92177 1
92207 91
92246 32
92281 14
92316 123
92321 1
92344 89
92346 50
92370 90
92383 29
92411 112
92456 55
92496 8
92520 118
92547 112
92592 116
92592 90
92625 88
92667 123
92673 122
92681 114
92691 12
92694 48
92724 86
92752 48
92763 22
92802 21
92818 34
92827 96
92865 88
92867 27
92902 68
92920 68
92959 28
92996 44
93002 94
93016 19
93032 57
93055 76
93072 44
93105 39
93123 20
93137 51
93146 52
93153 38
93189 83
93225 36
93245 86
93259 44
93268 3
93293 91
93324 113
93333 96
93377 53
93415 58
93460 88
93472 37
93485 18
93494 85
93534 93
93535 120
93580 74
93608 125
93652 1
93667 106
93709 52
93740 101
93784 57
93786 36
93821 7
93838 101
93878 36
93921 91
93960 38
93967 37
94007 49
94018 78
94056 16
94081 15
94125 97
94132 31
94162 7
94186 100
94193 42
94216 20
94224 26
94257 67
94278 32
94306 119
94342 52
94383 20
94386 85
94428 65
94451 57
94471 60
94497 25
94536 73
94541 36
94556 85
94572 59
94597 59
94631 24
94648 43
94648 47
94675 61
94716 18
94760 96
94763 61
94793 77
94838 95
94846 94
94848 33
94880 126
94882 8
94918 14
94932 21
94967 81
94998 84
95025 96
95034 40
95056 124
95083 88
95109 20
95137 123
95159 96
95169 44
95209 3
95236 101
95240 28
95282 53
95311 54
95313 15
95324 99
95365 7
95367 102
95375 61
95385 11
95413 27
95451 105
95469 25
95513 98
95524 62
95551 33
95573 64
95595 37
95602 14
95634 59
95660 74
95682 108
95708 79
95715 1
95720 35
95753 43
95793 7
95825 76
95866 73
95900 88
95943 39
95957 19
95988 10
96022 13
96054 120
96077 54
96087 125
96118 58
96153 12
96188 53
96222 42
96234 121
96274 56
96318 34
96319 85
96347 94
96365 72
96387 38
96409 101
96451 115
96461 24
96496 47
96530 13
96546 66
96562 26
96576 112
96606 10
96624 67
96643 83
96684 43
96728 57
96756 17
96773 84
96773 29
96797 118
96842 67
96875 98
96916 110
96931 34
96946 85
96948 48
96992 92
96997 49
97030 54
97059 85
97090 27
97098 39
97136 95
97148 70
97157 12
97166 82
97185 113
97226 32
97244 58
97288 104
97328 119
97334 117
97366 81
97393 38
97396 51
97431 15
97453 13
97454 119
97462 12
97469 26
97507 93
97527 90
97558 93
97581 65
97619 7
97638 77
97659 20
97693 100
97727 76
97770 107
97770 127
97780 71
97781 125
97816 60
97838 95
97863 109
97886 6
97893 71
97918 38
97938 74
97958 19
98000 80
98009 23
98025 18
98063 21
98086 96
98120 78
98124 51
98131 120
98164 110
98176 107
98213 113
98232 103
98270 70
98305 111
98349 106
98385 37
98387 112
98414 17
98443 49
98459 37
98496 97
98511 6
98540 113
98543 43
98586 10
98603 85
98621 7
98622 6
98660 32
98683 90
98703 42
98736 82
98778 78
98805 54
98807 37
98811 86
98811 125
98812 12
98838 21
98862 116
98907 117
98915 92
98925 102
98943 68
98977 105
99014 16
99057 28
99102 74
99110 117
99122 4
99133 3
99176 18
99191 95
99223 17
99229 51
99245 85
99283 83
99322 9
99361 22
99373 123
99379 4
99409 103
99454 23
99471 26
99515 105
99536 33
99545 68
99570 102
99614 117
99648 71
99675 65
99691 86
99726 107
99771 84
99795 126
99813 53
99837 81
99847 101
99853 48
99889 41
99905 5
99933 46
99967 35
99969 65
99982 26
100003 117
100039 30
100063 13
100071 72
100101 114
100107 22
100117 24
100140 83
100168 91
100195 23
100206 3
100235 25
100243 100
100288 94
100293 73
100336 96
100345 40
100345 64
100356 72
100369 74
100390 25
100412 34
100439 120
100462 49
100466 34
100497 37
100526 80
100528 15
100541 43
100554 35
100598 119
100611 3
100612 50
100643 68
100655 110
100680 54
100722 35
100724 22
100738 86
100748 74
100792 99
100796 112
100811 113
100840 17
100875 25
100883 9
100925 7
100966 41
100983 60
100990 100
101028 59
101058 57
101062 33
101090 123
101134 81
101147 14
101185 5
101191 21
101225 61
101255 115
101256 106
101267 72
101300 100
101319 2
101351 49
101364 26
101375 9
101395 14
101402 34
101414 92
101456 103
101493 53
101536 107
101566 69
101601 78
101641 12
101664 111
101682 38
101686 81
101700 81
101706 79
101738 47
101766 61
101800 91
101829 111
101848 127
101880 98
101924 16
101969 100
101984 86
102019 126
102024 30
102066 22
102107 111
102108 17
102112 39
102148 57
102150 35
102188 28
102197 114
102227 99
102240 87
102252 48
102278 37
102279 41
102279 127
102312 17
102313 88
102315 109
102330 20
102363 80
102384 18
102396 51
102431 111
102475 76
102518 50
102540 121
102544 84
102569 105
102611 31
102639 53
102652 122
102678 47
102722 26
102747 75
102792 36
102825 10
102851 107
102883 4
102925 101
102954 47
102994 21
103031 24
103071 78
103086 47
103120 103
103128 106
103170 123
103176 98
103220 123
103243 90
103281 67
103291 23
103303 75
103317 3
103349 58
103383 15
103396 68
103421 18
103421 49
103429 66
103441 80
103450 18
103492 102
103526 38
103544 47
103588 89
103612 57
103627 8
103642 125
103650 18
103667 14
103691 109
103729 17
103765 50
103773 17
103816 20
103823 114
103858 93
103898 11
103930 19
103953 72
103973 53
104006 2
104011 72
104024 14
104062 107
104106 24
104148 110
104188 114
104198 72
104231 64
104231 93
104247 104
104257 36
104258 101
104297 108
104321 39
104359 63
104381 33
104408 39
104435 90
104451 9
104461 96
104474 17
104485 27
104520 25
104543 73
104573 8
104604 94
104622 125
104625 5
104644 79
104660 9
104678 19
104716 40
104750 80
104769 124
104773 90
104782 113
104784 22
104787 75
104793 77
104826 67
104851 58
104853 86
104890 95
104926 24
104943 125
104946 17
104975 92
104991 109
105036 52
105045 67
105087 60
105101 104
105141 46
105160 48
105191 61
105235 108
105280 53
105308 2
105311 120
105342 81
105345 16
105346 124
105351 120
105383 40
105384 1
105396 102
105414 100
105453 53
105497 32
105502 82
105505 96
105511 57
105512 68
105551 50
105587 89
105620 38
105635 47
105654 73
105690 42
105730 33
105763 66
105806 49
105848 68
105862 90
105879 113
105907 35
105909 114
105951 22
105956 83
105962 64
105997 93
106005 109
106049 120
106084 46
106103 71
106124 72
106165 114
106189 58
106211 122
106250 72
106289 125
106304 15
106329 51
106349 3
106376 111
106413 46
106436 81
106464 56
106509 102
106514 71
106532 71
106542 80
106552 115
106587 91
106609 124
106643 90
106646 22
106690 54
106722 44
106732 16
106756 116
106772 60
106780 26
106802 14
106819 127
106827 68
106847 45
106876 104
106900 124
106939 1
106966 18
107003 72
107016 88
107047 52
107057 64
107074 35
107115 16
107135 66
107162 84
107195 122
107236 25
107269 93
107299 39
107335 59
107363 25
107403 60
107406 94
107419 69
107455 48
107471 81
107497 47
107503 42
107536 17
107558 45
107576 99
107597 13
107615 119
107643 118
107685 115
107695 25
107705 74
107742 82
107773 41
107806 68
107836 79
107852 40
107882 65
107892 100
107893 92
107921 77
107951 27
107958 79
107985 115
108026 79
108052 59
108084 30
108117 11
108153 111
108191 100
108215 10
108221 120
108261 120
108285 33
108292 66
108329 4
108369 98
108398 108
108416 14
108420 47
108456 77
108486 114
108518 47
108563 5
108566 101
108592 90
108620 43
108649 82
108655 70
108687 125
108720 122
108758 66
108773 121
108817 45
108831 35
108848 84
108880 111
108886 11
108931 55
108941 53
108970 101
109012 37
109049 95
109071 33
109115 7
109145 54
109177 7
109187 96
109194 67
109209 51
109226 25
109265 115
109289 21
109291 118
109301 47
109318 28
109363 120
109366 49
109381 6
109386 15
109429 87
109451 94
109457 65
109489 25
109508 122
109524 94
109560 55
109566 13
109592 42
109636 114
109677 25
109718 109
109721 29
109764 40
109805 37
109813 69
109818 60
109844 109
109867 20
109900 18
109907 109
109940 49
109948 121
109989 86
110033 52
110077 22
110103 68
110110 18
110119 113
110139 97
110157 55
110173 25
110187 45
110191 21
110227 102
110272 101
110283 31
110323 71
110356 13
110364 57
110391 98
110399 40
110417 70
110443 25
110467 78
110485 42
110520 44
110536 12
110567 99
110571 116
110600 59
110617 30
110627 98
110642 81
110684 115
110694 123
110706 123
110713 63
110733 127
110750 97
110750 33
110783 38
110817 103
110847 114
110854 114
110887 48
110888 123
110893 89
110934 51
110966 86
111008 90
111053 35
111088 32
111098 97
111132 77
111177 93
111186 105
111207 115
111246 125
111264 63
111274 105
111304 32
111333 10
111358 91
111380 103
111411 92
111448 67
111468 111
111510 33
111517 91
111528 23
111562 18
111564 113
111602 2
111604 60
111649 38
111677 14
111680 100
111683 80
111705 77
111738 58
111760 86
111771 95
111771 111
111780 28
111795 44
111837 31
111851 82
111859 110
111888 6
111931 50
111967 90
111999 3
112004 85
112034 22
112079 34
112092 32
112099 52
112110 35
112142 8
112171 125
112199 121
112206 94
112250 37
112255 90
112264 93
112280 50
112290 104
112320 83
112346 14
112366 119
112367 61
112379 17
112382 96
112388 36
112424 36
112467 28
112505 83
112543 9
112571 95
112582 27
112600 89
112638 54
112681 24
112716 53
112760 71
112797 26
112802 111
112832 107
112842 41
112860 93
112882 40
112917 5
112935 120
112975 71
113000 4
113039 69
113060 126
113085 100
113085 27
113091 49
113098 99
113105 32
113137 48
113155 91
113184 3
113227 69
113271 109
113276 48
113280 28
113288 19
113315 48
113329 66
113337 74
113365 21
113366 38
113390 14
113412 21
113454 48
113493 51
113496 6
113500 11
113530 116
113552 42
113564 3
113589 21
113605 45
113642 110
113649 35
113691 58
113691 65
113696 89
113700 52
113715 43
113751 1
113768 44
113795 13
113823 39
113823 70
113828 85
113828 39
113845 112
113864 2
113903 29
113936 68
113955 46
113998 92
114042 16
114087 40
114124 109
114166 105
114203 11
114225 87
114232 75
114258 116
114274 18
114279 28
114311 51
114342 84
114364 2
114385 115
114429 51
114461 9
114478 49
114519 51
114553 62
114568 76
114610 56
114635 65
114674 39
114690 86
114718 71
114738 93
114746 22
114779 54
114780 60
114793 64
114796 65
114830 62
114865 121
114891 95
114935 58
114938 35
114965 87
114965 36
114967 78
114983 52
115003 16
115021 7
115062 95
115062 106
115097 44
115106 11
115112 31
115153 126
115192 22
115234 102
115273 78
115289 29
115293 80
115294 6
115305 72
115340 50
115365 61
115380 42
115383 29
115419 31
115438 76
115469 82
115498 86
115505 12
115547 15
115579 87
115607 74
115631 108
115647 5
115676 91
115683 23
115707 80
115730 46
115765 18
115785 26
115827 63
115843 11
115888 82
115930 22
115947 30
115948 20
115959 20
115992 115
115997 109
116012 68
116057 116
116081 69
116111 94
116140 56
116169 52
116212 60
116218 7
116261 17
116280 45
116293 16
116301 104
116302 75
116346 47
116373 85
116400 19
116416 69
116417 64
116447 63
116462 58
116492 74
116535 84
116573 77
116583 114
116600 122
116639 31
116657 72
116661 27
116698 54
116742 10
116744 82
116755 102
116798 72
116831 125
116874 87
116887 118
116930 107
116946 86
116990 79
117013 86
117052 106
117088 47
117097 76
117128 24
117164 81
117200 121
117218 86
117228 115
117259 63
117297 51
117308 3
117323 54
117361 58
117378 44
117383 33
117399 28
117435 107
117455 47
117477 96
117477 9
117497 73
117508 96
117515 98
117555 111
117592 85
117598 68
117603 60
117643 111
117687 59
117731 103
117764 40
117797 4
117822 68
117841 38
117848 64
117890 79
117923 45
117947 12
117953 5
117960 104
117974 45
117998 97
118032 59
118038 11
118039 84
118074 24
118081 124
118124 124
118150 23
118164 68
118166 33
118197 52
118233 110
118243 126
118288 90
118295 7
118338 56
118365 33
118373 48
118374 24
118398 123
118442 46
118475 114
118482 6
118504 100
118516 5
118520 84
118560 10
118571 107
118577 117
118618 10
118618 80
118627 68
118655 23
118669 98
118693 98
118705 31
118711 117
118749 50
118786 53
118829 24
118872 102
118895 72
118897 114
118903 12
118939 75
118944 15
118944 50
118959 85
118991 32
119003 116
119039 20
119069 64
119072 37
119101 28
119129 75
119167 36
119174 51
119218 104
119257 70
119298 7
119327 48
119334 35
119354 91
119396 58
119408 115
119437 50
119476 121
119497 57
119532 2
119548 67
119562 91
119585 42
119623 47
119658 63
119687 102
119696 123
119709 51
119730 103
119768 108
119781 119
119802 119
119841 103
119855 118
119898 69
119920 6
119945 84
119956 125
119989 32
120028 49
120037 19
120050 100
120072 31
120104 44
120107 80
120142 10
120145 5
120145 32
120184 6
120212 35
120248 46
120266 50
120310 92
120343 57
120364 12
120373 2
120403 113
120443 87
120457 35
120470 92
120493 40
120493 24
120538 62
120552 4
120575 109
120598 72
120631 55
120648 105
120671 46
120687 55
120693 90
120713 118
120723 92
120765 96
120799 127
120839 124
120862 96
120877 20
120886 52
120919 12
120940 115
120973 86
120985 59
120985 117
121029 4
121039 115
121055 93
121063 36
121108 10
121112 119
121135 7
121147 38
121190 124
121193 99
121209 49
121237 101
121244 4
121255 31
121258 6
121283 88
121284 85
121312 23
121353 29
121353 1
121369 25
121384 49
121402 66
121446 102
121483 71
121498 98
121540 111
121583 43
121606 65
121630 33
121655 60
121681 41
121703 93
121740 69
121766 45
121805 77
121843 49
121858 53
121876 85
121878 107
121897 57
121910 62
121916 24
121956 67
121959 78
121971 50
122015 61
122045 17
122078 60
122081 17
122093 117
122115 82
122160 40
122160 8
122196 75
122198 28
122206 118
122243 92
122247 72
122283 70
122320 5
122340 113
122353 106
122354 8
122389 27
122429 12
122450 103
122452 121
122495 109
122500 115
122501 117
122533 6
122538 72
122582 58
122585 118
122619 3
122622 28
122633 64
122666 97
122703 81
122726 26
122738 101
122751 39
122773 82
122808 50
122821 44
122863 122
122870 36
122914 90
122957 127
122974 119
122992 20
123015 27
123030 89
123049 58
123069 65
123076 92
123117 23
123162 69
123194 19
123216 50
123234 3
123266 57
123266 115
123302 41
123316 12
123326 39
123360 13
123365 65
123365 74
123384 52
123424 94
123454 65
123485 23
123511 37
123542 110
123566 97
123579 52
123614 45
123653 53
123677 49
123712 44
123721 114
123752 29
123791 33
123796 81
123805 67
123834 60
123844 21
123857 67
123860 68
123865 76
123891 106
123928 64
123964 87
123992 102
124026 43
124033 93
124033 124
124068 5
124107 96
124110 4
124114 29
124152 76
124177 24
124213 81
124241 118
124273 19
124306 81
124346 97
124383 100
124426 36
124451 97
124492 33
124511 82
124536 87
124558 127
124580 60
124597 95
124602 12
124618 115
124650 39
124658 30
124660 48
124703 123
124747 127
124754 14
124789 5
124796 2
124835 88
124836 21
124859 13
124883 71
124887 110
124916 103
124940 77
124953 97
124976 57
125013 68
125021 5
125060 32
125084 98
125102 60
125107 8
125149 4
125171 88
125216 63
125251 116
125259 2
125279 93
125306 77
125343 25
125352 82
125390 81
125432 54
125455 17
125488 57
125499 69
125518 48
125529 87
125555 121
125586 113
125587 3
125619 126
125625 106
125658 100
125677 54
125684 38
125718 60
125754 29
125797 50
125806 12
125850 94
125885 49
125925 33
125936 106
125967 45
125985 15
126017 126
126059 36
126062 63
126074 107
126081 63
126108 95
126130 119
126174 79
126201 45
126206 36
126250 23
126278 51
126301 69
126335 13
126338 120
126349 123
126363 9
126387 25
126428 14
126435 13
126445 48
126448 4
126453 108
126473 29
126500 120
126543 82
126567 45
126612 92
126625 79
126670 102
126694 80
126711 39
126719 91
126731 67
126767 62
126773 77
126796 86
126806 81
126825 30
126849 13
126853 31
126864 72
126884 110
126923 36
126945 6
126987 120
127015 111
127036 125
127059 62
127073 105
127115 44
127129 22
127156 6
127190 78
127206 120
127221 70
127250 55
127266 97
127288 51
127293 44
127293 5
127328 40
127363 68
127373 122
127379 11
127403 18
127410 70
127452 75
127494 111
127527 45
127559 80
127585 85
127616 64
127642 62
127650 64
127693 43
127701 29
127707 79
127732 31
127740 21
127773 73
127779 75
127780 4
127825 40
127830 17
127862 23
127902 56
127935 75
127960 112
127996 67
128040 40
128075 63
128096 89
128120 27
128120 116
128157 112
128160 63
128169 22
128171 51
128212 127
128250 106
128287 88
128331 81
128357 35
128365 84
128397 2
128431 7
128461 47
128478 16
128506 34
128536 10
128572 2
128593 46
128617 93
128629 32
128649 99
128667 80
128680 91
128707 13
128741 80
128760 20
128794 80
128794 72
128839 119
128851 39
128851 10
128871 121
128914 85
128940 126
128958 36
128959 49
128968 17
129009 31
129014 85
129035 100
129073 36
129096 9
129106 80
129120 106
129144 114
129147 87
129181 31
129187 95
129218 121
129222 101
129252 30
129289 102
129312 28
129312 71
129328 7
129352 11
129367 96
129382 88
129414 66
129416 15
129455 35
129463 83
129500 64
129519 91
129546 78
129583 70
129609 85
129623 99
129639 1
129645 14
129674 127
129685 114
129714 32
129729 4
129748 27
129751 31
129759 38
129796 44
129829 23
129844 104
129869 38
129899 8
129925 41
129940 121
129980 40
129986 16
130013 37
130035 6
130071 54
130109 72
130125 35
130152 107
130191 7
130206 24
130222 26
130223 9
130241 63
130254 50
130259 9
130280 110
130310 126
130339 71
130371 8
130415 19
130422 94
130454 64
130468 29
130471 9
130495 94
130527 69
130531 14
130570 84
130581 126
130605 45
130618 6
130658 111
130683 38
130727 5
130729 117
130753 78
130766 121
130802 29
130803 120
130840 14
130882 74
130913 117
130942 23
130983 48
130997 45
131000 89
131012 81
131027 102
131066 37
131096 77
131105 45
131109 81
131116 25
131118 31
131162 72
131164 25
131196 74
131208 58
131233 121
131244 51
131257 73
131285 10
131306 102
131320 46
131343 100
131371 93
131408 8
131424 93
131433 83
131440 79
131476 9
131494 44
131523 61
131560 102
131577 44
131613 50
131646 86
131670 75
131696 34
131729 106
131737 113
131750 74
131766 62
131810 73
131823 117
131859 74
131861 52
131867 12
131882 9
131887 102
131890 77
131907 60
131948 121
131965 23
131974 54
132012 2
132038 9
132073 7
132077 81
132087 74
132118 26
132158 116
132187 96
132206 88
132250 41
132256 90
132267 16
132270 111
132279 110
132308 127
132322 108
132364 13
132371 59
132412 120
132446 97
132484 60
132502 86
132509 37
132553 63
132582 37
132616 122
132656 17
132661 23
132698 105
132704 44
132741 88
132782 27
132821 39
132863 8
132880 38
132922 88
132948 43
132989 23
132994 64
133010 121
133012 48
133028 13
133050 97
133050 37
133075 93
133079 31
133108 92
133150 31
133176 16
133198 4
133206 117
133218 112
133240 62
133251 107
133286 86
133300 102
133314 127
133331 126
133348 12
133379 33
133402 31
133439 123
133473 23
133500 4
133509 54
133540 57
133554 52
133583 82
133625 16
133660 22
133698 10
133731 4
133776 22
133802 12
133808 34
133828 95
133859 40
133880 123
133886 8
133889 36
133921 30
133945 31
133963 27
133980 98
134005 117
134026 108
134068 35
134113 89
134126 92
134169 99
134199 45
134243 120
134259 71
134293 10
134315 10
134340 119
134379 76
134415 109
134419 110
134457 39
134493 67
134496 37
134521 16
134528 10
134546 42
134584 17
134621 16
134642 4
134679 68
134715 113
134741 23
134767 72
134794 21
134839 45
134869 70
134896 33
134935 12
134950 76
134986 1
134993 105
134999 74
135022 116
135028 8
135059 57
135079 4
135088 82
135089 117
135122 64
135156 113
135159 105
135198 48
135227 48
135270 79
135296 57
135328 32
135369 77
135400 86
135418 63
135453 118
135460 57
135478 97
135495 23
135507 57
135542 80
135559 93
135590 87
135615 68
135620 97
135662 2
135703 82
135739 116
135741 32
135753 6
135762 22
135779 87
135794 114
135829 70
135859 60
135867 40
135879 73
135889 67
135919 14
135955 54
135969 74
135970 62
135981 111
135993 113
136028 108
136062 39
136075 47
136120 113
136130 25
136169 13
136204 51
136228 104
136263 106
136274 120
136296 3
136315 124
136349 10
136351 57
136357 89
136360 123
136390 31
136391 44
136392 66
136404 56
136420 117
136455 125
136455 82
136456 86
136478 53
136487 50
136518 67
136521 8
136540 84
136540 60
136548 11
136569 35
136584 42
136604 31
136605 55
136605 64
136632 90
136641 105
136665 53
136701 69
136734 45
136764 33
136806 70
136823 121
136866 9
136879 43
136904 9
136943 41
136976 23
136989 18
136992 32
136994 47
137026 89
137070 56
137102 96
137128 11
137147 61
137152 103
137180 36
137192 63
137204 3
137241 61
137274 93
137277 48
137309 32
137313 110
137315 59
137356 21
137396 115
137396 92
137430 115
137442 19
137468 18
137511 47
137541 14
137549 41
137572 60
137588 121
137608 71
137638 9
137668 117
137674 115
137675 17
137697 55
137704 21
137731 81
137775 73
137813 69
137830 79
137836 123
137840 105
137868 97
137880 71
137914 127
137917 65
137934 92
137954 17
137991 67
138004 14
138034 96
138069 46
138110 124
138117 80
138155 25
138188 5
138223 41
138263 38
138307 20
138334 59
138347 40
138389 58
138428 126
138463 40
138465 81
138505 56
138531 103
138564 28
138568 125
138584 115
138613 65
138641 104
138664 31
138697 38
138728 50
138755 37
138760 104
138786 106
138825 59
138870 9
138883 115
138905 29
138925 49
138948 73
138958 10
138991 124
139004 72
139036 45
139080 66
139082 59
139103 110
139134 60
139150 54
139176 48
139218 74
139222 65
139234 31
139262 19
139304 116
139320 25
139352 26
139383 62
139423 16
139438 66
139482 22
139492 39
139537 2
139554 15
139580 122
139602 120
139629 7
139645 59
139674 92
139689 75
139695 15
139719 127
139719 52
139758 2
139760 101
139772 68
139805 112
139842 102
139847 37
139892 14
139906 72
139951 105
139970 32
139982 102
140022 10
140045 98
140055 79
140094 106
140103 16
140112 102
140134 95
140139 10
140178 58
140195 28
140199 33
140237 58
140265 33
140300 67
140341 62
140358 25
140377 34
140377 79
140398 68
140420 86
140431 49
140440 14
140470 79
140488 33
140512 105
140523 66
140557 127
140595 52
140626 64
140629 69
140651 77
140696 71
140735 89
140760 114
140782 71
140818 55
140856 87
140884 1
140918 38
140957 35
140995 25
141007 25
141017 118
141032 16
141069 49
141101 90
141134 114
141160 46
141190 114
141197 109
141217 51
141234 126
141243 83
141258 11
141301 50
141311 47
141335 21
141367 1
141402 56
141402 12
141429 121
141433 113
141457 12
141470 42
141483 26
141497 107
141516 6
141543 51
141549 52
141553 83
141561 117
141590 111
141621 76
141654 39
141662 44
141666 127
141703 43
141726 97
141764 72
141773 85
141779 68
141802 71
141834 67
141835 38
141843 81
141883 96
141893 56
141898 114
141925 51
141955 100
141987 106
142008 103
142026 91
142058 3
142067 30
142085 86
142120 97
142135 34
142136 45
142147 42
142153 47
142159 80
142191 107
142229 12
142254 43
142282 71
142318 53
142333 93
142372 68
142392 36
142430 14
142472 114
142517 24
142555 19
142560 126
142569 113
142593 86
142637 9
142642 45
142680 110
142683 77
142712 92
142749 103
142752 48
142796 6
142839 68
142870 15
142902 26
142938 20
142970 73
142980 117
142984 124
142993 2
143019 10
143043 69
143045 102
143088 44
143128 17
143158 76
143197 58
143198 40
143232 64
143257 109
143261 36
143282 104
143322 46
143335 43
143358 39
143358 10
143367 86
143373 83
143403 86
143439 48
143441 14
143481 4
143525 7
143531 116
143570 60
143603 115
143605 95
143618 78
143643 105
143666 65
143706 5
143707 107
143747 4
143769 57
143811 55
143835 6
143860 44
143877 57
143878 70
143887 21
143888 94
143918 49
143945 30
143975 34
143988 20
144005 93
144016 81
144056 3
144093 10
144115 13
144123 67
144135 12
144160 76
144195 114
144196 53
144214 23
144233 113
144266 4
144271 112
144310 103
144337 2
144368 43
144373 98
144405 30
144411 59
144448 107
144456 8
144464 31
144487 3
144498 52
144539 48
144546 108
144547 83
144578 103
144615 65
144658 46
144700 107
144711 34
144713 67
144751 15
144777 33
144780 119
144802 109
144822 97
144860 71
144885 43
144925 34
144935 35
144936 40
144969 100
144981 53
144989 2
145011 119
145021 19
145045 70
145045 35
145059 16
145060 5
145073 35
145111 27
145119 12
145133 47
145142 114
145163 119
145177 108
145215 27
145221 4
145233 25
145272 36
145299 95
145302 84
145334 43
145365 72
145402 81
145429 123
145451 43
145451 26
145454 7
145487 10
145494 117
145505 103
145518 72
145547 118
145582 125
145598 83
145608 74
145643 31
145655 69
145692 24
145706 106
145750 28
145770 106
145801 29
145833 41
145854 84
145879 109
145897 95
145908 35
145913 118
145946 91
145952 112
145977 33
145980 120
145997 103
146021 71
146052 13
146074 61
146094 37
146139 45
146139 87
146140 116
146159 107
146165 57
146170 81
146175 17
146204 11
146219 23
146236 13
146246 124
146261 116
146270 63
146271 127
146285 52
146309 58
146331 80
146358 12
146382 19
146424 50
146432 62
146454 36
146472 73
146514 17
146528 112
146537 11
146542 74
146545 56
146568 20
146596 125
146631 81
146634 20
146671 100
146701 32
146723 9
146723 125
146759 96
146786 9
146826 70
146842 74
146858 120
146898 53
146901 96
146912 11
146913 115
146915 83
146952 14
146971 20
147016 30
147052 116
147095 102
147115 117
147143 97
147149 7
147170 55
147210 94
147251 13
147255 12
147283 41
147305 3
147324 106
147350 49
147385 1
147430 14
147432 41
147432 98
147464 104
147472 82
147493 2
147499 66
147525 66
147546 127
147547 74
147591 55
147607 71
147631 118
147672 81
147683 69
147718 81
147751 54
147765 102
147806 26
147844 92
147879 72
147901 89
147944 91
147969 16
147970 29
148015 73
148037 73
148063 110
148076 72
148106 36
148120 1
148145 91
148187 66
148217 127
148261 106
148270 10
148283 123
148298 67
148330 53
148356 62
148383 126
148411 37
148428 70
148456 72
148501 81
148523 89
148565 98
148567 29
148587 88
148630 121
148674 30
148689 27
148705 74
148713 89
148714 107
148726 50
148729 29
148761 121
148782 86
148782 118
148800 84
148830 66
148873 88
148880 29
148884 60
148894 107
148899 85
148936 41
148950 121
148988 2
149031 96
149033 64
149052 99
149087 97
149112 80
149151 38
149193 126
149208 10
149225 105
149231 7
149256 121
149289 49
149318 77
149333 96
149334 105
149342 22
149363 26
149367 12
149404 1
149404 42
149422 63
149453 68
149456 88
149465 42
149472 110
149507 59
149510 11
149548 58
149559 36
149586 18
149587 10
149604 10
149620 89
149644 85
149670 54
149702 48
149731 69
149753 12
149790 119
149801 41
149837 44
149838 5
149841 113
149857 112
149882 19
149916 53
149918 90
149925 76
149952 85
149967 15
149967 106
149995 115
150032 24
150064 20
150080 3
150095 82
150112 113
150152 83
150168 70
150172 82
150179 88
150206 126
150242 43
150256 46
150293 24
150325 88
150365 99
150407 30
150430 110
150473 126
150501 58
150543 96
150547 32
150587 26
150591 29
150602 66
150622 48
150666 113
150679 77
150716 27
150739 38
150742 50
150752 87
150782 14
150790 33
150823 17
150848 87
150874 106
150916 50
150916 59
150953 9
150954 112
150994 124
151039 107
151081 93
151088 1
151116 7
151142 22
151151 106
151160 62
151173 43
151210 28
151239 22
151251 91
151285 47
151314 18
151334 30
151362 87
151400 33
151405 19
151446 39
151449 6
151456 13
151494 111
151521 70
151551 109
151562 72
151569 84
151574 123
151617 11
151632 2
151657 101
151683 13
151692 32
151733 56
151753 26
151768 51
151785 7
151816 64
151859 59
151872 14
151897 111
151925 9
151932 52
151963 52
152006 20
152015 89
152021 64
152066 35
152099 126
152119 10
152129 121
152167 12
152198 39
152215 104
152260 63
152267 37
152269 70
152271 61
152310 16
152354 79
152379 87
152379 30
152395 120
152400 126
152420 55
152462 120
152490 64
152503 100
152529 86
152542 123
152545 80
152586 58
152593 71
152637 61
152645 73
152651 113
152668 118
152707 121
152751 57
152753 71
152755 117
152759 79
152774 111
152790 23
152807 2
152839 40
152856 29
152879 103
152889 31
152909 48
152928 68
152954 18
152991 78
153022 57
153037 48
153042 64
153056 19
153099 103
153132 127
153148 58
153156 82
153196 86
153219 55
153264 50
153309 80
153333 80
153377 96
153387 43
153431 99
153472 108
153513 37
153547 23
153586 43
153600 37
153622 104
153646 125
153655 15
153683 119
153688 121
153730 3
153771 91
153780 30
153824 30
153859 12
153904 74
153930 117
153968 122
153996 54
154015 108
154027 56
154068 72
154072 82
154109 82
154137 113
154152 47
154156 116
154175 79
154198 26
154219 87
154261 55
154294 51
154294 69
154335 89
154342 32
154357 108
154395 63
154439 119
154479 24
154490 87
154523 100
154534 49
154538 115
154580 59
154587 50
154606 93
154635 41
154647 66
154668 52
154673 78
154699 124
154703 22
154744 97
154782 8
154822 20
154851 63
154853 93
154881 69
154898 77
154902 43
154938 2
154963 88
154989 93
154997 9
155033 31
155073 38
155074 120
155080 7
155116 58
155145 125
155169 45
155183 92
155227 52
155269 45
155284 52
155305 3
155334 42
155362 52
155393 39
155414 125
155450 63
155470 78
155472 79
155491 88
155519 14
155546 75
155566 53
155603 92
155641 8
155680 89
155688 72
155729 10
155730 108
155742 32
155762 33
155789 63
155819 33
155820 42
155841 73
155863 35
155900 117
155901 83
155901 13
155913 17
155942 127
155984 44
156002 114
156027 103
156060 107
156079 15
156099 72
156129 61
156147 123
156181 44
156215 5
156255 66
156265 122
156299 114
156333 96
156342 94
156372 56
156379 40
156398 98
156442 90
156478 78
156522 102
156550 24
156577 113
156596 102
156628 102
156639 51
156652 14
156689 69
156695 79
156711 34
156756 30
156766 120
156806 108
156807 83
156818 78
156837 62
156878 35
156914 72
156940 88
156963 44
156978 50
157000 57
157032 98
157041 37
157086 2
157093 75
157110 36
157138 1
157157 31
157171 87
157207 102
157246 112
157282 62
157295 112
157297 64
157324 3
157367 9
157370 116
157374 2
157374 117
157412 98
157454 43
157493 122
157522 9
157554 10
157572 45
157579 15
157600 50
157608 125
157608 68
157624 126
157643 38
157654 54
157666 51
157681 34
157700 63
157717 23
157754 127
157782 97
157784 51
157789 21
157826 89
157846 72
157880 77
157880 94
157883 97
157917 98
157937 106
157964 82
158009 96
158012 115
158045 117
158062 102
158067 87
158080 65
158090 47
158090 18
158099 98
158106 92
158140 95
158162 46
158203 29
158224 98
158227 114
158230 50
158232 121
158251 25
158292 2
158326 83
158330 104
158358 79
158364 82
158371 10
158407 100
158425 45
158469 71
158495 35
158519 74
158552 117
158581 121
158591 9
158606 118
158630 2
158632 84
158638 95
158675 103
158690 52
158694 121
158700 120
158711 25
158727 98
158761 82
158781 108
158782 91
158816 86
158823 12
158860 122
158889 70
158889 57
158906 113
158922 16
158962 106
158999 69
159042 17
159057 83
159065 115
159081 29
159114 45
159129 47
159151 113
159173 126
159173 68
159209 113
159221 63
159250 112
159275 119
159303 114
159343 112
159378 112
159407 4
159427 3
159467 122
159511 78
159516 71
159516 39
159526 20
159559 9
159580 48
159609 46
159636 52
159642 83
159645 82
159686 93
159701 51
159710 3
159720 79
159762 126
159773 92
159811 61
159830 86
159869 44
159906 30
159917 87
159942 51
159955 115
159970 120
159976 83
160006 109
160028 82
160049 68
160063 57
160064 72
160087 102
160127 15
160164 109
160179 39
160195 41
160208 83
160229 51
160268 91
160313 58
160321 122
160331 40
160344 72
160355 67
160389 42
160390 75
160406 102
160451 90
160460 114
160490 70
160499 76
160517 42
160557 45
160597 16
160634 108
160663 99
160670 12
160670 29
160693 100
160737 109
160739 94
160779 127
160784 90
160807 48
160837 101
160853 24
160865 24
160893 33
160921 118
160929 46
160951 61
160952 56
160981 78
161017 100
161031 95
161056 57
161075 73
161118 16
161161 79
161185 101
161210 1
161247 22
161267 38
161285 109
161318 102
161323 77
161351 66
161373 41
161391 8
161434 22
161473 93
161500 115
161513 70
161544 53
161545 8
161557 55
161587 103
161606 98
161625 47
161637 98
161648 29
161691 74
161729 54
161755 24
161771 13
161805 85
161833 87
161848 6
161874 9
161919 53
161941 118
161962 103
161979 89
161984 47
161998 99
162022 112
162066 75
162070 108
162082 27
162103 26
162116 75
162148 98
162184 24
162209 19
162215 107
162232 64
162233 22
162273 56
162311 48
162347 126
162367 95
162382 99
162391 127
162391 69
162410 50
162446 113
162475 22
162516 53
162559 90
162570 110
162592 70
162621 21
162642 60
162667 75
162712 35
162748 109
162761 75
162795 25
162797 51
162815 45
162828 21
162838 12
162880 70
162913 54
162935 74
162954 12
162998 39
163026 115
163065 18
163073 58
163079 33
163110 6
163125 52
163128 115
163130 110
163165 55
163166 87
163185 42
163217 125
163226 7
163244 122
163288 70
163323 46
163346 97
163379 109
163381 56
163422 79
163438 85
163477 38
163505 59
163548 108
163561 80
163568 52
163595 85
163628 87
163632 79
163638 35
163643 57
163666 117
163688 117
163705 61
163705 26
163747 100
163753 73
163768 84
163792 62
163805 24
163819 123
163819 25
163847 73
163876 85
163910 82
163926 91
163968 71
163977 127
163991 36
164021 53
164065 117
164110 31
164133 101
164162 54
164192 73
164195 99
164201 109
164226 38
164255 57
164294 126
164333 102
164343 118
164347 60
164366 8
164368 27
164376 32
164410 127
164428 115
164428 8
164456 3
164478 121
164495 118
164532 34
164553 42
164584 36
164619 8
164663 127
164668 47
164679 57
164683 55
164719 111
164750 14
164779 1
164809 2
164827 110
164855 83
164855 107
164872 82
164895 106
164936 120
164956 99
165000 20
165014 107
165036 26
165069 49
165092 124
165121 4
165129 109
165160 95
165167 17
165174 86
165196 97
165232 4
165271 68
165308 82
165344 118
165386 34
165394 3
165431 29
165438 121
165455 33
165489 27
165508 58
165519 60
165524 6
165528 116
165531 55
165561 24
165606 15
165650 53
165664 80
165707 55
165751 18
165761 61
165781 109
165807 77
165838 32
165842 114
165852 62
165887 124
165896 91
165920 119
165943 95
165981 99
166025 121
166052 95
166090 71
166098 4
166133 2
166159 123
166203 33
166247 104
166291 83
166329 110
166365 80
166368 66
166411 66
166422 26
166454 123
166465 96
166510 32
166554 87
166589 101
166592 59
166607 61
166635 115
166666 68
166676 122
166686 50
166722 60
166729 22
166743 44
166775 5
166809 9
166815 60
166846 96
166856 77
166873 8
166889 56
166898 124
166926 110
166942 79
166951 96
166952 29
166959 124
166971 34
166974 39
167019 78
167036 36
167080 29
167110 31
167144 89
167173 10
167187 111
167209 108
167245 74
167269 121
167312 126
167329 6
167374 30
167410 68
167433 1
167454 14
167473 5
167513 127
167544 66
167573 48
167598 67
167611 111
167616 124
167640 70
167662 18
167678 3
167689 49
167721 24
167728 17
167740 125
167780 85
167784 113
167789 63
167800 49
167827 106
167842 126
167859 25
167896 110
167909 63
167921 39
167935 88
167936 19
167959 30
167961 29
167972 3
168009 45
168054 103
168064 54
168104 103
168125 85
168153 88
168197 127
168242 11
168263 101
168300 54
168332 76
168342 18
168351 61
168389 88
168429 11
168471 102
168510 44
168544 41
168545 99
168584 124
168608 19
168622 118
168631 54
168633 85
168661 38
168692 101
168711 77
168750 70
168770 100
168806 90
168851 84
168863 47
168908 9
168951 24
168956 86
168997 87
169008 49
169017 19
169062 61
169074 104
169084 119
169104 112
169122 5
169154 49
169185 117
169185 30
169222 110
169236 53
169271 72
169300 70
169308 91
169347 28
169369 7
169384 14
169388 126
169431 64
169464 120
169487 62
169532 98
169576 120
169606 119
169644 52
169670 98
169675 42
169712 41
169716 31
169758 124
169758 38
169797 115
169828 125
169853 20
169855 75
169861 44
169879 101
169911 71
169913 36
169928 115
169934 70
169937 34
169951 114
169979 88
169980 4
169986 105
170019 37
170020 98
170050 123
170077 116
170090 78
170103 23
170127 68
170147 41
170190 43
170222 109
170226 5
170269 17
170311 95
170314 113
170318 95
170347 81
170353 5
170365 66
170397 88
170417 15
170435 7
170450 125
170483 81
170493 12
170526 114
170563 58
170605 40
170625 30
170639 40
170649 109
170661 31
170696 67
170740 20
170761 1
170775 125
170813 76
170847 43
170861 116
170862 10
170884 43
170894 25
170906 13
170927 54
170965 17
170970 96
170985 50
171022 69
171050 22
171055 20
171082 114
171118 32
171130 1
171159 79
171203 112
171233 69
171264 78
171270 17
171305 86
171336 68
171352 16
171362 97
171389 44
171398 74
171419 51
171420 102
171464 98
171487 94
171506 75
171514 93
171514 23
171524 5
171532 119
171563 45
171597 34
171602 1
171603 52
171617 71
171624 11
171658 125
171697 16
171734 28
171774 114
171785 118
171824 39
171826 99
171833 58
171860 38
171875 125
171915 47
171924 121
171928 33
171948 88
171954 11
171963 125
172007 87
172018 93
172057 111
172096 13
172123 76
172133 111
172141 88
172144 117
172173 23
172214 53
172228 68
172250 21
172270 64
172313 6
172330 14
172337 43
172380 116
172391 125
172396 57
172396 121
172399 112
172404 28
172429 17
172461 78
172477 111
172511 104
172535 95
172554 74
172584 105
172616 35
172623 25
172654 10
172673 118
172718 97
172740 101
172750 11
172755 31
172778 93
172818 32
172823 112
172841 56
172865 6
172899 73
172926 91
172965 63
172971 23
173000 89
173020 99
173064 38
173090 80
173107 67
173130 76
173169 59
173194 14
173195 94
173233 2
173278 60
173295 53
173298 68
173342 31
173353 107
173387 122
173418 24
173437 2
173479 51
173502 48
173507 78
173536 108
173569 35
173594 127
173638 59
173644 120
173681 39
173692 96
173701 12
173705 7
173705 72
173706 90
173742 75
173742 68
173749 35
173781 120
173788 29
173804 110
173833 8
173876 19
173907 12
173926 31
173942 124
173962 66
174007 97
174043 75
174081 23
174118 66
174136 68
174169 10
174214 42
174247 108
174255 112
174294 75
174309 72
174315 11
174351 98
174374 38
174412 5
174451 30
174452 105
174473 27
174490 56
174492 125
174530 116
174548 57
174553 74
174574 113
174581 105
174618 105
174647 43
174648 117
174692 51
174725 38
174766 21
174809 12
174835 36
174842 48
174854 24
174879 78
174887 24
174889 15
174934 52
174979 104
174983 72
175027 73
175054 3
175082 26
175096 19
175122 107
175162 109
175174 82
175203 92
175247 73
175263 121
175286 126
175318 123
175324 57
175348 92
175372 111
175376 74
175386 13
175401 113
175423 5
175444 85
175486 62
175505 12
175511 62
175536 77
175550 41
175561 68
175593 122
175636 122
175642 41
175662 18
175664 34
175667 120
175689 118
175714 108
175748 26
175761 38
175764 29
175781 74
175793 52
175814 126
175844 32
175864 14
175900 69
175913 37
175945 35
175955 46
175962 35
175970 111
176011 19
176053 112
176096 96
176139 2
176175 93
176214 34
176239 94
176273 121
176282 46
176300 29
176310 36
176324 41
176361 122
176391 124
176431 126
176453 90
176476 99
176502 68
176526 17
176529 85
176568 16
176581 53
176603 38
176646 113
176667 78
176680 24
176699 46
176735 112
176743 71
176761 77
176791 85
176808 127
176826 3
176866 58
176910 51
176926 81
176959 5
176993 10
177038 8
177065 106
177083 26
177087 117
177102 55
177125 109
177164 123
177180 85
177184 116
177212 90
177242 29
177256 103
177290 89
177330 95
177356 50
177385 99
177415 115
177424 66
177441 101
177452 62
177483 9
177499 29
177525 21
177564 16
177592 20
177635 25
177675 85
177720 44
177731 51
177745 1
177749 48
177793 99
177811 25
177833 61
177840 101
177859 79
177897 83
177936 44
177937 105
177941 62
177977 54
177977 91
178014 36
178037 87
178066 12
178096 24
178138 69
178179 124
178187 115
178198 3
178210 22
178214 112
178234 59
178268 109
178305 8
178324 101
178368 102
178374 76
178407 33
178413 39
178433 41
178453 36
178459 20
178503 46
178509 77
178552 22
178576 103
178583 9
178628 70
178634 119
178677 32
178721 90
178764 107
178796 94
178832 103
178874 88
178888 58
178899 124
178926 76
178949 13
178954 94
178963 32
179006 97
179020 33
179058 57
179072 118
179073 19
179081 71
179097 123
179126 108
179153 15
179185 107
179197 110
179203 13
179233 39
179241 5
179264 5
179301 104
179307 9
179310 43
179318 27
179333 32
179378 124
179388 98
179394 73
179430 78
179447 75
179464 75
179473 54
179491 80
179525 101
179556 124
179576 32
179620 115
179638 113
179662 24
179669 32
179710 117
179738 102
179768 3
179768 80
179782 58
179822 92
179863 78
179907 51
179933 4
179955 72
179984 49
180012 81
180043 4
180078 6
180085 43
180127 22
180152 75
180189 25
180227 59
180257 89
180285 126
180291 20
180315 93
180343 105
180363 32
180382 40
180395 70
180412 123
180427 12
180472 46
180484 37
180522 60
180546 61
180580 84
180588 74
180602 76
180623 43
180668 73
180679 113
180691 59
180733 78
180736 101
180763 104
180776 72
180800 126
180827 51
180844 79
180889 110
180890 14
180907 86
180920 55
180954 23
180962 39
180974 126
180991 110
181010 46
181031 102
181057 103
181097 124
181097 75
181142 85
181182 24
181215 117
181226 29
181244 82
181286 62
181329 122
181362 32
181407 103
181409 26
181419 48
181461 58
181495 66
181531 6
181547 101
181547 13
181563 57
181585 44
181585 34
181624 44
181629 9
181667 45
181702 35
181718 12
181727 81
181766 39
181789 54
181824 3
181828 29
181861 67
181867 46
181882 122
181912 104
181943 1
181950 102
181962 28
182003 14
182017 94
182052 4
182062 60
182094 100
182135 30
182146 50
182163 6
182164 92
182169 96
182199 123
182213 22
182245 65
182278 36
182296 52
182330 95
182353 85
182363 109
182405 7
182408 45
182423 102
182426 127
182470 15
182471 100
182505 77
182515 73
182526 72
182547 1
182548 40
182571 63
182610 3
182643 97
182669 49
182699 36
182719 79
182724 41
182764 25
182769 40
182788 97
182829 29
182830 93
182871 42
182874 83
182889 73
182911 93
182951 5
182974 83
182984 122
183023 94
183030 68
183063 36
183101 82
183121 102
183130 112
183150 77
183191 33
183196 56
183222 21
183266 107
183307 60
183324 109
183360 111
183388 48
183422 6
183446 81
183449 28
183470 59
183476 8
183499 65
183533 120
183565 127
183581 51
183593 90
183628 107
183648 23
183667 67
183693 91
183722 82
183727 78
183759 20
183784 40
183784 113
183798 56
183823 3
183853 53
183860 53
183893 112
183920 19
183945 68
183970 103
183985 101
184000 101
184008 99
184017 57
184056 46
184092 23
184125 62
184139 75
184161 84
184205 105
184212 118
184222 94
184240 30
184243 33
184260 74
184290 80
184315 105
184321 82
184338 51
184339 65
184377 84
184419 85
184444 50
184465 86
184482 36
184495 30
184518 56
184557 94
184562 109
184600 10
184643 60
184649 62
184671 1
184706 125
184739 9
184779 1
184819 102
184836 26
184874 61
184891 6
184908 101
184941 99
184952 3
184953 35
184989 57
185017 41
185055 32
185074 72
185084 75
185100 104
185135 79
185175 15
185194 25
185198 122
185220 61
185222 33
185260 119
185289 122
185319 12
185347 82
185386 127
185428 111
185431 72
185472 3
185515 21
185555 64
185580 24
185581 38
185592 66
185618 30
185630 98
185664 85
185700 51
185719 78
185762 12
185793 107
185801 7
185822 65
185839 104
185877 108
185882 124
185908 120
185932 49
185942 61
185958 58
186001 25
186011 42
186018 62
186039 50
186057 48
186098 91
186143 95
186182 86
186227 54
186230 13
186257 18
186274 54
186302 8
186334 24
186374 83
186374 97
186389 90
186391 125
186432 77
186452 20
186467 86
186486 53
186503 111
186505 71
186505 121
186515 74
186539 111
186546 103
186574 127
186579 61
186624 52
186635 84
186638 88
186639 94
186639 55
186680 74
186692 33
186737 85
186739 13
186782 117
186821 42
186866 77
186867 102
186909 42
186912 48
186926 28
186961 16
187002 82
187030 26
187071 67
187114 106
187137 29
187174 64
187214 4
187223 59
187255 12
187292 22
187335 47
187362 94
187376 9
187406 79
187415 84
187432 35
187433 2
187463 90
187491 118
187497 20
187525 115
187546 58
187546 33
187558 55
187564 97
187574 29
187590 100
187632 48
187648 116
187671 45
187691 11
187710 39
187734 27
187765 106
187770 82
187797 103
187832 60
187870 26
187882 64
187909 94
187916 109
187937 10
187976 84
187982 17
188010 60
188045 28
188085 17
188096 39
188100 127
188116 122
188137 51
188182 41
188198 47
188207 38
188245 111
188279 11
188289 110
188322 72
188328 103
188366 4
188395 121
188438 69
188458 43
188480 101
188510 8
188540 26
188561 107
188584 57
188604 109
188639 80
188680 45
188715 65
188728 79
188730 59
188772 95
188809 13
188827 68
188836 71
188843 17
188870 10
188913 110
188926 15
188962 67
188965 16
189005 105
189005 116
189012 66
189042 1
189057 16
189073 37
189076 83
189120 74
189123 24
189126 25
189170 9
189206 41
189211 104
189225 46
189267 74
189272 55
189314 81
189335 113
189376 25
189417 51
189435 58
189443 56
189463 109
189485 63
189501 14
189513 104
189526 124
189549 8
189560 29
189596 80
189623 45
189660 88
189694 62
189710 48
189737 116
189782 69
189801 16
189816 19
189856 100
189881 20
189922 126
189929 19
189932 116
189953 86
189976 7
189997 36
190035 124
190061 58
190087 78
190129 76
190135 47
190169 116
190178 15
190205 17
190219 26
190240 25
190242 49
190274 48
190296 122
190308 12
190309 95
190338 1
190383 127
190392 18
190416 125
190438 62
190479 84
190503 82
190521 86
190546 94
190585 108
190623 22
190660 2
190661 66
190678 119
190719 107
190736 15
190773 80
190781 62
190785 53
190829 73
190851 43
190864 66
190897 35
190917 68
190929 75
190957 71
190957 17
190979 79
190996 88
191021 39
191029 98
191060 54
191064 112
191090 64
191133 7
191135 98
191163 78
191192 76
191206 94
191237 49
191273 73
191315 76
191325 67
191367 25
191382 97
191398 74
191431 77
191468 60
191478 122
191511 51
191520 68
191535 56
191576 100
191614 57
191642 34
191661 82
191690 97
191720 113
191720 113
191746 99
191764 3
191769 119
191786 123
191829 60
191853 20
191887 81
191892 46
191900 40
191926 59
191939 38
191980 104
192018 24
192062 29
192103 121
192107 8
192141 43
192163 37
192171 57
192181 15
192182 82
192183 123
192192 113
192207 112
192218 90
192249 57
192252 23
192268 74
192312 73
192330 85
192368 116
192401 64
192424 70
192447 69
192470 82
192485 47
192522 34
192565 122
192585 24
192620 9
192657 76
192692 38
192725 62
192736 16
192737 103
192742 64
192772 51
192800 73
192824 21
192830 64
192871 62
192880 20
192883 3
192901 40
192943 34
192978 40
192996 62
193031 83
193060 103
193082 75
193083 46
193115 89
193148 23
193173 126
193178 118
193202 107
193209 88
193211 106
193256 82
193257 110
193292 108
193322 108
193361 20
193376 13
193394 47
193406 57
193415 63
193437 34
193449 127
193487 120
193528 91
193538 85
193542 61
193550 112
193586 31
193607 120
193644 101
193677 105
193721 18
193762 2
193784 66
193786 27
193786 50
193831 45
193852 1
193891 59
193921 16
193921 15
193966 126
194001 4
194023 101
194043 116
194050 120
194064 113
194088 59
194088 30
194092 30
194094 127
194106 47
194127 1
194152 66
194179 104
194195 68
194221 63
194256 67
194274 125
194306 16
194320 15
194360 56
194377 79
194396 18
194415 100
194449 47
194481 1
194487 30
194520 86
194556 120
194567 52
194592 59
194633 99
194674 97
194702 94
194710 44
194736 108
194772 124
194811 74
194828 45
194828 80
194859 82
194868 39
194906 122
194924 46
194945 94
194980 43
194996 42
195037 37
195047 35
195064 65
195097 65
195122 61
195153 44
195155 107
195197 107
195226 56
195245 10
195288 42
195320 96
195364 17
195408 108
195412 96
195431 110
195438 66
195455 113
195490 56
195501 23
195517 4
195521 42
195535 38
195559 13
195600 8
195619 119
195649 32
195660 9
195699 103
195717 65
195751 88
195788 68
195804 105
195817 62
195855 4
195866 81
195877 38
195908 103
195936 118
195941 40
195980 60
196001 50
196040 105
196075 115
196101 110
196122 110
196167 53
196209 112
196215 106
196228 21
196249 103
196291 127
196317 101
196349 114
196374 1
196405 93
196435 78
196467 85
196490 5
196503 94
196539 27
196555 125
196589 10
196600 66
196602 95
196621 67
196644 35
196662 105
196696 44
196712 85
196719 97
196747 3
196749 54
196756 70
196764 124
196801 36
196833 76
196877 111
196884 15
196906 47
196942 40
196980 115
196988 1
197015 88
197059 31
197068 104
197086 8
197124 70
197165 11
197198 11
197226 19
197235 40
197269 68
197273 103
197308 21
197314 114
197333 117
197357 71
197376 71
197377 98
197380 14
197406 107
197413 20
197436 101
197461 77
197464 40
197470 84
197493 58
197511 8
197544 53
197550 119
197567 56
197612 10
197614 43
197640 46
197652 1
197657 68
197662 11
197683 122
197686 18
197708 26
197720 46
197752 64
197755 86
197790 22
197793 9
197815 29
197850 96
197865 30
197907 5
197948 60
197978 61
198000 4
198009 65
198011 96
198042 33
198066 3
198083 13
198121 43
198150 111
198162 91
198164 17
198198 54
198206 6
198242 120
198275 107
198304 121
198331 122
198348 9
198356 19
198358 1
198395 103
198401 10
198423 31
198444 10
198469 1
198476 120
198507 85
198551 55
198586 19
198618 5
198622 35
198642 125
198650 57
198695 43
198716 39
198748 60
198774 33
198816 29
198852 74
198856 119
198890 119
198927 23
198947 58
198964 103
198994 102
199030 5
199036 76
199075 73
199101 78
199119 37
199148 100
199180 12
199192 103
199235 56
199262 6
199277 30
199283 11
199324 41
199347 59
199387 112
199415 15
199457 61
199489 72
199511 11
199554 54
199588 54
199633 9
199663 75
199689 110
199695 2
199713 96
199755 107
199757 118
199767 123
199790 55
199805 23
199844 115
199882 112
199903 99
199928 105
199952 39
199994 17
200014 65
200059 55
200089 84
200112 14
200151 103
200177 51
200211 120
200234 40
200272 53
200308 127
200348 28
200373 10
200391 122
200400 52
200424 83
200431 80
200470 107
200476 18
200509 109
200525 75
200526 126
200535 114
200576 52
200597 23
200600 40
200637 113
200652 113
200666 116
200700 34
200719 36
200732 60
200767 104
200800 56
200803 27
200811 73
200825 47
200853 94
200865 44
200880 53
200893 101
200893 96
200928 106
200968 54
200988 81
201012 44
201041 54
201055 115
201060 87
201061 119
201075 109
201102 3
201108 122
201111 75
201130 54
201145 90
201167 111
201199 111
201208 79
201239 36
201256 102
201265 80
201290 97
201307 123
201339 30
201365 114
201390 44
201404 44
201436 8
201470 86
201498 103
201512 106
201522 53
201565 124
201610 121
201654 13
201679 17
201705 3
201727 38
201771 60
201779 73
201779 32
201810 106
201825 22
201868 47
201882 9
201884 14
201906 51
201919 88
201943 113
201956 87
201959 62
201969 101
201986 119
202030 43
202059 82
202096 109
202114 125
202141 37
202169 13
202173 45
202191 59
202191 124
202209 14
202232 125
202266 49
202266 15
202306 69
202346 66
202353 16
202359 126
202381 22
202417 93
202449 45
202454 39
202493 2
202538 73
202551 111
202579 120
202588 31
202595 100
202633 99
202675 11
202680 73
202721 3
202727 7
202761 45
202782 33
202822 104
202829 39
202840 81
202858 50
202860 91
202902 37
202926 105
202959 103
202999 15
203014 102
203027 13
203071 98
203105 86
203144 120
203164 107
203194 65
203217 24
203244 78
203262 21
203262 86
203288 20
203318 36
203331 51
203369 7
203392 120
203396 23
203438 2
203440 22
203441 2
203447 116
203454 20
203483 28
203525 28
203538 100
203564 111
203580 40
203582 64
203590 41
203603 78
203609 41
203622 110
203650 22
203676 27
203712 66
203741 1
203753 65
203797 19
203811 71
203845 63
203888 61
203901 126
203907 82
203939 1
203978 56
203980 29
204015 1
204036 82
204045 127
204062 114
204104 3
204121 93
204124 7
204125 44
204146 125
204183 122
204209 9
204234 30
204253 10
204296 5
204328 117
204369 70
204371 69
204411 36
204444 43
204469 54
204476 108
204519 94
204544 106
204552 85
204558 16
204597 127
204637 67
204645 70
204650 95
204672 73
204691 17
204726 55
204758 49
204781 26
204786 55
204809 92
204838 112
204864 35
204895 13
204895 64
204906 123
204917 11
204955 37
204955 40
204984 30
205023 61
205056 16
205056 4
205077 60
205083 18
205108 61
205127 58
205136 126
205168 27
205191 46
205226 118
205232 90
205250 123
205277 98
205297 77
205336 52
205380 9
205424 110
205436 55
205450 113
205458 97
205475 43
205475 22
205520 57
205529 3
205546 9
205567 74
205572 72
205588 95
205614 110
205618 97
205622 103
205642 68
205679 116
205679 53
205713 67
205731 41
205757 18
205792 24
205832 19
205873 28
205913 61
205948 96
205953 82
205998 55
206006 59
206026 89
206034 18
206034 42
206052 76
206066 97
206069 67
206077 101
206077 42
206090 121
206102 111
206130 5
206139 82
206149 34
206191 26
206213 40
206213 121
206213 1
206220 92
206226 31
206248 7
206290 7
206304 51
206344 72
206370 50
206387 115
206422 37
206452 80
206454 101
206474 100
206497 111
206531 81
206570 126
206581 93
206618 79
206663 57
206692 97
206698 35
206699 70
206712 70
206725 100
206761 94
206790 115
206790 39
206798 124
206843 64
206870 54
206900 66
206923 25
206923 24
206929 8
206971 35
207008 121
207012 29
207046 33
207090 12
207112 11
207119 35
207145 115
207160 24
207183 82
207185 9
207217 61
207223 114
207264 125
207269 99
207283 20
207324 99
207331 21
207369 5
207386 118
207418 102
207449 25
207490 116
207518 31
207550 62
207586 110
207631 15
207676 89
207720 71
207751 72
207756 88
207773 49
207791 14
207798 80
207798 27
207799 84
207832 19
207860 2
207903 120
207926 108
207931 79
207973 66
207987 37
207996 19
208001 93
208027 84
208033 115
208052 109
208064 113
208083 124
208113 42
208143 83
208176 42
208212 51
208253 40
208292 89
208296 85
208318 119
208318 13
208354 116
208362 22
208385 81
208395 88
208417 112
208445 56
208471 49
208485 35
208496 79
208521 80
208527 119
208529 39
208569 4
208572 10
208576 49
208600 53
208604 84
208612 10
208644 114
208660 83
208686 125
208724 12
208765 62
208789 57
208797 88
208815 89
208841 64
208874 85
208908 108
208913 36
208926 75
208948 32
208955 125
208992 89
209026 83
209058 59
209093 118
209111 94
209151 23
209163 57
209182 91
209206 69
209244 110
209249 42
209293 35
209318 57
209346 32
209362 4
209363 85
209400 43
209403 40
209414 16
209436 9
209445 89
209476 3
209481 10
209524 11
209543 94
209544 24
209548 113
209550 100
209586 110
209588 126
209611 57
209650 6
209683 45
209720 119
209762 59
209765 5
209793 45
209796 30
209805 92
209831 4
209865 118
209895 29
209895 11
209920 31
209962 105
209971 31
210014 2
210044 112
210088 51
210093 81
210122 43
210157 83
210166 54
210190 14
210222 103
210229 114
210269 20
210279 105
210310 20
210349 121
210370 26
210381 84
210386 51
210406 75
210444 122
210486 83
210486 59
210504 58
210531 113
210559 117
210596 3
210620 27
210639 8
210670 117
210673 78
210680 99
210715 86
210732 74
210768 126
210772 120
210817 106
210862 73
210881 6
210884 115
210917 87
210943 6
210980 64
211021 33
211025 27
211069 93
211100 13
211113 117
211123 96
211148 100
211183 107
211184 37
211206 76
211241 52
211272 6
211310 37
211321 89
211363 94
211405 6
211425 89
211449 58
211490 83
211521 78
211563 47
211583 50
211594 57
211613 60
211634 100
211666 116
211689 55
211709 102
211711 79
211727 7
211770 3
211796 115
211810 75
211821 4
211840 25
211846 43
211889 22
211889 117
211922 96
211939 18
211970 48
211981 22
211989 127
212003 80
212045 96
212069 27
212080 49
212111 28
212114 40
212115 17
212119 117
212133 24
212161 40
212176 36
212199 90
212199 103
212206 24
212242 112
212261 76
212298 21
212314 113
212327 68
212330 17
212362 126
212374 50
212409 103
212432 109
212451 35
212472 105
212507 61
212551 64
212560 114
212563 20
212567 100
212596 9
212601 102
212627 71
212666 9
212695 48
212733 119
212765 111
212785 49
212791 41
212793 78
212801 100
212827 82
212827 30
212840 55
212840 34
212861 103
212880 69
212914 96
212928 109
212958 120
213000 3
213035 83
213054 38
213096 86
213141 60
213148 84
213163 96
213198 119
213219 122
213225 14
213267 90
213298 125
213336 80
213379 50
213403 35
213409 96
213446 40
213465 12
213492 92
213494 47
213519 84
213548 97
213550 92
213585 15
213603 41
213636 19
213676 31
213717 117
213747 19
213747 114
213757 93
213795 29
213816 120
213837 101
213855 63
213870 110
213889 84
213906 92
213935 93
213946 98
213949 51
213965 8
213991 35
214019 52
214033 123
214040 119
214044 48
214057 101
214064 43
214075 85
214081 23
214098 91
214110 11
214153 54
214193 54
214194 127
214203 13
214244 9
214244 78
214246 77
214246 80
214277 53
214320 22
214335 97
214353 84
214398 52
214403 16
214427 1
214432 56
214439 27
214482 126
214491 118
214515 115
214516 52
214520 97
214558 40
214576 6
214580 79
214606 93
214646 19
214691 72
214714 5
214721 25
214764 4
214802 34
214807 49
214830 41
214872 108
214913 8
214928 85
214934 20
214965 53
215004 126
215020 30
215021 78
215035 123
215068 41
215083 39
215115 4
215140 119
215143 117
215167 121
215174 49
215215 9
215233 107
215254 103
215266 73
215277 57
215312 52
215357 106
215378 109
215397 74
215408 70
215433 59
215441 95
215485 82
215502 77
215508 80
215527 119
215547 48
215585 13
215598 65
215633 124
215643 51
215643 110
215678 23
215695 54
215712 38
215737 72
215741 34
215746 13
215767 10
215784 3
215804 110
215842 57
215857 5
215881 11
215905 65
215936 93
215939 44
215966 87
215998 7
216009 19
216022 119
216050 58
216062 110
216091 81
216136 12
216160 38
216163 108
216165 92
216186 55
216227 67
216229 67
216272 58
216281 116
216314 6
216344 90
216356 38
216386 98
216416 20
216459 11
216462 115
216484 29
216528 21
216568 19
216575 25
216592 3
216610 74
216643 81
216646 101
216678 12
216707 26
216751 35
216751 26
216761 61
216805 123
216818 91
216857 74
216875 103
216915 94
216953 23
216974 63
216975 82
216999 114
217009 86
217036 40
217078 2
217122 30
217149 69
217152 78
217167 48
217191 123
217200 34
217200 36
217238 5
217272 100
217304 87
217331 121
217339 3
217349 111
217377 112
217389 6
217405 113
217408 121
217426 32
217471 19
217489 67
217506 14
217540 18
217546 42
217559 82
217564 31
217572 111
217607 63
217612 51
217651 103
217672 57
217700 123
217725 51
217764 86
217774 75
217814 74
217828 53
217857 17
217899 33
217931 91
217938 95
217965 15
217975 21
217995 114
218001 44
218003 26
218024 89
218054 58
218078 94
218107 122
218135 98
218161 109
218165 45
218199 11
218201 5
218219 92
218221 59
218240 102
218277 44
218321 34
218347 93
218348 24
218383 127
218412 119
218427 53
218429 107
218443 62
218446 62
218460 78
218473 77
218501 53
218529 17
218558 89
218566 121
218586 25
218631 21
218632 73
218670 11
218711 6
218724 94
218748 95
218776 117
218781 51
218782 39
218822 113
218862 51
218890 75
218908 45
218951 114
218982 71
219001 58
219004 14
219043 126
219073 76
219074 12
219110 72
219116 72
219146 2
219181 55
219183 32
219202 105
219213 47
219258 110
219264 25
219285 99
219306 105
219306 104
219325 50
219357 65
219366 123
219408 88
219418 43
219422 29
219424 20
219426 75
219466 90
219492 116
219509 89
219528 104
219534 48
219553 104
219594 89
219607 67
219624 34
219664 111
219671 121
219708 33
219749 68
219770 124
219801 17
219804 101
219839 66
219844 19
219875 21
219898 59
219942 114
219945 43
219973 75
220000 53
220026 85
220059 91
220073 16
220085 107
220100 77
220119 94
220122 7
220164 125
220171 8
220186 53
220227 83
220228 126
220262 87
220268 105
220295 127
220310 117
220326 43
220344 32
220385 64
220390 45
220408 23
220438 4
220451 13
220493 3
220505 100
220523 47
220558 62
220601 123
220623 17
220660 85
220687 122
220690 28
220709 31
220727 86
220765 67
220772 60
220782 73
220801 28
220841 92
220860 44
220897 38
220907 12
220919 93
220919 24
220953 75
220954 10
220961 40
220984 120
221001 51
221016 125
221049 78
221049 6
221078 61
221097 46
221136 126
221171 25
221213 17
221222 43
221254 56
221297 89
221319 53
221319 56
221337 18
221369 48
221382 37
221403 80
221418 6
221445 96
221447 47
221489 19
221524 97
221548 42
221566 66
221579 62
221614 57
221622 90
221630 62
221644 112
221680 96
221696 43
221703 59
221740 88
221785 13
221796 51
221810 9
221824 92
221835 19
221855 100
221877 4
221893 15
221925 95
221930 105
221950 124
221951 62
221985 117
222016 10
222044 97
222078 15
222080 115
222100 113
222135 125
222143 48
222171 118
222211 3
222235 44
222258 51
222281 125
222310 59
222311 5
222317 14
222319 89
222354 36
222385 80
222430 106
222467 54
222475 13
222491 38
222536 43
222543 27
222554 75
222561 15
222592 85
222619 78
222653 32
222680 108
222680 65
222693 73
222707 19
222709 28
222723 37
222728 9
222735 10
222744 30
222773 87
222782 91
222826 105
222832 21
222849 42
222881 30
222912 98
222933 28
222969 115
223002 123
223034 97
223067 69
223070 38
223111 59
223111 19
223134 11
223171 111
223178 89
223187 8
223196 6
223229 110
223265 71
223287 56
223309 111
223332 40
223371 43
223412 102
223432 48
223469 52
223497 95
223498 48
223508 19
223520 70
223528 117
223559 24
223575 81
223594 104
223616 91
223639 43
223661 58
223700 36
223718 28
223731 99
223742 49
223783 46
223786 68
223792 27
223809 59
223817 68
223860 87
223895 57
223930 112
223946 21
223958 69
223999 73
224043 86
224049 88
224068 45
224074 31
224094 42
224105 94
224107 91
224135 16
224177 89
224198 28
224225 84
224253 24
224269 61
224303 90
224321 45
224358 44
224387 37
224427 99
224470 98
224502 58
224527 74
224561 78
224581 22
224623 43
224634 124
224654 48
224682 37
224697 24
224736 99
224766 94
224767 78
224784 60
224821 115
224855 3
224888 15
224903 95
224911 116
224945 68
224952 90
224989 21
225023 1
225031 15
225032 92
225059 51
225087 53
225116 75
225118 75
225129 16
225141 121
225170 112
225170 126
225172 62
225217 86
225249 93
225263 40
225279 118
225320 16
225357 11
225365 72
225380 111
225400 73
225441 98
225473 9
225513 68
225525 1
225567 96
225592 28
225631 97
225636 82
225657 123
225660 119
225685 76
225691 31
225693 76
225705 48
225747 77
225779 124
225820 116
225846 41
