28 11
60 63
79 67
113 14
121 70
155 127
177 89
213 119
213 88
223 9
263 92
303 113
330 101
368 74
404 21
440 5
441 87
479 87
522 48
559 5
577 77
621 109
623 88
655 59
688 25
729 111
761 67
775 13
802 68
833 62
853 65
875 110
900 67
937 62
950 90
992 81
1018 61
1021 65
1046 88
1051 93
1067 121
1082 26
1100 7
1121 45
1138 121
1153 103
1193 7
1217 39
1235 46
1242 92
1267 28
1292 31
1324 30
1333 81
1351 62
1377 114
1397 105
1415 124
1429 5
1431 77
1440 18
1480 99
1482 9
1494 35
1526 68
1527 96
1565 64
1594 88
1607 82
1631 119
1643 50
1643 8
1682 111
1715 97
1751 112
1759 16
1772 40
1790 119
1800 75
1843 91
1856 42
1889 27
1898 84
1917 98
1938 24
1939 126
1966 112
2007 69
2016 78
2049 90
2055 60
2091 18
2130 44
2132 9
2171 100
2205 114
2220 16
2239 64
2262 34
2266 37
2272 33
2296 60
2337 86
2357 116
2372 25
2394 81
2401 108
2439 11
2476 32
2498 108
2541 5
2558 75
2570 116
2599 26
2633 74
2672 1
2683 69
2701 47
2703 62
2735 117
2768 30
2786 75
2809 109
2846 96
2889 118
2919 55
2946 110
2952 1
2964 22
3009 110
3037 18
3049 18
3058 53
3076 72
3078 1
3100 8
3141 111
3181 41
3217 52
3229 94
3270 63
3280 90
3299 8
3325 124
3344 101
3369 20
3414 111
3436 35
3479 28
3518 4
3558 99
3581 121
3625 46
3660 56
3681 98
3694 64
3737 33
3773 50
3807 12
3852 110
3885 2
3889 14
3897 64
3923 1
3967 99
4009 77
4043 67
4071 97
4082 55
4107 68
4111 106
4138 73
4165 4
4190 64
4225 110
4257 71
4276 34
4296 5
4338 122
4363 74
4369 72
4384 112
4412 77
4456 106
4496 44
4509 123
4530 118
4546 84
4559 25
4604 83
4607 26
4651 115
4662 125
4707 16
4717 111
4743 29
4786 75
4793 63
4826 91
4865 96
4883 56
4884 52
4910 99
4941 76
4956 9
5000 100
5038 39
5063 51
5088 10
5121 122
5139 110
5157 15
5169 59
5183 90
5216 64
5228 88
5228 105
5258 4
5282 32
5284 52
5317 113
5335 98
5343 49
5357 8
5397 42
5435 96
5457 30
5499 50
5513 23
5530 28
5558 113
5600 101
5626 32
5648 122
5686 99
5719 28
5742 70
5757 7
5757 62
5780 69
5817 106
5854 49
5892 40
5926 92
5940 85
5966 17
6001 28
6024 50
6069 124
6093 8
6126 8
6127 22
6163 63
6171 102
6183 103
6205 127
6215 9
6215 21
6225 27
6232 95
6245 31
6279 72
6319 63
6323 74
6325 61
6332 61
6369 43
6377 13
6391 46
6426 109
6426 111
6445 25
6457 102
6460 65
6499 22
6505 48
6548 48
6566 20
6595 36
6628 39
6628 46
6653 46
6665 28
6674 60
6687 24
6706 85
6723 98
6759 40
6791 46
6805 32
6843 41
6848 88
6883 15
6901 111
6928 67
6942 45
6964 57
6994 1
6998 32
7020 22
7052 109
7081 105
7101 29
7123 92
7162 116
7197 111
7212 43
7237 104
7245 16
7277 77
7313 29
7344 10
7368 59
7391 100
7401 70
7406 109
7410 79
7420 40
7422 60
7439 127
7453 57
7480 18
7522 10
7535 40
7573 14
7597 54
7617 26
7651 105
7651 21
7653 40
7692 70
7717 119
7750 90
7769 107
7813 98
7823 52
7850 28
7894 45
7901 28
7903 108
7937 74
7963 24
7978 13
7990 40
7993 37
8028 82
8066 94
8100 2
8110 45
8142 90
8165 45
8203 60
8231 96
8276 42
8316 23
8355 111
8366 112
8375 17
8405 22
8428 93
8428 63
8444 125
8477 19
8508 22
8516 113
8548 45
8580 80
8608 25
8624 61
8647 125
8685 88
8714 124
8721 69
8754 90
8764 6
8768 58
8774 83
8801 77
8809 85
8809 108
8849 124
8876 17
8876 78
8901 119
8930 108
8957 31
8980 112
9009 42
9044 87
9088 50
9104 124
9146 106
9166 102
9178 123
9219 40
9235 123
9248 49
9265 27
9270 27
9293 35
9302 91
9305 4
9332 75
9347 7
9363 41
9377 94
9417 75
9457 56
9491 21
9526 61
9566 77
9596 31
9627 60
9642 9
9685 32
9698 75
9732 89
9746 82
9791 110
9821 100
9843 93
9863 58
9867 104
9888 53
9901 80
9936 105
9980 102
10000 114
10031 126
10036 117
10036 8
10058 30
10067 102
10101 54
10128 61
10163 48
10189 9
10199 89
10239 13
10268 55
10305 71
10329 46
10359 69
10398 52
10439 86
10443 83
10469 21
10510 125
10527 66
10533 97
10540 115
10559 11
10594 75
10607 21
10638 62
10639 38
10654 40
10678 31
10695 18
10719 118
10755 21
10772 110
10812 85
10817 48
10828 112
10857 25
10879 37
10918 87
10939 34
10949 111
10971 53
10995 90
11037 35
11061 21
11100 2
11126 71
11165 49
11205 66
11249 125
11293 14
11296 24
11329 3
11345 67
11356 49
11399 31
11419 76
11451 23
11472 54
11490 48
11512 26
11528 50
11536 47
11562 109
11607 49
11637 69
11646 102
11672 45
11715 120
11758 21
11758 47
11758 86
11774 53
11813 125
11832 43
11845 14
11872 110
11888 98
11921 21
11959 125
11966 27
11987 7
12008 115
12025 113
12051 32
12087 77
12130 50
12156 103
12188 86
12201 123
12231 76
12256 21
12291 94
12305 27
12315 4
12347 49
12351 112
12372 1
12387 118
12401 114
12443 3
12486 122
12515 127
12551 8
12570 123
12614 71
12627 117
12643 75
12647 9
12674 59
12689 98
12696 39
12696 125
12741 55
12755 19
12790 51
12799 123
12843 47
12864 33
12865 49
12882 108
12922 107
12935 46
12962 51
12972 105
12982 6
12997 7
13028 6
13039 107
13054 59
13098 59
13137 58
13139 11
13169 10
13208 111
13226 31
13246 20
13266 79
13267 43
13312 112
13344 6
13385 46
13430 29
13469 60
13484 40
13517 75
13519 26
13531 40
13565 1
13596 82
13632 76
13670 110
13715 77
13733 95
13757 94
13780 123
13804 33
13818 18
13831 4
13865 35
13901 42
13938 120
13947 126
13965 75
13996 44
14019 9
14032 82
14073 65
14085 44
14123 80
14150 83
14163 10
14174 77
14185 18
14193 49
14203 95
14244 74
14255 85
14271 108
14303 98
14321 83
14346 18
14383 68
14384 114
14426 25
14455 59
14493 115
14493 27
14520 88
14537 17
14545 10
14583 10
14621 77
14656 41
14660 106
14695 36
14716 16
14737 67
14770 70
14797 4
14807 12
14818 84
14818 82
14859 106
14897 11
14937 44
14978 55
14995 34
15004 90
15007 33
15013 84
15042 103
15053 22
15076 48
15105 106
15113 30
15151 52
15176 53
15188 8
15203 61
15216 18
15236 86
15259 79
15262 25
15284 91
15290 16
15331 89
15332 125
15336 120
15339 49
15365 37
15380 114
15416 11
15435 114
15446 87
15458 4
15500 118
15524 33
15560 87
15575 116
15592 106
15593 44
15604 45
15621 40
15658 26
15680 33
15691 65
15722 47
15749 105
15786 122
15810 122
15850 120
15890 44
15910 50
15917 81
15961 90
15984 63
15986 73
16031 91
16057 119
16058 41
16092 10
16123 14
16155 105
16172 57
16208 89
16229 74
16254 38
16261 117
16267 71
16293 98
16319 28
16345 101
16368 45
16404 13
16427 5
16457 7
16500 117
16509 40
16539 52
16573 102
16613 119
16624 9
16626 2
16667 37
16693 28
16723 71
16767 120
16809 53
16850 66
16876 85
16918 20
16922 99
16944 116
16968 90
16984 15
17022 75
17051 86
17060 29
17075 56
17079 92
17114 1
17128 54
17151 6
17180 14
17202 124
17204 62
17242 108
17270 12
17275 22
17284 45
17323 91
17332 120
17355 127
17371 105
17377 2
17406 16
17414 62
17441 20
17446 26
17479 21
17490 34
17533 53
17561 31
17587 54
17605 117
17607 54
17609 22
17646 99
17650 57
17693 41
17703 26
17747 15
17771 32
17779 71
17806 58
17808 119
17838 20
17862 13
17869 77
17894 32
17898 62
17928 70
17962 23
17994 103
18031 11
18036 107
18048 64
18058 53
18097 20
18134 113
18136 102
18181 71
18218 79
18260 3
18273 101
18312 35
18345 54
18375 11
18384 111
18419 90
18462 84
18470 19
18496 112
18518 81
18559 33
18580 56
18623 57
18649 88
18676 12
18696 72
18699 34
18739 30
18778 57
18820 7
18862 48
18894 60
18916 118
18939 65
18974 18
18997 53
19019 122
19046 65
19054 72
19065 57
19099 106
19136 14
19150 46
19192 85
19203 118
19222 10
19222 85
19253 35
19257 3
19276 57
19290 69
19313 64
19316 37
19324 59
19345 22
19373 66
19387 16
19414 118
19452 30
19464 4
19509 91
19519 98
19530 10
19561 31
19580 69
19604 71
19608 12
19645 72
19656 111
19677 46
19695 126
19740 50
19761 76
19780 119
19804 55
19807 67
19826 68
19832 26
19874 15
19892 126
19907 8
19916 16
19938 11
19959 83
19964 51
19988 51
19988 5
20011 13
20023 86
20033 104
20048 115
20083 45
20099 29
20099 127
20137 49
20166 10
20173 54
20175 8
20203 83
20240 107
20247 96
20249 31
20260 110
20284 36
20313 103
20336 106
20371 73
20387 4
20409 3
20420 18
20451 17
20493 110
20526 35
20565 116
20608 42
20633 37
20648 38
20671 14
20680 32
20706 33
20728 17
20739 119
20748 33
20758 82
20791 79
20811 101
20839 36
20878 78
20901 35
20942 17
20957 98
20980 9
21019 19
21058 67
21067 126
21104 93
21138 86
21146 60
21166 67
21203 74
21225 4
21248 95
21264 32
21264 120
21302 104
21339 15
21366 9
21382 11
21399 100
21431 114
21445 24
21478 55
21487 6
21518 112
21542 72
21542 14
21563 31
21606 85
21625 104
21635 45
21641 33
21680 80
21696 89
21722 73
21758 7
21764 5
21773 34
21786 31
21815 84
21828 121
21872 24
21899 85
21903 50
21924 114
21948 1
21955 89
21961 110
22006 77
22042 18
22047 10
22066 108
22076 21
22085 55
22102 78
22128 100
22145 113
22188 84
22200 43
22235 46
22261 94
22281 39
22319 88
22345 87
22358 5
22366 60
22379 125
22404 54
22428 15
22450 52
22491 14
22500 45
22524 31
22568 99
22605 86
22625 10
22648 81
22689 31
22698 19
22714 125
22724 51
22761 50
22777 23
22817 120
22840 92
22855 48
22896 56
22927 69
22935 85
22948 110
22982 53
23020 43
23062 84
23102 115
23138 36
23162 10
23199 10
23213 76
23252 67
23260 2
23264 80
23298 88
23317 95
23362 63
23388 35
23419 111
23459 117
23473 93
23517 111
23559 56
23599 16
23617 83
23651 39
23684 9
23706 61
23737 122
23780 65
23796 53
23800 93
23825 69
23828 123
23859 40
23884 96
23892 115
23896 114
23937 92
23960 89
23985 119
24020 50
24057 60
24098 44
24112 120
24133 8
24177 91
24179 97
24212 84
24212 41
24223 57
24232 66
24268 62
24289 123
24329 126
24338 114
24370 103
24379 116
24424 45
24452 127
24478 107
24489 115
24521 35
24566 119
24611 71
24625 84
24643 79
24683 104
24701 46
24703 29
24715 49
24755 24
24772 17
24786 77
24817 4
24846 101
24884 74
24928 50
24962 66
25005 19
25009 94
25044 38
25075 1
25115 119
25123 70
25140 8
25144 81
25158 14
25189 7
25223 33
25223 25
25231 32
25235 31
25272 78
25290 34
25326 126
25371 18
25385 30
25413 36
25425 31
25438 88
25475 27
25481 124
25482 39
25485 21
25503 110
25520 42
25555 27
25555 10
25592 15
25602 14
25638 40
25645 39
25677 114
25711 78
25719 55
25722 6
25729 79
25774 80
25787 127
25789 26
25799 60
25809 63
25820 98
25820 28
25839 57
25874 109
25886 111
25894 80
25910 72
25918 101
25960 61
26000 99
26040 126
26082 94
26093 54
26097 116
26106 86
26122 31
26148 83
26159 21
26164 33
26194 43
26234 29
26250 121
26253 98
26255 113
26295 54
26300 53
26311 18
26322 17
26349 59
26386 113
26431 111
26449 111
26491 46
26530 122
26574 89
26612 79
26630 15
26643 101
26656 101
26669 39
26687 120
26713 95
26737 56
26742 21
26743 41
26761 93
26800 75
26834 73
26842 2
26886 88
26915 84
26958 111
26978 90
26981 9
27002 126
27044 31
27088 97
27110 68
27120 50
27129 76
27158 46
27159 94
27185 24
27218 54
27248 48
27293 62
27338 121
27350 122
27366 95
27393 18
27422 6
27467 17
27498 77
27541 98
27561 109
27598 50
27615 9
27627 32
27665 120
27665 39
27705 111
27735 60
27748 47
27752 115
27797 44
27799 95
27822 42
27825 105
27868 28
27871 6
27874 9
27890 120
27892 22
27933 15
27977 109
28012 99
28042 50
28063 58
28092 8
28137 116
28180 55
28212 55
28217 8
28250 68
28258 15
28269 103
28285 48
28312 69
28352 65
28384 59
28404 88
28417 79
28419 13
28459 2
28471 41
28503 110
28541 83
28546 112
28551 32
28572 88
28583 118
28604 39
28624 17
28640 123
28663 112
28697 23
28709 56
28742 49
28780 42
28816 74
28855 46
28875 26
28897 101
28920 4
28928 28
28954 2
28961 77
28984 50
29008 85
29024 4
29059 99
29087 61
29129 39
29171 76
29189 13
29199 12
29203 109
29207 63
29248 50
29260 10
29288 49
29315 94
29343 76
29354 101
29354 87
29378 101
29398 46
29430 91
29448 54
29482 35
29485 120
29522 67
29554 46
29568 90
29587 22
29612 88
29656 4
29689 34
29700 74
29709 117
29710 22
29737 95
29738 12
29764 111
29773 26
29797 122
29816 55
29849 59
29892 8
29914 56
29947 79
29985 51
30016 92
30023 103
30023 2
30031 23
30047 16
30072 112
30086 13
30112 47
30113 31
30128 49
30158 8
30198 72
30210 7
30244 58
30251 31
30292 63
30310 7
30341 12
30384 74
30385 126
30414 110
30437 86
30478 57
30514 120
30519 83
30528 76
30538 125
30578 67
30617 65
30652 18
30695 85
30710 76
30740 124
30771 114
30785 43
30801 91
30830 85
30844 77
30846 116
30847 21
30891 69
30908 82
30949 50
30989 41
30996 87
31025 85
31070 78
31088 86
31121 59
31131 111
31175 68
31208 38
31253 68
31271 124
31272 127
31282 66
31289 91
31321 108
31323 47
31356 36
31367 62
31411 96
31448 61
31474 108
31488 66
31519 15
31540 77
31584 11
31616 25
31648 63
31673 36
31680 119
31723 71
31763 82
31788 45
31792 44
31795 127
31804 14
31830 64
31840 120
31862 23
31893 30
31908 23
31909 31
31940 73
31969 37
31981 112
31984 4
32012 84
32016 71
32050 53
32089 68
32091 102
32126 109
32162 73
32194 100
32213 19
32240 90
32258 124
32281 118
32312 43
32331 61
32333 48
32350 85
32379 38
32422 42
32445 102
32461 122
32466 122
32495 28
32496 56
32536 112
32570 29
32609 36
32629 35
32659 99
32688 6
32715 29
32748 118
32772 18
32805 13
32808 18
32832 68
32849 23
32890 122
32928 28
32941 46
32960 59
32969 99
33010 37
33028 24
33048 121
33059 28
33103 47
33142 67
33166 16
33190 74
33205 53
33237 39
33241 103
33254 12
33258 5
33282 85
33301 50
33342 87
33366 108
33394 17
33430 95
33462 101
33474 76
33482 117
33489 42
33498 38
33542 66
33573 117
33613 51
33644 14
33657 116
33688 3
33706 40
33728 29
33737 78
33769 15
33813 114
33836 125
33838 8
33881 82
33884 18
33928 106
33973 21
33978 80
33988 68
34016 23
34026 84
34036 123
34063 48
34091 54
34098 12
34138 8
34172 7
34173 42
34210 80
34246 100
34287 7
34323 54
34345 74
34379 36
34390 81
34415 124
34415 80
34440 6
34454 113
34454 3
34485 12
34517 90
34550 13
34561 10
34592 98
34607 21
34622 24
34641 91
34649 94
34651 113
34670 101
34683 54
34685 37
34703 35
34706 94
34716 121
34741 22
34751 56
34774 116
34797 97
34830 75
34860 89
34871 39
34899 123
34915 79
34947 94
34975 21
35014 16
35045 10
35052 110
35081 17
35088 127
35092 59
35106 96
35134 53
35178 20
35182 90
35223 78
35231 106
35249 8
35287 109
35331 38
35361 65
35405 71
35430 11
35471 36
35487 40
35518 107
35537 110
35568 75
35581 110
35584 34
35614 96
35639 124
35643 21
35682 75
35718 31
35746 98
35758 98
35801 63
35838 36
35850 51
35852 16
35884 39
35918 2
35929 28
35941 74
35966 17
35990 124
35998 12
36033 115
36061 38
36074 41
36116 125
36157 103
36167 67
36207 116
36224 10
36231 110
36254 10
36266 92
36266 79
36309 38
36330 34
36339 109
36369 91
36371 10
36389 104
36410 64
36412 17
36452 91
36492 121
36516 106
36553 125
36589 123
36609 2
36635 92
36640 58
36651 31
36670 2
36692 127
36703 6
36726 41
36740 73
36776 97
36796 18
36805 93
36833 119
36835 16
36860 91
36895 124
36927 124
36939 42
36983 23
37019 47
37049 53
37084 71
37107 47
37141 54
37164 124
37178 104
37220 59
37228 124
37260 120
37296 60
37318 48
37360 122
37373 96
37408 27
37422 92
37446 47
37481 32
37521 25
37528 102
37570 44
37615 36
37634 118
37667 86
37678 114
37715 75
37744 70
37764 121
37780 126
37802 3
37808 15
37831 107
37869 20
37894 85
37921 71
37966 46
38009 114
38036 108
38081 34
38100 87
38133 43
38172 73
38174 100
38186 47
38215 48
38251 99
38286 105
38329 70
38329 10
38366 53
38395 87
38425 46
38454 116
38456 116
38462 68
38480 19
38482 12
38492 120
38493 126
38525 106
38540 11
38545 56
38566 85
38584 21
38598 25
38625 17
38629 6
38648 102
38658 124
38671 49
38695 61
38738 26
38748 111
38781 89
38789 60
38821 42
38826 43
38844 60
38871 105
38890 9
38900 49
38934 47
38948 21
38993 96
39030 58
39053 117
39063 80
39079 70
39111 11
39112 83
39135 43
39180 36
39191 122
39229 4
39260 81
39260 45
39275 28
39281 40
39313 111
39328 5
39342 48
39375 65
39379 111
39412 62
39418 95
39428 96
39443 91
39456 108
39493 118
39521 18
39523 28
39561 57
39586 116
39629 26
39641 120
39676 7
39713 104
39757 10
39773 36
39789 68
39833 50
39872 20
39917 59
39920 120
39948 8
39955 8
39996 110
40035 96
40045 106
40080 103
40094 26
40108 46
40111 61
40125 104
40170 71
40175 55
40187 114
40222 12
40231 15
40270 50
40292 23
40308 120
40321 31
40328 34
40351 34
40369 53
40403 37
40429 90
40447 34
40467 110
40495 8
40537 117
40544 85
40579 7
40585 74
40624 39
40649 43
40665 88
40675 47
40706 94
40742 46
40773 96
40810 33
40840 56
40860 98
40901 62
40912 66
40931 58
40955 64
40977 86
41011 102
41030 104
41051 100
41064 46
41098 108
41143 105
41152 26
41154 70
41172 111
41190 22
41228 44
41243 65
41282 92
41319 86
41331 95
41334 73
41334 80
41336 11
41379 33
41421 37
41422 88
41463 86
41470 3
41474 23
41486 45
41501 38
41535 40
41546 104
41575 67
41611 62
41646 15
41688 15
41723 95
41747 53
41754 28
41774 42
41804 53
41811 93
41831 120
41845 88
41876 110
41906 90
41908 127
41928 50
41946 80
41950 127
41992 19
42028 50
42037 79
42071 9
42108 106
42119 51
42124 66
42141 120
42171 65
42183 115
42201 67
42236 88
42259 22
42276 34
42297 75
42302 70
42336 125
42354 104
42359 11
42397 114
42427 77
42455 60
42487 39
42504 9
42540 32
42567 7
42608 67
42608 10
42617 41
42622 44
42626 66
42637 118
42678 108
42691 87
42707 102
42747 65
42777 43
42810 52
42814 33
42855 54
42899 81
42916 79
42937 58
42942 99
42960 111
42979 111
42996 62
42999 113
43024 113
43068 125
43081 81
43118 84
43138 97
43176 70
43200 22
43238 100
43252 76
43288 41
43319 47
43321 92
43330 69
43332 87
43333 111
43378 48
43409 113
43421 8
43434 33
43461 1
43505 57
43519 53
43564 77
43570 101
43585 17
43611 81
43652 32
43676 104
43696 101
43720 36
43759 33
43798 120
43843 118
43844 70
43846 91
43868 113
43886 118
43918 67
43928 124
43955 27
43958 47
43977 27
44006 52
44013 6
44054 16
44088 102
44118 80
44143 120
44150 18
44154 85
44190 105
44212 100
44256 35
44280 92
44317 8
44349 14
44361 31
44365 27
44400 36
44441 88
44482 84
44491 62
44500 4
44519 93
44526 118
44542 14
44554 14
44559 85
44597 11
44619 105
44660 17
44672 56
44695 38
44738 17
44779 74
44809 66
44817 61
44851 14
44891 70
44891 120
44930 16
44941 35
44950 123
44961 111
44988 110
45026 20
45064 84
45109 123
45140 56
45161 56
45172 13
45181 89
45195 10
45237 37
45250 48
45270 50
45290 68
45333 13
45351 107
45377 24
45420 62
45453 95
45458 65
45480 63
45481 22
45496 49
45531 34
45559 72
45582 14
45589 57
45628 14
45633 10
45663 44
45668 123
45684 55
45697 20
45722 88
45746 118
45791 44
45794 9
45810 28
45838 28
45862 107
45896 4
45909 99
45919 64
45919 124
45930 67
45933 66
45934 98
45967 122
45975 97
45990 112
46017 74
46033 50
46045 4
46060 75
46061 18
46066 17
46100 12
46121 53
46129 49
46157 113
46173 55
46189 38
46197 64
46236 30
46247 49
46256 44
46288 53
46331 85
46343 70
46350 68
46378 25
46380 91
46401 76
46409 33
46411 53
46436 13
46471 54
46479 96
46498 4
46509 36
46536 2
46566 50
46573 122
46614 101
46653 48
46680 87
46692 43
46698 113
46700 39
46712 109
46745 42
46749 5
46755 52
46792 18
46820 17
46839 53
46852 82
46856 55
46873 13
46886 35
46908 20
46945 120
46969 12
47014 30
47057 50
47102 8
47131 56
47145 29
47152 104
47190 99
47222 90
47235 64
47240 11
47263 40
47282 125
47299 48
47307 33
47330 88
47333 94
47375 46
47400 127
47435 48
47448 117
47460 12
47460 66
47460 33
47484 75
47487 90
47493 15
47526 63
47549 115
47551 82
47573 124
47604 103
47628 32
47646 52
47670 38
47706 37
47740 52
47778 92
47805 83
47847 62
47848 41
47874 73
47876 73
47905 39
47924 82
47927 67
47938 123
47969 107
47972 19
48009 118
48021 73
48046 21
48087 31
48108 32
48142 25
48144 6
48170 38
48193 95
48219 52
48264 29
48264 46
48300 30
48339 78
48381 37
48384 11
48400 43
48402 93
48415 12
48430 75
48470 34
48510 35
48512 125
48514 32
48527 127
48555 2
48582 26
48622 123
48662 59
48689 86
48699 90
48744 123
48786 103
48822 43
48829 104
48867 124
48892 37
48895 127
48915 68
48939 16
48983 48
49024 99
49032 5
49050 122
49050 101
49067 83
49100 126
49144 78
49154 18
49181 42
49226 23
49245 20
49266 51
49295 115
49326 119
49346 92
49353 33
49385 65
49387 116
49410 48
49454 26
49489 4
49501 61
49522 106
49549 52
49581 60
49606 97
49636 126
49681 97
49695 12
49710 24
49739 59
49748 6
49785 6
49804 54
49831 82
49846 9
49889 106
49902 79
49932 6
49959 99
50000 30
50011 5
50014 46
50056 33
50084 121
50106 95
50140 83
50172 105
50196 44
50196 52
50221 91
50259 103
50285 67
50292 121
50296 113
50336 71
50354 42
50366 122
50410 17
50436 116
50478 50
50505 76
50507 52
50512 12
50538 101
50581 46
50597 52
50614 20
50620 99
50632 86
50661 20
50680 116
50688 29
50711 65
50728 80
50739 121
50771 76
50813 105
50849 112
50878 12
50908 104
50912 107
50953 107
50960 53
50964 86
50984 110
51009 51
51010 118
51031 42
51060 15
51085 98
51112 1
51136 30
51179 119
51185 75
51185 110
51193 84
51235 123
51240 39
51277 39
51302 7
51312 22
51356 125
51369 55
51390 120
51410 36
51430 48
51448 37
51472 93
51498 58
51533 19
51572 100
51605 69
51638 20
51683 79
51693 18
51711 66
51741 4
51767 57
51785 24
51809 40
51827 15
51846 11
51859 2
51895 85
51921 9
51927 22
51948 57
51969 26
51986 86
51991 32
52005 45
52023 106
52055 39
52065 17
52065 97
52101 95
52128 27
52153 53
52188 43
52218 118
52232 69
52266 108
52286 38
52293 57
52327 38
52327 43
52359 34
52386 6
52424 79
52442 10
52480 89
52495 66
52525 103
52529 24
52573 16
52618 95
52641 105
52685 1
52712 82
52727 29
52770 108
52795 51
52810 55
52848 17
52854 25
52869 39
52908 35
52921 53
52928 121
52963 9
52980 109
52993 26
53026 18
53058 41
53099 23
53123 126
53126 8
53171 105
53184 49
53187 77
53226 30
53262 13
53295 39
53308 8
53336 124
53376 57
53378 44
53412 109
53455 127
53498 53
53525 51
53538 127
53543 31
53568 47
53603 38
53645 127
53675 74
53678 126
53678 53
53721 50
53743 30
53762 89
53768 126
53780 8
53808 52
53812 118
53844 2
53850 36
53887 6
53932 113
53960 57
53984 9
53990 29
53993 68
54016 5
54043 41
54086 8
54089 89
54105 23
54140 79
54176 123
54200 57
54220 25
54257 1
54280 32
54318 66
54344 22
54389 49
54395 52
54397 110
54415 16
54433 106
54458 47
54483 75
54506 100
54522 26
54523 5
54559 69
54570 40
54595 40
54622 66
54651 40
54659 70
54687 60
54732 103
54754 4
54779 60
54811 12
54851 72
54878 71
54910 109
54915 51
54923 27
54965 100
55009 37
55029 65
55067 76
55108 51
55125 5
55141 1
55159 80
55160 20
55164 24
55196 15
55215 79
55244 77
55251 104
55285 65
55296 22
55333 33
55351 27
55385 91
55388 88
55419 55
55448 55
55489 35
55499 25
55508 45
55553 92
55581 91
55624 70
55639 92
55645 39
55658 60
55696 36
55696 83
55740 111
55751 47
55760 78
55778 77
55793 83
55822 21
55837 124
55840 54
55870 56
55914 46
55947 103
55970 19
55994 84
56036 117
56049 106
56053 117
56089 63
56118 55
56139 4
56177 17
56187 50
56200 104
56207 4
56230 22
56233 119
56255 118
56260 111
56273 11
56294 74
56300 116
56312 45
56336 119
56381 123
56421 60
56426 123
56464 36
56483 51
56508 88
56525 43
56527 103
56531 40
56572 13
56608 77
56642 74
56657 83
56690 41
56712 120
56740 14
56742 27
56774 55
56819 124
56820 35
56842 7
56857 61
56870 45
56899 8
56918 101
56939 81
56956 122
56974 10
57018 31
57023 44
57064 104
57087 30
57114 126
57144 66
57147 48
57159 72
57166 89
57197 97
57222 125
57253 105
57295 118
57298 16
57336 15
57336 39
57373 16
57387 39
57424 93
57445 71
57484 66
57506 9
57543 29
57585 102
57612 4
57641 56
57647 100
57692 79
57693 57
57700 27
57741 109
57750 111
57763 34
57787 115
57808 37
57836 83
57881 70
57885 50
57914 30
57959 60
57995 102
58002 4
58014 72
58049 62
58082 58
58091 99
58136 27
58170 53
58187 53
58213 42
58215 79
58247 99
58247 91
58260 19
58297 16
58331 20
58345 54
58373 93
58398 113
58422 54
58436 28
58470 66
58499 10
58541 112
58566 38
58590 13
58616 118
58649 15
58687 84
58701 38
58727 89
58727 27
58762 10
58770 127
58804 70
58805 15
58813 68
58833 104
58853 6
58881 47
58917 3
58925 28
58929 108
58953 13
58978 92
59015 112
59023 33
59057 52
59079 23
59118 89
59139 36
59178 120
59212 81
59249 13
59272 100
59312 77
59313 49
59349 107
59388 40
59417 17
59447 16
59474 104
59494 58
59517 108
59555 122
59582 79
59594 44
59615 117
59624 67
59667 5
59682 42
59685 102
59725 57
59751 44
59771 13
59776 1
59785 35
59805 50
59831 105
59861 70
59867 21
59899 63
59907 109
59922 95
59929 125
59949 35
59988 28
60024 43
60058 79
60070 116
60081 34
60096 105
60098 72
60126 120
60132 9
60145 123
60157 116
60194 45
60233 35
60247 17
60290 110
60330 96
60345 127
60366 35
60370 83
60397 66
60425 38
60460 102
60485 56
60529 65
60537 24
60544 105
60557 18
60593 57
60622 127
60655 37
60693 43
60730 61
60773 48
60779 102
60791 64
60836 50
60881 53
60883 26
60921 28
60931 58
60975 8
60992 57
61026 101
61053 102
61086 11
61129 104
61170 37
61212 73
61218 86
61234 16
61265 80
61269 76
61303 54
61333 65
61338 64
61363 27
61406 113
61423 124
61456 2
61492 44
61527 61
61540 8
61579 38
61596 106
61624 29
61663 49
61681 95
61691 11
61719 85
61764 86
61802 96
61836 97
61880 32
61903 44
61936 78
61977 123
61992 8
62029 39
62041 38
62053 127
62065 116
62087 21
62124 2
62159 86
62161 105
62185 68
62224 119
62228 37
62231 104
62245 32
62272 60
62292 95
62325 34
62337 82
62347 107
62348 5
62360 40
62384 24
62425 58
62445 86
62449 58
62483 84
62517 17
62521 58
62557 1
62583 54
62623 113
62665 107
62703 13
62719 95
62749 48
62765 7
62805 83
62824 32
62825 91
62860 92
62892 38
62921 105
62958 13
62988 10
63001 5
63011 10
63021 92
63064 83
63096 6
63121 61
63130 121
63132 115
63167 3
63203 49
63240 50
63258 67
63280 105
63285 10
63315 32
63352 118
63366 102
63393 21
63400 46
63445 52
63446 122
63457 43
63493 52
63520 118
63557 122
63559 60
63603 30
63620 87
63620 66
63636 70
63677 5
63678 6
63704 67
63731 6
63762 109
63774 81
63792 116
63822 20
63838 123
63855 117
63883 26
63923 93
63926 83
63956 77
63997 73
64019 66
64041 7
64069 119
64098 123
64137 40
64160 62
64176 48
64201 68
64218 42
64241 100
64261 68
64285 9
64300 48
64339 72
64354 16
64373 3
64390 83
64435 50
64441 40
64473 57
64512 33
64543 54
64585 35
64597 52
64621 44
64641 74
64663 113
64702 65
64734 38
64774 9
64783 26
64813 92
64829 65
64860 5
64886 42
64899 43
64920 114
64923 28
64939 41
64959 117
64971 13
64988 10
65016 30
65026 25
65070 26
65115 70
65145 56
65162 65
65193 34
65237 15
65275 69
65283 115
65322 51
65332 48
65366 77
65375 75
65389 58
65392 73
65398 67
65406 115
65407 31
65408 28
65436 4
65480 28
65495 16
65537 46
65579 87
65621 102
65654 62
65691 18
65731 53
65766 93
65788 113
65809 115
65813 59
65817 87
65859 52
65877 56
65901 57
65937 118
65961 50
65995 51
66013 40
66056 124
66086 36
66109 4
66147 63
66154 37
66195 51
66212 89
66244 47
66249 9
66277 87
66312 33
66333 116
66378 113
66390 32
66399 54
66421 127
66458 65
66492 80
66518 71
66563 30
66592 32
66637 24
66662 85
66664 39
66676 81
66679 44
66688 85
66689 24
66722 119
66765 110
66784 49
66819 109
66819 67
66835 14
66868 21
66883 2
66886 61
66916 97
66937 70
66938 12
66958 109
66992 44
67024 52
67033 122
67064 85
67107 60
67120 110
67132 127
67164 81
67201 3
67236 78
67277 106
67287 69
67313 34
67314 84
67335 16
67361 30
67396 29
67441 21
67478 41
67522 86
67558 110
67596 21
67603 87
67605 37
67615 44
67643 19
67669 83
67695 43
67732 48
67745 38
67783 23
67807 102
67828 37
67855 66
67866 7
67877 96
67908 35
67923 35
67942 43
67977 62
68021 88
68058 21
68067 59
68090 108
68130 107
68147 65
68181 36
68213 51
68219 102
68223 18
68259 51
68300 49
68343 42
68376 41
68415 41
68442 99
68465 38
68494 6
68515 120
68548 40
68577 2
68606 39
68629 83
68664 53
68690 104
68719 94
68719 126
68752 5
68782 76
68796 10
68811 75
68819 28
68823 48
68856 27
68896 52
68900 76
68913 43
68946 46
68979 98
69008 126
69026 1
69051 67
69077 23
69107 36
69137 28
69142 120
69144 83
69182 38
69194 59
69225 88
69230 106
69264 67
69277 107
69292 82
69293 106
69299 98
69343 11
69358 116
69365 52
69369 96
69389 69
69425 40
69462 52
69481 15
69499 90
69507 61
69525 39
69538 78
69566 69
69607 10
69652 88
69685 37
69700 116
69719 55
69752 32
69781 5
69811 81
69837 68
69871 3
69883 72
69902 58
69944 53
69964 114
69990 121
70025 73
70038 121
70081 87
70118 102
70151 112
70155 39
70195 48
70221 71
70246 79
70276 55
70281 90
70286 11
70293 53
70317 13
70352 39
70378 41
70384 4
70385 8
70412 4
70443 74
70471 41
70491 19
70516 9
70517 81
70521 75
70545 73
70567 39
70601 14
70644 61
70671 101
70709 91
70751 43
70771 77
70801 2
70818 63
70823 123
70854 60
70898 14
70924 82
70937 79
70980 45
70991 38
71002 126
71024 25
71042 91
71081 3
71119 94
71123 22
71147 120
71178 12
71208 33
71246 78
71280 68
71305 39
71310 100
71328 124
71369 27
71369 63
71376 7
71401 2
71404 75
71418 4
71419 74
71423 114
71446 5
71456 32
71486 111
71524 71
71562 37
71571 121
71575 42
71595 122
71613 2
71625 86
71639 123
71647 107
71688 65
71722 72
71767 16
71795 66
71819 126
71853 91
71874 122
71914 98
71923 51
71959 49
71978 20
72004 67
72040 80
72061 65
72095 79
72114 91
72114 109
72115 59
72121 51
72127 9
72160 25
72169 83
72188 103
72210 15
72246 92
72252 92
72290 89
72304 90
72321 83
72333 40
72340 19
72376 85
72385 89
72404 40
72424 6
72465 115
72484 53
72516 98
72518 59
72546 101
72586 66
72593 104
72599 43
72629 37
72634 15
72678 51
72716 58
72750 23
72759 81
72781 47
72817 67
72848 104
72873 69
72893 52
72934 102
72953 104
72970 111
72979 81
72992 39
73028 103
73067 15
73092 95
73127 107
73152 50
73183 25
73187 18
73193 24
73213 41
73227 46
73249 89
73291 49
73298 29
73340 66
73360 124
73393 107
73399 8
73438 109
73466 40
73507 6
73510 94
73522 127
73545 45
73571 110
73614 121
73643 89
73647 125
73683 16
73695 38
73707 29
73735 59
73757 91
73790 1
73826 3
73864 2
73895 28
73905 2
73918 79
73935 62
73965 84
74003 57
74023 18
74030 54
74038 66
74038 68
74062 78
74105 126
74145 68
74179 60
74200 29
74227 92
74232 123
74244 7
74249 87
74271 127
74300 30
74344 24
74374 41
74376 106
74401 105
74435 73
74452 63
74478 74
74496 35
74515 35
74534 113
74556 61
74561 69
74567 38
74597 11
74629 7
74656 98
74665 84
74686 24
74693 51
74699 21
74704 121
74733 32
74738 64
74768 23
74772 86
74791 72
74799 108
74803 52
74830 14
74847 81
74879 54
74887 3
74906 70
74941 38
74984 19
74991 5
75019 95
75054 53
75056 85
75082 45
75109 84
75118 14
75161 101
75173 29
75173 38
75178 105
75184 43
75226 127
75233 52
75265 35
75286 42
75311 124
75314 101
75315 8
75325 102
75355 91
75393 98
75425 61
75429 10
75474 115
75487 127
75509 16
75509 104
75544 42
75559 22
75571 77
75579 89
75593 97
75618 72
75663 61
75697 62
75721 111
75745 121
75766 103
75786 73
75813 123
75849 109
75874 32
75911 38
75925 76
75966 47
75978 122
75996 83
76003 64
76048 91
76048 57
76050 98
76075 109
76112 102
76157 69
76174 45
76202 67
76243 11
76268 3
76308 123
76334 45
76369 120
76379 54
76418 115
76418 55
76427 89
76462 61
76479 18
76506 46
76513 33
76526 126
76560 26
76581 122
76604 89
76621 26
76636 79
76653 109
76690 72
76721 42
76735 122
76775 98
76776 63
76810 65
76838 37
76845 13
76880 25
76903 42
76927 125
76935 44
76978 94
76992 1
77017 8
77047 114
77053 47
77079 7
77086 15
77088 90
77107 31
77149 92
77151 126
77161 99
77192 105
77206 65
77206 110
77214 125
77244 56
77265 46
77268 113
77292 91
77307 72
77322 49
77322 56
77332 3
77363 6
77369 98
77375 104
77402 79
77418 83
77427 92
77429 105
77443 15
77461 67
77470 5
77478 120
77481 83
77518 124
77549 6
77594 11
77634 102
77668 120
77697 38
77739 94
77744 49
77788 95
77789 14
77825 13
77842 48
77849 56
77889 51
77896 45
77904 95
77924 112
77944 56
77971 84
78015 34
78017 52
78053 93
78069 14
78109 10
78126 98
78133 80
78135 87
78163 97
78176 111
78177 32
78215 120
78253 84
78271 55
78297 119
78318 31
78342 52
78382 27
78382 17
78389 76
78396 90
78404 68
78423 52
78444 96
78453 76
78482 104
78519 24
78558 31
78581 127
78598 97
78598 117
78616 79
78649 14
78671 72
78674 109
78718 58
78728 76
78742 98
78764 14
78799 41
78822 39
78823 21
78828 81
78861 19
78866 84
78898 78
78929 97
78971 114
79002 37
79044 112
79080 95
79090 45
79117 52
79153 124
79170 111
79194 102
79238 109
79257 37
79291 17
79294 101
79310 125
79310 117
79331 78
79339 57
79375 125
79398 62
79440 35
79458 89
79469 67
79510 7
79513 30
79518 59
79538 3
79542 113
79576 111
79596 59
79640 58
79660 2
79691 64
79708 90
79724 98
79743 9
79779 92
79791 37
79793 13
79805 82
79806 101
79811 25
79819 63
79863 31
79891 66
79904 41
79948 43
79984 26
80004 20
80019 17
80049 27
80071 33
80082 65
80114 36
80133 45
80151 20
80194 53
80197 24
80241 80
80270 4
80277 6
80283 73
80313 32
80357 109
80388 59
80415 122
80459 47
80503 90
80518 120
80559 66
80602 33
80633 97
80639 64
80659 71
80666 25
80708 75
80725 62
80731 24
80759 9
80803 26
80806 90
80816 63
80823 59
80855 49
80900 33
80943 43
80968 100
80991 28
81025 10
81049 20
81067 65
81110 79
81118 50
81128 14
81142 15
81185 37
81210 2
81229 101
81249 93
81291 62
81335 115
81373 67
81383 123
81418 104
81463 23
81505 16
81524 117
81560 99
81567 80
81575 124
81595 112
81634 17
81665 73
81669 110
81693 24
81699 79
81738 12
81774 111
81804 43
81839 88
81842 102
81868 21
81902 77
81932 42
81946 122
81988 73
82021 47
82035 69
82063 125
82064 86
82100 99
82145 116
82186 91
82226 19
82242 38
82280 33
82304 96
82305 77
82339 30
82342 88
82374 6
82401 71
82426 97
82451 32
82452 28
82456 31
82498 75
82503 28
82547 42
82570 79
82590 47
82630 17
82631 46
82657 12
82696 89
82703 58
82723 86
82748 86
82762 2
82798 12
82829 19
82863 82
82864 97
82878 44
82887 98
82893 72
82899 51
82906 37
82942 49
82971 101
83012 31
83024 80
83039 72
83065 11
83083 17
83120 119
83149 40
83186 63
83191 16
83222 27
83235 83
83260 54
83300 120
83304 124
83312 90
83328 99
83338 82
83368 126
83381 98
83393 25
83406 108
83437 122
83468 105
83491 75
83517 90
83561 59
83580 64
83585 35
83593 18
83612 45
83620 113
83663 74
83687 118
83709 26
83748 29
83751 17
83787 74
83829 115
83845 120
83890 105
83909 3
83918 28
83936 117
83969 90
83986 92
84014 127
84040 120
84076 76
84091 27
84128 51
84148 92
84159 121
84186 22
84186 127
84229 35
84229 85
84271 8
84284 120
84306 20
84323 80
84368 70
84393 122
84416 5
84452 86
84470 11
84499 45
84540 23
84560 104
84574 84
84602 60
84645 24
84668 10
84674 12
84684 67
84706 3
84730 61
84754 113
84756 20
84773 58
84783 68
84808 76
84828 97
84857 121
84857 31
84868 5
84884 92
84925 41
84939 62
84971 42
84983 102
85021 97
85060 20
85070 102
85110 60
85117 98
85156 70
85164 66
85194 18
85218 56
85237 90
85279 115
85281 84
85291 85
85301 15
85335 26
85342 109
85350 73
85386 46
85395 113
85415 32
85452 81
85457 123
85470 9
85498 74
85499 73
85527 73
85550 82
85550 115
85588 90
85632 71
85666 86
85710 82
85740 49
85750 53
85792 15
85824 75
85845 80
85870 14
85884 49
85926 115
85934 85
85938 2
85983 95
85984 52
86020 119
86022 120
86055 12
86098 62
86108 70
86152 69
86187 59
86209 82
86219 35
86233 47
86239 92
86241 89
86282 17
86311 109
86329 70
86374 62
86381 92
86394 69
86409 104
86423 51
86456 44
86499 42
86537 99
86573 27
86609 55
86611 67
86612 113
86613 13
86623 79
86665 80
86679 18
86689 94
86704 16
86710 28
86726 101
86730 122
86747 28
86764 40
86765 50
86809 1
86852 26
86894 12
86927 121
86970 46
86995 75
87004 58
87005 65
87028 6
87064 88
87108 92
87122 9
87135 81
87174 102
87205 124
87225 85
87254 11
87296 104
87337 30
87345 115
87345 38
87384 57
87393 29
87430 2
87446 26
87477 56
87514 65
87541 59
87586 67
87622 104
87632 47
87650 76
87651 92
87679 87
87711 56
87713 19
87729 5
87759 77
87766 55
87781 34
87782 78
87812 62
87849 120
87878 88
87915 121
87955 69
87999 3
88014 57
88034 62
88041 40
88046 66
88075 97
88111 107
88124 121
88156 36
88185 34
88224 82
88242 71
88247 57
88263 110
88282 39
88282 42
88294 88
88338 106
88355 19
88362 120
88396 32
88400 64
88444 68
88459 102
88499 19
88510 60
88510 34
88546 4
88583 59
88610 120
88649 66
88689 80
88699 40
88727 56
88747 116
88755 75
88768 58
88783 65
88823 50
88858 94
88871 22
88908 78
88938 90
88966 25
88971 70
88991 126
88993 6
89025 27
89044 109
89084 62
89120 78
89123 72
89144 102
89188 19
89223 103
89238 23
89255 124
89290 83
89310 3
89341 95
89380 100
89403 7
89417 53
89447 59
89483 55
89495 52
89528 100
89569 24
89575 105
89604 7
89611 21
89631 81
89658 34
89696 90
89722 123
89731 81
89743 104
89780 121
89819 46
89841 33
89861 119
89894 100
89911 98
89921 64
89937 91
89941 59
89945 100
89979 17
90024 106
90030 110
90058 44
90088 13
90099 34
90143 105
90181 40
90184 7
90226 42
90269 32
90278 17
90304 92
90346 83
90350 25
90351 63
90384 96
90423 125
90440 68
90458 9
90463 28
90494 92
90533 41
90542 56
90547 16
90579 86
90610 52
90630 98
90630 96
90669 73
90694 17
90722 95
90751 104
90765 67
90790 113
90829 117
90836 28
90880 54
90880 119
90912 71
90949 32
90989 119
91001 46
91036 36
91046 99
91062 43
91075 117
91078 47
91119 115
91121 88
91155 107
91191 2
91211 110
91244 12
91245 100
91261 5
91285 48
91324 45
91340 61
91373 38
91395 85
91433 111
91469 22
91506 90
91533 62
91572 90
91593 113
91593 26
91600 30
91633 6
91659 20
91699 118
91738 18
91781 58
91791 18
91824 95
91852 120
91875 34
91911 60
91921 67
91962 94
91971 13
92007 78
92052 36
92053 66
92069 84
92099 123
92134 65
92157 11
92185 28
92212 44
92248 21
92293 104
92326 121
92346 23
92348 114
92358 82
92395 14
92418 43
92447 66
92452 103
92455 90
92472 40
92512 118
92556 30
92564 32
92601 110
92619 55
92650 104
92685 106
92711 34
92727 46
92738 31
92748 21
92768 25
92800 7
92834 111
92865 27
92885 122
92897 91
92936 66
92960 21
92968 73
92981 109
93018 11
93028 66
93034 56
93072 24
93074 45
93097 47
93108 122
93125 22
93168 97
93184 25
93211 70
93211 29
93250 86
93251 48
93265 115
93279 114
93281 125
93294 109
93332 58
93356 6
93389 72
93415 8
93455 122
93456 36
93456 55
93491 11
93501 119
93510 89
93545 15
93553 10
93588 102
93617 69
93644 83
93659 99
93665 7
93698 71
93707 50
93751 38
93768 80
93789 98
93797 61
93842 60
93870 66
93903 39
93939 59
93976 122
93976 19
94015 98
94041 27
94053 123
94070 94
94089 24
94101 99
94125 59
94160 76
94190 23
94204 68
94241 50
94250 84
94260 40
94298 120
94323 102
94324 95
94356 43
94360 126
94363 4
94380 15
94386 79
94422 90
94456 104
94486 8
94523 33
94536 66
94541 38
94546 30
94568 71
94602 113
94615 102
94623 43
94637 41
94638 17
94647 122
94669 67
94677 114
94705 82
94744 41
94746 48
94789 13
94799 73
94803 43
94829 62
94852 39
94881 118
94908 23
94911 86
94943 66
94960 90
94970 79
94978 94
95010 98
95040 57
95058 22
95092 125
95121 35
95140 126
95159 50
95167 69
95203 119
95211 65
95239 36
95270 78
95288 61
95312 73
95355 120
95380 26
95410 114
95435 38
95464 51
95477 81
95519 2
95558 59
95594 64
95613 83
95617 120
95643 119
95656 28
95682 100
95708 105
95752 3
95786 86
95805 36
95839 14
95862 54
95901 115
95944 89
95948 37
95949 125
95985 115
96030 127
96030 65
96050 117
96080 50
96107 70
96107 32
96137 39
96153 98
96188 10
96217 12
96254 42
96257 105
96282 19
96307 49
96335 44
96354 43
96383 117
96407 75
96410 31
96412 14
96425 109
96435 24
96441 10
96451 118
96460 46
96483 51
96483 29
96494 101
96525 51
96525 97
96542 65
96576 60
96621 21
96641 79
96666 28
96696 103
96705 3
96714 63
96725 33
96743 40
96776 92
96776 6
96782 108
96788 55
96792 79
96823 84
96860 119
96876 29
96881 56
96909 108
96945 98
96963 19
96993 10
97005 76
97023 94
97063 95
97104 31
97131 117
97175 63
97178 43
97188 55
97209 39
97243 60
97265 118
97270 75
97295 88
97297 22
97330 16
97344 3
97365 109
97393 40
97433 124
97460 11
97486 36
97519 27
97557 114
97599 99
97641 45
97678 10
97701 6
97730 39
97754 40
97764 7
97780 31
97798 122
97834 103
97834 116
97878 79
97878 92
97891 52
97899 41
97941 41
97942 124
97972 13
97977 66
98014 31
98034 25
98072 27
98072 73
98079 78
98089 80
98100 125
98126 74
98136 75
98174 38
98179 116
98209 82
98227 74
98238 13
98252 19
98270 49
98283 39
98299 2
98308 91
98333 127
98348 38
98350 41
98394 104
98409 111
98452 25
98453 29
98467 40
98501 40
98543 31
98565 125
98608 89
98614 47
98619 18
98640 7
98681 79
98689 44
98714 68
98752 121
98766 83
98772 27
98795 36
98798 22
98840 120
98855 31
98876 98
98915 123
98957 36
98959 45
98983 83
99022 27
99062 98
99084 84
99094 5
99119 24
99126 86
99134 48
99164 118
99178 33
99183 32
99204 119
99212 39
99222 11
99250 99
99292 75
99327 15
99331 105
99375 77
99393 12
99423 21
99428 95
99439 25
99483 37
99500 37
99532 51
99534 87
99551 68
99551 101
99578 3
99618 63
99625 58
99665 114
99704 53
99708 5
99715 109
99733 60
99739 62
99782 39
99806 64
99843 25
99843 33
99843 40
99875 106
99908 35
99926 67
99933 78
99937 81
99939 4
99947 95
99980 35
99999 119
100028 117
100068 66
100091 48
100124 41
100126 80
100160 22
100176 68
100176 25
100214 110
100237 99
100267 77
100306 18
100326 99
100343 66
100352 14
100363 26
100386 47
100413 4
100447 1
100455 61
100474 117
100496 88
100508 118
100524 127
100534 118
100552 90
100572 127
100609 110
100610 44
100630 113
100630 14
100664 19
100679 18
100681 59
100723 6
100761 76
100790 23
100790 106
100833 113
100853 4
100864 43
100907 109
100924 25
100944 70
100969 95
100974 70
101008 32
101032 62
101035 15
101071 55
101100 15
101114 23
101159 28
101195 60
101229 76
101233 124
101241 92
101268 105
101313 121
101353 90
101378 46
101387 122
101408 119
101448 13
101454 80
101495 22
101508 82
101516 94
101541 39
101572 105
101583 2
101624 76
101624 91
101664 33
101680 33
101698 9
101704 97
101744 7
101744 78
101778 90
101790 102
101832 9
101868 12
101879 81
101887 76
101918 98
101928 38
101936 37
101953 37
101981 93
102026 14
102037 35
102047 78
102061 122
102090 100
102120 1
102125 28
102133 77
102138 32
102140 60
102149 95
102193 100
102194 30
102213 119
102255 105
102290 125
102325 21
102352 93
102390 47
102407 16
102423 4
102436 115
102451 49
102456 77
102495 79
102509 57
102519 61
102525 70
102535 113
102556 84
102596 1
102625 98
102630 107
102663 122
102704 31
102723 93
102753 116
102771 59
102796 49
102832 111
102870 106
102890 72
102892 53
102937 88
102959 81
102978 43
102981 86
103026 40
103029 116
103051 107
103070 126
103088 76
103119 111
103164 66
103192 80
103204 54
103248 113
103259 58
103273 29
103303 15
103345 48
103367 3
103387 79
103420 114
103455 68
103468 96
103487 16
103500 91
103526 72
103570 43
103595 80
103602 32
103619 67
103664 2
103667 21
103708 3
103724 37
103725 26
103761 89
103796 1
103823 37
103840 34
103848 59
103848 123
103889 53
103892 76
103894 41
103939 10
103962 106
103993 115
104036 110
104074 101
104095 124
104134 36
104156 100
104183 30
104217 98
104242 110
104254 50
104259 53
104269 38
104314 92
104351 36
104369 20
104408 85
104440 116
104452 107
104487 112
104501 102
104546 81
104554 94
104598 11
104636 9
104665 33
104707 3
104741 13
104746 21
104751 41
104776 42
104788 23
104825 7
104845 73
104854 96
104892 102
104918 87
104957 115
104962 67
104982 54
105025 58
105067 45
105110 98
105131 28
105173 63
105198 38
105232 16
105274 73
105310 121
105339 69
105362 96
105378 8
105405 78
105443 48
105457 27
105493 109
105527 55
105552 88
105580 123
105607 59
105629 49
105668 95
105678 41
105714 83
105746 71
105786 72
105813 86
105852 63
105873 69
105902 94
105925 21
105936 102
105941 125
105954 55
105959 81
105975 103
105983 95
105995 60
106012 59
106052 72
106057 7
106092 46
106092 97
106103 59
106133 99
106173 42
106212 13
106216 50
106258 84
106299 81
106343 101
106365 23
106409 71
106453 82
106474 76
106476 31
106504 35
106507 41
106525 72
106539 33
106558 29
106573 24
106598 41
106620 2
106652 75
106683 116
106720 78
106731 127
106743 21
106746 112
106768 58
106781 94
106826 24
106835 122
106869 4
106873 91
106898 106
106943 94
106952 116
106971 3
107014 110
107022 2
107057 69
107084 55
107086 94
107124 33
107130 31
107137 75
107167 107
107171 118
107204 30
107227 127
107258 79
107302 4
107322 9
107328 59
107347 55
107368 8
107390 93
107423 43
107423 30
107460 21
107501 125
107526 8
107533 111
107541 16
107560 91
107587 109
107626 15
107652 51
107657 14
107696 76
107697 102
107720 114
107726 21
107759 18
107792 17
107823 114
107842 127
107868 120
107876 47
107912 88
107943 39
107952 2
107968 120
107981 38
107989 9
108009 37
108044 110
108079 103
108085 110
108129 74
108168 94
108198 111
108226 73
108227 21
108255 83
108279 118
108307 15
108340 5
108365 21
108365 108
108377 105
108400 114
108425 54
108445 28
108474 79
108515 88
108536 64
108577 124
108619 82
108622 39
108658 126
108666 54
108680 119
108725 27
108755 62
108762 5
108798 65
108829 36
108870 54
108882 39
108912 119
108937 55
108982 82
108997 28
109010 10
109028 108
109040 90
109078 65
109114 10
109122 121
109155 9
109194 106
109228 122
109230 19
109234 73
109270 5
109280 82
109303 47
109304 63
109316 83
109336 94
109353 12
109385 97
109410 63
109453 98
109467 29
109499 119
109514 108
109525 17
109536 109
109572 46
109591 64
109602 45
109629 46
109655 33
109686 86
109718 109
109762 11
109776 98
109799 35
109824 6
109840 94
109873 41
109891 41
109931 71
109954 21
109957 97
109978 39
110021 90
110055 31
110084 32
110120 56
110147 3
110178 5
110198 3
110206 86
110221 69
110237 84
110238 86
110262 8
110295 82
110320 72
110334 73
110340 88
110351 25
110365 108
110410 107
110433 102
110443 89
110485 116
110486 55
110507 101
110531 127
110571 38
110585 86
110599 7
110640 57
110666 103
110667 115
110706 29
110711 49
110749 66
110754 94
110756 17
110781 21
110791 30
110812 67
110831 11
110861 25
110879 113
110920 72
110962 3
110979 27
111015 79
111051 101
111085 95
111088 77
111122 45
111134 122
111141 124
111174 33
111199 47
111243 44
111243 114
111259 107
111286 46
111294 24
111308 62
111320 100
111336 78
111338 91
111382 89
111403 94
111416 47
111431 39
111458 59
111487 30
111490 113
111495 99
111517 53
111546 54
111581 95
111624 7
111663 21
111674 21
111688 3
111705 9
111705 13
111721 32
111755 85
111786 1
111828 45
111838 76
111878 33
111914 53
111939 90
111961 109
111968 70
111983 4
112001 41
112043 78
112043 106
112086 116
112091 125
112098 79
112115 74
112138 111
112167 10
112203 20
112219 19
112237 101
112245 121
112248 79
112272 125
112296 1
112337 78
112338 78
112379 13
112406 70
112441 96
112462 41
112488 111
112491 77
112534 47
112550 98
112570 18
112575 94
112597 54
112638 109
112641 84
112661 85
112684 61
112691 39
112694 114
112703 42
112738 21
112746 9
112751 15
112760 101
112769 114
112770 62
112772 6
112777 14
112818 38
112851 101
112871 8
112872 72
112895 18
112922 85
112947 123
112986 9
113030 17
113047 17
113091 85
113104 123
113138 64
113145 55
113152 22
113172 62
113173 88
113174 61
113184 68
113203 70
113229 77
113235 74
113279 8
113292 26
113337 69
113368 71
113410 78
113418 120
113442 34
113471 116
113479 76
113523 125
113554 72
113580 23
113589 100
113594 23
113621 68
113658 64
113700 79
113736 14
113763 69
113787 43
113830 25
113861 55
113873 42
113901 59
113927 108
113961 16
113980 32
114021 120
114058 68
114076 26
114117 46
114131 58
114154 55
114169 37
114207 55
114228 19
114255 44
114282 42
114311 73
114348 104
114390 38
114397 57
114437 73
114465 25
114487 97
114509 100
114515 118
114522 74
114540 93
114581 123
114596 45
114637 31
114637 82
114649 4
114692 116
114694 42
114700 26
114745 68
114784 22
114796 68
114834 67
114837 23
114854 40
114885 43
114886 76
114898 8
114905 38
114919 25
114928 67
114940 59
114969 106
114970 99
114979 27
114993 114
115015 45
115021 23
115036 27
115055 31
115058 114
115082 46
115110 79
115125 14
115128 3
115171 19
115191 89
115214 97
115227 102
115228 108
115257 58
115281 77
115307 96
115313 103
115347 104
115367 116
115380 78
115408 28
115417 102
115438 15
115476 52
115479 40
115479 18
115503 97
115507 81
115551 35
115551 107
115566 89
115566 90
115597 39
115632 57
115645 103
115685 113
115704 90
115734 106
115756 52
115757 40
115793 73
115819 68
115864 123
115900 87
115912 103
115953 106
115963 94
115974 75
115974 36
115998 75
116020 100
116036 10
116060 76
116083 77
116105 111
116133 65
116164 110
116207 56
116217 39
116243 8
116250 8
116271 14
116282 18
116288 100
116312 45
116354 113
116399 78
116403 33
116437 98
116450 92
116486 122
116510 85
116547 113
116571 11
116601 124
116602 13
116622 31
116652 96
116691 98
116708 75
116735 33
116767 112
116768 108
116769 41
116771 72
116805 122
116826 47
116870 22
116885 44
116908 109
116923 110
116928 127
116958 122
116959 125
116963 88
116996 63
117039 65
117043 116
117071 10
117099 115
117131 35
117164 42
117199 95
117218 126
117223 13
117252 109
117263 54
117264 58
117268 39
117276 54
117284 68
117308 118
117311 67
117352 107
117381 22
117397 44
117422 2
117433 104
117445 11
117481 28
117504 55
117508 17
117537 69
117575 34
117585 46
117614 75
117618 36
117654 6
117659 32
117670 57
117706 62
117707 7
117745 36
117778 30
117790 71
117795 5
117828 96
117844 78
117847 110
117848 53
117861 87
117864 107
117890 89
117922 7
117947 46
117978 63
118005 39
118045 42
118080 76
118121 56
118140 21
118157 50
118179 73
118213 70
118232 25
118239 32
118239 90
118243 6
118267 45
118286 55
118289 13
118296 114
118321 3
118340 108
118379 55
118400 97
118429 32
118439 3
118447 115
118469 99
118477 113
118477 119
118486 33
118528 80
118542 16
118573 100
118594 39
118636 53
118641 77
118655 45
118668 99
118711 99
118719 85
118757 106
118782 30
118783 17
118815 2
118850 71
118855 14
118870 33
118886 11
118889 118
118912 52
118937 9
118937 102
118944 75
118969 10
118978 35
118987 123
119012 112
119052 55
119086 41
119129 122
119130 117
119131 61
119132 120
119163 17
119189 19
119218 104
119254 71
119273 115
119299 50
119329 123
119338 97
119340 104
119357 78
119375 31
119412 37
119431 94
119448 9
119449 112
119479 117
119505 114
119524 89
119549 59
119572 82
119607 106
119621 95
119626 25
119645 97
119667 39
119710 122
119718 59
119726 39
119747 66
119775 119
119785 41
119809 57
119824 80
119843 81
119882 51
119913 31
119934 102
119949 85
119969 64
119985 120
120012 24
120013 6
120050 109
120072 110
120083 22
120090 44
120113 47
120127 36
120131 2
120136 32
120177 90
120216 18
120249 100
120289 56
120293 79
120335 3
120372 69
120389 76
120416 105
120429 54
120432 80
120459 11
120496 53
120538 120
120571 17
120610 127
120641 9
120652 89
120661 11
120699 107
120743 118
120770 64
120788 109
120811 61
120855 71
120884 21
120888 93
120896 72
120928 125
120970 4
120982 42
120990 93
121023 43
121029 9
121051 4
121054 94
121091 122
121110 20
121150 95
121168 60
121171 3
121173 104
121181 60
121188 84
121226 109
121257 85
121283 44
121310 36
121319 67
121341 102
121364 39
121402 40
121441 101
121477 5
121516 50
121560 70
121591 115
121609 14
121641 115
121646 48
121665 48
121702 57
121723 4
121754 121
121761 53
121789 19
121789 106
121824 97
121856 95
121875 116
121900 13
121936 12
121963 109
121988 59
122014 71
122058 113
122086 108
122127 83
122150 104
122155 116
122175 84
122193 59
122213 31
122241 54
122279 104
122285 77
122296 80
122341 110
122365 30
122406 83
122428 47
122429 56
122466 82
122478 101
122481 52
122490 29
122516 26
122519 22
122529 98
122574 111
122600 63
122611 8
122619 127
122635 77
122637 73
122652 11
122688 38
122729 105
122749 125
122749 14
122794 114
122800 94
122805 76
122809 72
122814 116
122814 100
122836 18
122854 45
122858 14
122878 57
122888 75
122923 35
122937 123
122958 35
122962 111
122965 93
123003 31
123016 71
123032 74
123069 51
123088 23
123130 36
123152 104
123157 120
123162 35
123175 95
123216 45
123245 63
123248 77
123248 8
123262 6
123278 114
123314 8
123319 111
123319 52
123333 39
123347 102
123358 74
123365 14
123401 90
123411 122
123413 34
123426 54
123452 112
123473 89
123496 18
123511 125
123544 91
123569 123
123584 68
123609 35
123611 99
123649 99
123673 120
123709 59
123717 68
123753 60
123768 117
123769 53
123785 68
123826 3
123865 36
123873 88
123913 91
123942 103
123957 103
123957 116
123992 32
124002 64
124034 95
124076 65
124079 108
124112 77
124154 91
124154 93
124174 38
124203 46
124203 65
124232 5
124263 38
124273 118
124307 52
124345 36
124348 97
124388 103
124412 125
124422 40
124451 8
124487 94
124516 64
124520 62
124564 59
124571 55
124584 50
124592 75
124632 107
124633 49
124666 66
124696 90
124734 44
124746 109
124791 10
124827 82
124834 30
124878 34
124895 15
124935 33
124979 119
124989 120
125004 27
125040 115
125049 95
125074 40
125099 112
125110 117
125132 62
125159 117
125186 115
125225 70
125237 44
125265 73
125275 25
125298 14
125342 87
125376 52
125401 119
125425 63
125469 2
125473 44
125492 30
125511 70
125546 17
125587 88
125628 111
125643 47
125683 81
125707 115
125749 19
125776 19
125787 45
125788 32
125814 108
125839 121
125877 119
125889 110
125891 79
125931 90
125966 40
125998 1
126012 111
126031 77
126063 20
126067 52
126112 76
126145 109
126164 49
126169 86
126197 5
126231 43
126234 39
126259 51
126295 78
126310 97
126333 2
126363 4
126386 101
126420 16
126464 105
126496 88
126509 81
126513 115
126530 125
126571 126
126597 89
126626 43
126669 57
126714 47
126756 72
126756 4
126765 53
126799 36
126814 3
126842 66
126864 69
126905 30
126908 127
126928 120
126973 20
127004 53
127023 7
127066 42
127091 19
127120 10
127129 108
127146 59
127155 23
127170 99
127202 50
127226 7
127239 115
127246 122
127287 95
127303 120
127326 103
127335 63
127359 54
127364 111
127384 28
127409 73
127411 80
127435 105
127459 38
127465 21
127492 70
127527 87
127548 56
127588 85
127610 51
127629 12
127665 72
127675 125
127717 70
127746 115
127760 121
127762 23
127770 34
127796 113
127815 106
127818 120
127827 30
127851 4
127867 62
127906 79
127931 87
127958 109
127976 87
128012 26
128031 127
128075 44
128085 55
128097 103
128108 29
128134 111
128168 82
128180 48
128209 29
128226 121
128246 89
128290 5
128333 57
128344 19
128373 2
128390 20
128402 81
128447 121
128461 39
128462 108
128492 117
128535 111
128535 43
128552 34
128596 23
128635 117
128648 46
128663 126
128694 6
128724 82
128755 57
128778 108
128814 23
128850 41
128857 78
128893 80
128935 59
128944 15
128965 87
128966 75
128992 40
129033 122
129074 97
129089 92
129096 89
129123 67
129163 127
129168 71
129194 28
129208 106
129231 68
129240 12
129260 4
129275 87
129298 40
129331 50
129355 94
129388 30
129432 101
129436 73
129460 69
129461 23
129503 30
129533 14
129556 73
129556 63
129601 39
129629 66
129640 20
129684 98
129699 43
129739 84
129766 34
129788 117
129821 124
129857 51
129873 37
129901 17
129928 5
129950 36
129994 66
129996 23
130024 108
130025 45
130035 51
130067 26
130102 105
130110 112
130110 5
130115 95
130141 86
130157 80
130172 32
130186 58
130190 5
130219 15
130250 5
130295 58
130339 12
130377 98
130380 92
130382 15
130390 7
130411 44
130435 69
130469 118
130510 102
130544 114
130561 30
130573 126
130592 42
130613 29
130616 77
130652 90
130673 12
130673 62
130704 32
130711 41
130752 50
130761 93
130775 73
130789 126
130833 34
130841 108
130853 38
130886 110
130890 93
130892 66
130895 101
130900 15
130942 31
130970 105
130987 52
131008 19
131051 24
131093 54
131097 23
131117 92
131161 58
131165 112
131172 20
131214 76
131235 14
131246 49
131247 83
131254 25
131270 79
131306 28
131335 29
131338 116
131361 38
131388 122
131433 118
131474 104
131479 37
131488 31
131504 47
131522 83
131560 23
131592 49
131599 126
131642 51
131681 122
131725 31
131733 6
131775 79
131804 25
131813 69
131835 98
131856 8
131879 16
131908 88
131935 77
131976 111
132016 60
132037 78
132045 36
132090 81
132118 42
132124 103
132164 56
132204 97
132220 63
132252 113
132270 60
132300 21
132330 64
132350 68
132366 22
132375 120
132408 58
132431 50
132449 57
132485 72
132510 121
132532 56
132554 31
132556 98
132580 69
132608 40
132632 10
132648 88
132682 62
132689 72
132697 101
132734 115
132739 11
132771 112
132773 66
132798 76
132807 37
132846 126
132872 57
132879 23
132880 21
132917 85
132947 36
132949 30
132985 124
133003 19
133016 110
133030 70
133036 113
133048 59
133077 82
133078 20
133122 50
133155 16
133161 42
133204 127
133235 4
133268 112
133297 9
133303 48
133308 104
133341 4
133351 102
133390 19
133404 81
133410 85
133427 66
133465 63
133468 101
133500 76
133507 26
133542 123
133575 20
133588 96
133612 84
133620 84
133643 66
133686 86
133688 82
133705 108
133749 14
133761 109
133782 127
133788 43
133829 5
133836 27
133881 34
133891 124
133918 91
133933 52
133945 7
133964 121
133991 106
133999 3
134009 41
134013 59
134027 63
134035 76
134048 20
134081 101
134107 39
134127 125
134152 55
134177 45
134188 107
134193 29
134213 27
134219 40
134260 8
134276 112
134309 56
134326 27
134344 62
134363 119
134400 28
134410 55
134452 87
134482 45
134521 112
134563 35
134580 34
134592 63
134593 28
134601 57
134629 62
134667 108
134691 15
134724 124
134762 61
134799 92
134815 27
134820 123
134830 18
134867 17
134904 117
134939 48
134984 103
134992 53
135031 26
135058 76
135062 122
135066 112
135109 119
135111 59
135121 126
135161 75
135162 85
135192 63
135196 53
135239 106
135275 87
135309 22
135345 7
135376 78
135409 99
135419 15
135425 116
135457 104
135474 71
135477 94
135504 52
135512 124
135522 73
135542 45
135572 63
135596 126
135610 44
135642 34
135655 1
135675 26
135719 96
135751 62
135790 69
135796 54
135797 72
135818 17
135861 42
135871 71
135888 9
135920 18
135924 35
135940 19
135962 110
135969 60
135971 22
135988 71
136018 11
136049 89
136085 57
136090 122
136117 118
136119 91
136163 80
136194 86
136210 61
136255 107
136291 41
136303 55
136307 77
136342 114
136374 34
136382 64
136408 24
136434 69
136436 47
136458 14
136490 108
136535 85
136575 32
136613 107
136614 80
136648 107
136650 33
136671 85
136696 59
136721 76
136753 72
136765 102
136805 20
136827 14
136854 26
136858 76
136892 19
136905 80
136906 120
136913 3
136925 115
136954 10
136976 15
136987 103
136989 30
137011 72
137023 108
137062 85
137073 14
137083 121
137103 71
137114 56
137139 90
137149 121
137168 84
137186 51
137198 71
137207 54
137242 24
137256 42
137301 32
137328 2
137333 37
137358 33
137403 97
137411 98
137432 29
137450 54
137454 38
137477 52
137498 103
137511 53
137528 72
137535 52
137578 118
137580 80
137607 36
137616 16
137620 2
137665 22
137701 122
137713 87
137729 43
137761 40
137775 48
137798 50
137833 42
137862 26
137874 90
137875 4
137899 60
137902 54
137937 103
137965 18
137970 85
137997 27
138000 70
138035 100
138060 26
138065 69
138100 118
138118 84
138149 50
138168 3
138204 72
138223 40
138232 15
138236 41
138256 44
138265 82
138295 18
138334 78
138362 124
138407 76
138439 40
138474 86
138484 68
138519 61
138552 114
138588 8
138598 77
138618 32
138621 28
138666 30
138669 51
138669 72
138684 15
138690 27
138716 81
138756 94
138782 72
138784 117
138826 92
138849 93
138892 123
138924 6
138947 39
138971 94
139005 51
139012 126
139013 59
139039 1
139071 65
139111 87
139142 72
139168 41
139191 115
139203 58
139247 120
139263 116
139271 122
139290 110
139306 4
139347 8
139364 110
139376 107
139380 26
139404 28
139412 104
139431 42
139455 95
139499 106
139532 3
139544 49
139551 6
139570 32
139604 68
139637 54
139664 109
139669 16
139687 63
139691 124
139696 37
139702 21
139729 105
139734 126
139746 83
139749 63
139761 79
139776 1
139788 7
139827 4
139866 18
139884 11
139919 104
139949 20
139951 40
139975 65
139989 13
139992 95
139999 33
140036 96
140041 24
140043 18
140067 109
140112 106
140114 32
140149 51
140156 89
140185 126
140188 32
140210 83
140255 30
140299 79
140312 126
140314 69
140336 12
140341 45
140385 91
140414 100
140452 88
140490 105
140495 43
140520 3
140542 69
140576 30
140595 87
140606 61
140628 56
140634 89
140660 99
140674 5
140675 105
140688 93
140714 71
140749 64
140781 47
140791 86
140797 46
140823 10
140858 113
140875 30
140896 102
140901 108
140913 43
140955 105
140997 47
141018 27
141054 125
141072 31
141074 49
141103 2
141141 18
141180 84
141216 8
141249 70
141263 31
141284 24
141310 104
141322 12
141355 64
141371 90
141397 100
141427 13
141455 65
141491 113
141520 86
141556 76
141582 27
141600 79
141607 66
141625 59
141643 45
141647 49
141649 20
141693 31
141738 41
141759 16
141798 81
141820 58
141844 85
141873 8
141882 40
141912 126
141930 36
141931 61
141974 49
141978 67
142010 43
142021 95
142055 111
142068 56
142093 67
142101 27
142101 59
142142 5
142174 77
142210 99
142241 116
142278 21
142298 106
142325 23
142326 72
142338 16
142379 99
142417 29
142434 87
142435 110
142465 51
142472 111
142494 99
142508 80
142550 28
142593 16
142618 91
142627 4
142630 41
142642 103
142647 36
142661 1
142706 127
142735 29
142740 63
142774 10
142782 68
142798 10
142818 1
142822 63
142823 34
142861 121
142886 68
142898 98
142927 114
142945 119
142949 45
142994 60
143025 77
143052 27
143085 93
143123 115
143133 20
143166 51
143184 25
143207 23
143250 74
143282 48
143283 63
143317 61
143355 45
143376 5
143395 104
143435 12
143454 99
143464 62
143470 18
143508 19
143553 24
143589 13
143630 54
143644 121
143646 125
143661 10
143688 2
143733 45
143747 52
143786 34
143816 70
143843 126
143843 114
143865 34
143908 11
143910 32
143945 113
143983 34
144001 122
144041 17
144045 104
144084 53
144094 62
144114 42
144155 4
144172 51
144190 88
144233 70
144274 71
144299 103
144336 125
144380 8
144409 111
144436 77
144474 66
144508 27
144549 80
144593 83
144621 120
144626 91
144664 51
144704 126
144710 102
144735 98
144775 15
144820 96
144855 76
144882 111
144883 5
144896 63
144902 91
144922 28
144966 23
144995 85
145005 115
145015 100
145054 106
145074 49
145103 98
145113 119
145135 84
145152 8
145172 67
145172 4
145214 47
145225 16
145257 125
145287 29
145316 78
145328 119
145343 96
145345 25
145371 34
145392 70
145426 67
145448 51
145452 39
145468 58
145496 33
145500 102
145530 41
145549 89
145584 87
145590 70
145611 26
145628 127
145643 38
145655 96
145696 70
145727 94
145749 75
145761 123
145805 52
145837 50
145869 49
145904 66
145909 2
145921 30
145945 53
145962 28
145973 112
145986 23
145989 75
146008 23
146046 111
146082 115
146104 37
146109 91
146115 43
146138 74
146149 109
146191 27
146203 57
146247 14
146277 102
146318 57
146346 107
146354 94
146363 5
146395 86
146399 66
146424 91
146424 113
146437 101
146455 65
146460 36
146483 5
146495 123
146530 29
146557 3
146565 32
146567 26
146584 42
146619 32
146623 110
146626 75
146627 56
146660 116
146703 55
146708 122
146718 112
146740 67
146769 63
146798 59
146802 17
146827 38
146867 63
146910 40
146926 105
146928 103
146972 80
147000 66
147019 2
147059 44
147095 16
147116 71
147145 5
147156 55
147181 79
147225 44
147238 86
147246 13
147287 98
147292 94
147314 80
147355 98
147394 39
147414 90
147428 40
147467 79
147494 29
147514 1
147549 68
147589 2
147611 93
147635 22
147649 6
147668 90
147684 110
147715 44
147740 55
147772 72
147808 79
147838 32
147866 108
147903 92
147918 105
147923 30
147965 96
147986 125
148000 79
148022 84
148037 20
148054 116
148084 10
148098 20
148109 66
148154 122
148179 34
148220 59
148228 108
148269 26
148307 122
148322 116
148328 40
148369 109
148396 14
148402 40
148421 51
148457 50
148485 88
148529 61
148544 100
148565 86
148575 25
148575 44
148598 64
148601 103
148617 34
148632 75
148644 112
148682 115
148694 103
148696 57
148736 30
148738 111
148741 43
148744 1
148763 114
148788 88
148788 19
148813 21
148830 73
148857 53
148871 103
148874 108
148898 16
148931 31
148962 105
148991 55
149014 31
149021 102
149063 45
149091 14
149113 27
149158 14
149168 43
149197 48
149203 78
149216 6
149233 6
149233 121
149251 96
149255 77
149282 96
149326 78
149327 56
149332 79
149377 63
149413 124
149458 126
149480 36
149510 29
149532 116
149564 81
149604 81
149643 3
149665 122
149673 74
149678 126
149700 103
149700 32
149705 122
149722 44
149765 106
149801 120
149821 115
149862 11
149884 14
149909 104
149935 39
149971 41
149971 35
149995 98
150031 72
150047 34
150071 84
150105 102
150138 101
150171 126
150180 52
150205 96
150232 62
150263 82
150281 67
150318 65
150340 14
150365 25
150399 90
150414 21
150432 74
150447 65
150491 18
150501 42
150535 33
150551 24
150582 127
150597 121
150598 66
150618 127
150627 99
150651 125
150658 96
150694 44
150718 64
150761 119
150801 70
150838 43
150860 38
150903 111
150909 10
150945 89
150953 105
150996 122
151026 86
151028 123
151028 74
151064 81
151089 49
151110 31
151151 120
151172 106
151181 12
151204 99
151247 9
151277 80
151292 48
151313 1
151350 2
151378 115
151422 123
151467 69
151488 28
151525 66
151549 35
151585 75
151626 109
151652 10
151667 39
151712 112
151749 68
151766 84
151781 63
151805 117
151844 59
151852 89
151853 66
151887 123
151927 108
151962 83
152001 85
152037 59
152059 116
152064 126
152064 46
152106 101
152137 66
152176 13
152213 56
152234 42
152237 8
152281 67
152304 90
152349 36
152355 19
152381 14
152384 2
152387 88
152411 96
152435 99
152468 82
152473 17
152489 19
152498 81
152533 57
152543 119
152549 127
152549 63
152585 95
152615 62
152650 10
152686 10
152728 37
152735 105
152757 80
152780 61
152818 121
152825 50
152837 13
152848 14
152850 95
152861 101
152876 106
152897 6
152922 118
152926 125
152966 35
152969 76
153006 8
153045 72
153068 42
153102 25
153132 7
153148 10
153150 95
153152 11
153172 90
153198 25
153232 3
153250 34
153260 16
153293 108
153311 43
153354 35
153388 6
153395 119
153428 35
153468 67
153474 48
153484 50
153499 92
153536 22
153549 58
153593 48
153625 87
153626 5
153663 67
153702 37
153745 86
153763 18
153789 121
153796 79
153818 3
153825 123
153845 70
153855 60
153877 26
153909 7
153931 13
153951 60
153963 120
153967 124
153997 63
154020 39
154034 68
154036 86
154073 81
154086 37
154099 112
154100 5
154126 42
154164 5
154178 50
154216 70
154239 54
154245 35
154269 101
154270 63
154311 40
154350 111
154356 19
154363 52
154389 24
154401 124
154439 3
154448 116
154477 102
154493 98
154494 95
154534 100
154539 60
154555 10
154586 30
154596 46
154631 7
154632 72
154634 57
154642 7
154654 4
154662 53
154690 92
154699 94
154712 109
154756 85
154780 120
154811 63
154854 57
154892 70
154909 117
154930 53
154948 31
154990 26
155013 11
155054 46
155087 44
155102 72
155114 101
155125 9
155127 91
155143 13
155166 79
155193 19
155203 62
155233 6
155242 59
155287 14
155305 27
155311 27
155311 32
155323 31
155344 95
155374 5
155398 93
155413 68
155443 61
155448 115
155470 110
155488 40
155521 80
155544 126
155575 88
155617 77
155618 43
155637 63
155671 28
155679 70
155680 69
155699 66
155728 63
155762 27
155763 110
155791 29
155813 78
155849 82
155851 63
155854 40
155865 109
155867 39
155910 4
155924 117
155965 40
155979 42
155984 70
155996 52
156014 38
156043 13
156062 34
156107 30
156145 115
156189 65
156193 87
156217 56
156251 35
156289 85
156297 10
156308 125
156314 64
156354 119
156374 11
156376 22
156376 93
156419 126
156427 36
156437 76
156481 34
156523 39
156560 83
156599 24
156643 108
156670 47
156671 127
156709 50
156737 124
156738 120
156777 66
156814 22
156840 56
156862 97
156899 17
156942 47
156971 123
156987 88
157026 54
157064 126
157086 79
157123 100
157161 39
157200 31
157241 73
157283 40
157284 65
157313 26
157354 93
157391 53
157391 121
157421 107
157461 13
157502 119
157526 67
157536 125
157546 107
157583 6
157592 76
157602 29
157620 73
157642 114
157665 58
157676 3
157716 79
157758 34
157781 92
157793 120
157829 110
157847 95
157869 25
157906 21
157914 77
157946 36
157953 62
157964 110
157967 117
157999 19
158012 10
158049 21
158076 19
158110 14
158137 98
158179 54
158217 101
158235 33
158263 20
158278 90
158323 9
158324 127
158335 3
158347 121
158387 72
158403 92
158411 52
158414 73
158449 125
158463 89
158467 99
158467 67
158486 19
158494 114
158508 26
158538 126
158557 71
158587 103
158598 88
158618 98
158649 25
158675 80
158699 20
158726 38
158735 51
158775 88
158790 85
158795 107
158808 97
158832 77
158850 90
158852 5
158873 119
158881 96
158919 89
158945 100
158961 8
158974 62
159001 3
159033 75
159040 15
159072 22
159090 5
159128 53
159159 59
159175 99
159207 87
159223 77
159232 92
159258 127
159286 126
159323 70
159339 49
159377 113
159384 97
159398 12
159430 18
159468 114
159507 98
159507 39
159517 123
159522 65
159548 94
159561 80
159585 100
159621 58
159624 10
159624 106
159627 106
159655 101
159661 115
159674 30
159682 31
159712 98
159742 101
159763 124
159772 121
159774 66
159807 101
159824 93
159863 7
159890 38
159925 49
159967 41
160005 25
160019 105
160032 81
160036 125
160067 8
160081 16
160095 75
160140 123
160171 72
160199 45
160242 78
160254 16
160296 123
160338 96
160355 115
160355 110
160369 93
160371 124
160381 114
160408 60
160432 22
160466 31
160485 42
160525 20
160541 47
160553 88
160571 29
160613 84
160623 46
160641 85
160646 122
160689 65
160699 30
160724 73
160729 112
160748 20
160782 124
160789 91
160811 120
160814 68
160845 109
160889 81
160911 109
160936 89
160958 109
160973 69
160988 51
160988 41
161017 121
161035 32
161077 85
161111 99
161128 35
161160 4
161199 105
161207 86
161250 38
161271 79
161292 79
161306 111
161309 24
161328 91
161365 9
161402 119
161417 36
161438 14
161482 31
161520 35
161531 78
161532 9
161548 69
161559 68
161598 112
161614 125
161654 79
161687 88
161727 111
161748 103
161767 57
161793 34
161828 20
161853 80
161888 115
161915 94
161945 53
161982 90
162004 110
162029 102
162041 103
162072 24
162099 109
162144 86
162172 91
162192 6
162210 69
162220 117
162232 53
162256 89
162292 68
162319 99
162338 12
162380 39
162421 51
162433 5
162465 31
162478 42
162480 112
162494 60
162506 64
162531 69
162575 54
162610 38
162633 102
162640 123
162662 104
162681 28
162716 47
162749 51
162750 124
162770 84
162790 122
162835 9
162874 41
162914 114
162920 18
162935 89
162966 69
162990 107
163035 77
163072 97
163097 121
163119 43
163157 38
163194 37
163204 107
163232 85
163245 101
163288 93
163314 21
163356 2
163397 30
163417 58
163448 90
163491 56
163518 62
163560 40
163595 55
163595 34
163607 17
163627 102
163633 66
163677 70
163689 113
163725 120
163756 87
163799 64
163803 40
163824 35
163828 6
163872 52
163901 80
163927 2
163948 65
163993 87
164036 75
164067 11
164108 96
164134 83
164144 74
164181 105
164217 44
164235 80
164252 67
164261 107
164261 67
164262 25
164298 9
164317 72
164332 13
164361 78
164399 77
164420 123
164429 7
164468 78
164497 43
164531 123
164539 84
164581 79
164586 3
164604 44
164622 83
164632 52
164657 61
164664 59
164677 43
164681 5
164713 14
164730 35
164771 81
164802 82
164846 40
164858 50
164867 116
164903 83
164935 16
164940 48
164946 44
164986 65
165014 2
165038 116
165039 102
165060 91
165091 21
165107 16
165150 15
165154 16
165173 80
165205 92
165232 11
165247 95
165277 89
165304 123
165334 7
165342 110
165357 86
165368 71
165401 40
165445 17
165458 55
165502 25
165537 93
165563 81
165579 61
165623 10
165626 35
165642 25
165655 77
165667 116
165709 84
165723 74
165748 75
165776 71
165799 47
165821 9
165848 116
165865 44
165884 98
165910 121
165953 16
165956 57
165969 96
166005 111
166020 88
166053 68
166095 106
166117 93
166161 38
166166 38
166208 7
166219 91
166238 120
166264 64
166267 14
166285 12
166299 95
166339 83
166350 24
166358 100
166377 97
166412 38
166429 67
166439 3
166474 28
166507 31
166523 27
166566 37
166600 57
166638 95
166662 46
166664 18
166666 53
166683 102
166708 27
166717 10
166760 29
166776 78
166795 107
166821 8
166836 79
166853 24
166854 91
166882 42
166915 72
166919 7
166943 2
166976 72
167009 116
167022 127
167045 27
167089 126
167129 61
167158 46
167194 45
167207 46
167241 80
167266 115
167278 51
167322 35
167334 36
167361 85
167370 6
167383 20
167383 60
167394 38
167403 80
167403 107
167442 35
167445 111
167455 32
167492 83
167513 116
167547 46
167551 2
167573 105
167613 121
167628 85
167631 84
167657 19
167661 94
167704 39
167719 120
167756 26
167801 78
167809 75
167830 28
167845 79
167855 11
167886 101
167905 38
167906 68
167924 38
167941 57
167945 55
167978 54
168007 10
168037 10
168069 101
168084 60
168103 87
168122 102
168141 77
168164 59
168169 9
168190 85
168206 108
168229 52
168238 37
168240 35
168259 94
168299 107
168305 57
168306 108
168310 82
168329 50
168338 36
168365 93
168394 11
168413 101
168440 117
168442 103
168443 80
168443 40
168455 31
168485 6
168493 42
168530 116
168553 13
168560 21
168605 8
168616 124
168660 22
168673 51
168714 1
168722 15
168765 98
168779 90
168805 66
168833 114
168835 88
168852 1
168885 30
168914 118
168956 95
168979 67
169016 33
169020 86
169027 69
169040 32
169077 77
169077 109
169102 47
169105 55
169140 34
169165 110
169179 40
169217 10
169233 20
169263 44
169285 42
169328 47
169358 123
169384 59
169419 52
169439 43
169472 57
169479 5
169479 73
169491 122
169504 44
169546 120
169572 75
169597 4
169614 99
169638 87
169650 59
169681 39
169718 37
169753 14
169790 93
169835 38
169860 77
169891 121
169910 33
169951 75
169977 17
170008 57
170031 96
170073 84
170090 92
170118 80
170118 71
170142 82
170158 41
170203 56
170228 89
170236 55
170242 69
170254 43
170263 46
170268 100
170270 104
170273 6
170299 52
170312 38
170346 69
170368 73
170373 26
170374 126
170395 75
170411 41
170439 21
170455 50
170497 123
170502 122
170533 100
170563 126
170564 10
170566 87
170611 13
170631 116
170633 126
170667 89
170697 108
170712 90
170724 11
170745 57
170781 58
170783 84
170818 6
170845 111
170875 72
170892 66
170917 3
170941 12
170964 9
171005 53
171012 100
171053 96
171089 55
171092 82
171095 38
171140 33
171151 54
171189 63
171228 118
171246 117
171280 44
171283 27
171306 113
171330 103
171342 107
171348 36
171349 46
171356 51
171366 88
171389 87
171420 3
171462 33
171499 117
171512 2
171516 92
171534 10
171576 48
171608 78
171653 7
171653 9
171671 53
171710 65
171734 45
171762 84
171787 98
171805 43
171841 90
171853 89
171893 16
171927 40
171948 21
171957 53
171988 40
172033 71
172068 113
172110 88
172110 7
172142 77
172169 80
172177 41
172192 77
172237 78
172265 119
172306 114
172349 9
172366 3
172378 72
172391 126
172409 116
172410 68
172429 57
172445 102
172454 80
172465 87
172509 72
172540 12
172557 18
172575 53
172602 36
172617 48
172635 12
172636 3
172657 115
172672 9
172682 65
172697 37
172704 18
172711 15
172728 81
172742 2
172753 60
172765 30
172779 91
172812 104
172821 44
172826 98
172840 126
172881 6
172909 13
172909 9
172922 103
172957 10
172978 64
173009 94
173017 125
173043 74
173057 76
173063 22
173102 53
173125 42
173146 42
173173 13
173191 33
173191 112
173234 126
173273 127
173295 48
173303 71
173324 126
173330 8
173336 2
173337 88
173342 13
173343 39
173388 126
173402 126
173427 50
173469 52
173481 67
173493 92
173520 20
173546 36
173568 5
173595 13
173637 104
173652 25
173682 38
173717 45
173752 41
173789 54
173797 13
173799 16
173822 127
173826 5
173837 95
173868 43
173910 28
173915 25
173917 55
173955 80
173959 55
173993 87
174000 73
174015 36
174059 104
174069 84
174084 65
174125 36
174138 95
174171 90
174185 80
174189 113
174211 37
174229 126
174250 62
174294 122
174311 31
174346 110
174385 21
174413 16
174453 103
174477 22
174517 6
174526 4
174549 23
174577 107
174617 111
174656 85
174691 19
174725 24
174726 39
174726 115
174726 48
174766 100
174798 23
174822 69
174827 113
174837 126
174850 51
174876 6
174885 47
174925 28
174965 125
174983 44
174996 113
175032 111
175067 10
175073 50
175078 107
175092 83
175106 100
175150 65
175177 5
175192 51
175234 58
175270 118
175288 32
175292 108
175325 6
175332 98
175368 90
175413 5
175436 117
175437 115
175478 16
175504 96
175534 99
175549 41
175552 105
175564 79
175599 93
175628 49
175658 86
175699 59
175723 30
175753 125
175763 20
175776 110
175821 5
175833 75
175875 112
175877 124
175922 47
175922 55
175951 41
175990 97
176015 46
176032 12
176077 31
176121 53
176154 123
176165 23
176177 96
176179 38
176182 19
176197 69
176213 103
176247 116
176272 81
176272 12
176298 50
176320 51
176328 7
176352 110
176359 12
176395 68
176396 10
176400 7
176436 56
176442 33
176469 36
176486 43
176505 35
176537 13
176537 85
176552 6
176597 45
176636 23
176650 72
176674 82
176700 35
176730 105
176751 61
176760 92
176804 85
176807 14
176823 89
176860 119
176862 71
176864 82
176875 33
176912 1
176919 123
176920 111
176939 35
176962 98
176985 17
176992 38
176994 1
177010 87
177039 9
177071 42
177103 56
177118 102
177131 5
177163 27
177207 32
177244 86
177254 58
177273 37
177289 45
177332 12
177350 2
177366 109
177407 82
177408 40
177415 44
177421 107
177427 68
177427 87
177446 13
177449 85
177487 58
177527 66
177558 26
177600 85
177645 64
177679 9
177710 41
177726 52
177748 86
177788 114
177833 111
177863 81
177866 31
177873 29
177903 99
177943 63
177979 51
177990 26
178030 40
178042 8
178063 19
178068 8
178078 126
178112 73
178112 86
178115 118
178138 23
178142 43
178183 1
178209 83
178235 12
178236 17
178254 26
178281 85
178315 100
178322 16
178335 72
178357 82
178402 109
178437 93
178441 56
178451 21
178466 124
178472 91
178475 113
178515 32
178535 90
178577 68
178578 53
178598 41
178626 87
178637 103
178673 54
178692 91
178716 112
178733 122
178737 18
178742 41
178767 49
178775 79
178819 38
178823 76
178853 57
178886 105
178912 116
178919 12
178951 1
178972 104
178995 118
179034 6
179034 100
179064 38
179071 110
179094 108
179102 28
179135 29
179138 6
179167 74
179173 66
179192 77
179194 10
179194 24
179219 16
179230 33
179269 60
179278 46
179321 18
179322 76
179349 86
179351 113
179357 13
179375 3
179420 71
179464 78
179488 91
179506 69
179514 14
179558 92
179602 46
179621 71
179625 59
179653 124
179696 73
179708 87
179729 45
179741 127
179745 7
179771 80
179792 57
179827 78
179833 37
179839 47
179864 19
179876 42
179877 31
179897 33
179940 111
179970 122
179988 15
180028 56
180047 29
180065 44
180078 46
180113 12
180119 32
180155 64
180163 72
180199 6
180241 107
180253 102
180259 33
180281 56
180324 26
180348 118
180358 33
180381 20
180405 48
180438 39
180468 89
180475 41
180481 86
180481 119
180495 30
180531 92
180570 4
180610 12
180641 99
180648 108
180660 79
180699 124
180729 96
180736 63
180763 118
180806 97
180827 57
180863 61
180899 19
180941 119
180948 125
180954 41
180963 22
180987 79
181031 64
181074 99
181075 117
181108 94
181110 19
181152 103
181162 38
181205 124
181244 58
181255 99
181270 125
181299 127
181308 123
181344 55
181365 32
181379 28
181393 116
181414 66
181424 89
181461 62
181487 50
181521 46
181539 44
181577 48
181593 122
181611 95
181629 126
181629 49
181655 120
181662 118
181669 96
181693 25
181710 20
181726 96
181767 14
181793 11
181837 110
181839 101
181853 74
181858 23
181876 99
181903 112
181943 18
181974 55
181991 87
182006 94
182040 86
182056 105
182097 15
182118 45
182155 105
182191 26
182233 10
182234 29
182247 4
182262 16
182269 106
182300 86
182315 55
182337 5
182382 56
182390 111
182406 53
182410 37
182412 1
182436 11
182453 105
182457 28
182480 125
182503 74
182539 82
182549 70
182586 11
182610 71
182628 90
182628 123
182654 113
182687 25
182700 66
182702 99
182745 83
182751 123
182764 29
182801 97
182818 122
182842 25
182887 118
182909 100
182941 68
182977 122
182999 66
183013 41
183050 28
183058 33
183100 51
183120 21
183136 12
183154 124
183191 126
183208 54
183230 35
183268 9
183271 125
183297 31
183342 69
183376 42
183410 82
183417 99
183431 74
183453 27
183473 47
183489 19
183502 26
183512 68
183531 75
183544 49
183588 37
183597 49
183628 44
183656 82
183660 44
183670 17
183677 90
183699 55
183722 108
183767 1
183782 7
183804 33
183808 83
183818 7
183842 85
183850 56
183853 30
183889 98
183921 3
183961 41
184006 54
184022 33
184059 11
184078 12
184095 70
184112 7
184119 2
184159 83
184190 69
184225 64
184254 51
184255 47
184265 83
184304 24
184345 94
184387 53
184418 32
184447 92
184488 30
184505 115
184537 39
184575 56
184583 62
184599 51
184601 72
184639 51
184657 60
184683 39
184704 18
184747 16
184772 41
184801 35
184810 1
184845 17
184887 4
184902 93
184911 2
184927 7
184962 99
185002 62
185017 38
185029 122
185040 12
185042 120
185064 43
185072 50
185095 119
185121 105
185150 22
185154 103
185181 81
185198 19
185221 37
185243 35
185254 86
185269 2
185284 122
185284 46
185301 64
185313 110
185348 119
185374 70
185393 63
185397 125
185415 123
185447 7
185474 47
185514 109
185555 109
185588 86
185618 26
185637 32
185681 45
185700 119
185714 76
185756 43
185768 66
185775 72
185813 115
185814 100
185824 31
185843 56
185867 59
185902 28
185904 82
185923 98
185957 60
185973 87
186017 117
186033 91
186043 2
186064 29
186105 5
186148 93
186167 6
186203 53
186217 28
186247 111
186278 15
186310 26
186324 118
186365 27
186371 36
186400 92
186426 67
186431 24
186442 37
186468 112
186509 27
186539 115
186581 22
186619 118
186619 77
186663 32
186694 123
186698 14
186716 86
186718 6
186722 66
186757 32
186767 9
186809 31
186823 39
186834 40
186874 55
186904 82
186922 87
186939 72
186968 61
187003 80
187028 96
187062 15
187098 71
187099 29
187099 27
187102 66
187111 58
187151 26
187186 51
187223 23
187251 112
187255 103
187258 41
187266 68
187268 116
187309 78
187315 25
187327 42
187359 74
187359 47
187376 51
187413 12
187451 21
187454 31
187485 29
187498 85
187533 13
187554 35
187597 20
187637 28
187678 94
187694 97
187733 69
187742 72
187764 115
187773 53
187782 115
187794 55
187805 102
187809 2
187848 24
187871 112
187906 64
187940 104
187969 61
188000 50
188002 45
188017 36
188037 56
188067 1
188098 108
188136 123
188157 92
188190 111
188234 122
188269 113
188291 28
188319 100
188322 56
188328 124
188362 38
188400 110
188410 23
188420 13
188464 70
188497 40
188504 43
188524 52
188561 28
188599 68
188639 47
188681 61
188687 60
188698 36
188713 58
188742 118
188782 112
188782 55
188792 51
188819 90
188847 3
188884 69
188929 71
188973 86
188973 73
189015 28
189058 59
189078 55
189100 109
189110 95
189133 109
189166 50
189210 118
189253 48
189261 71
189266 72
189284 38
189297 120
189297 94
189336 23
189381 109
189423 71
189428 23
189437 91
189451 41
189459 94
189502 47
189540 85
189569 34
189597 121
189604 93
189616 96
189634 25
189650 9
189653 96
189690 108
189728 52
189749 81
189763 123
189794 34
189810 93
189822 106
189845 74
189873 39
189891 5
189893 95
189902 9
189924 62
189969 70
189985 100
189998 11
190003 8
190027 68
190072 52
190110 101
190118 78
190152 123
190189 44
190204 122
190209 72
190231 87
190250 110
190275 69
190304 86
190325 104
190328 44
190362 14
190370 88
190404 33
190430 50
190465 38
190481 89
190521 24
190525 7
190545 104
190590 126
190600 89
190600 31
190645 82
190645 9
190658 2
190659 42
190676 88
190720 21
190721 89
190766 19
190783 27
190827 31
190848 68
190849 44
190857 117
190876 114
190876 61
190886 7
190916 13
190951 21
190979 8
190988 111
191006 108
191015 48
191029 40
191041 19
191052 94
191053 106
191064 4
191064 101
191067 35
191068 13
191099 16
191139 124
191162 10
191172 99
191211 31
191250 108
191289 47
191330 25
191338 116
191351 103
191376 1
191418 47
191459 97
191481 11
191491 122
191494 49
191496 42
191522 112
191552 11
191586 13
191599 33
191640 126
191675 79
191703 25
191743 53
191761 6
191802 85
191846 117
191862 46
191882 24
191906 62
191912 56
191928 71
191952 102
191981 14
192010 9
192030 14
192032 120
192038 54
192079 24
192113 64
192145 12
192183 111
192217 79
192238 97
192255 22
192290 52
192321 6
192329 52
192367 5
192398 8
192428 92
192449 74
192474 108
192485 39
192519 127
192522 87
192556 16
192598 109
192619 70
192638 29
192656 5
192690 26
192697 56
192714 62
192745 8
192751 59
192770 51
192789 127
192806 34
192825 54
192863 32
192885 106
192888 24
192902 9
192906 57
192918 94
192933 20
192942 55
192950 62
192987 16
193032 69
193068 31
193100 52
193126 2
193143 76
193145 10
193150 5
193181 94
193182 97
193182 64
193183 70
193208 65
193240 123
193264 102
193267 127
193292 42
193324 58
193327 33
193344 9
193387 5
193420 76
193420 96
193441 111
193466 12
193501 109
193503 33
193543 122
193562 112
193568 33
193612 62
193641 9
193649 51
193690 39
193699 49
193721 80
193751 86
193790 54
193810 14
193819 57
193835 83
193875 99
193911 75
193927 19
193952 74
193978 38
193993 80
194015 29
194045 103
194052 123
194088 106
194132 37
194158 54
194168 18
194190 44
194213 40
194250 84
194286 116
194299 6
194342 1
194374 124
194395 112
194399 97
194428 24
194429 52
194474 17
194484 100
194505 13
194506 6
194540 57
194550 80
194571 31
194593 122
194593 105
194620 98
194635 31
194639 4
194673 66
194679 34
194712 124
194734 88
194742 57
194752 21
194792 14
194805 76
194836 70
194864 61
194899 75
194902 78
194945 28
194946 66
194951 5
194967 30
194984 113
195029 63
195060 49
195079 109
195081 72
195083 90
195116 49
195119 38
195134 25
195178 77
195182 88
195227 65
195241 103
195252 82
195290 35
195301 87
195344 105
195365 41
195382 83
195423 5
195467 93
195475 85
195501 29
195520 66
195555 93
195595 83
195619 76
195657 14
195680 59
195719 26
195742 111
195786 121
195819 85
195856 23
195875 92
195920 87
195962 76
195965 32
196005 26
196005 85
196045 20
196054 99
196057 45
196095 123
196101 25
196133 89
196133 56
196165 114
196188 88
196233 29
196255 122
196264 125
196285 13
196297 91
196316 27
196330 6
196339 32
196344 99
196350 89
196358 32
196365 26
196399 30
196443 8
196458 70
196490 49
196519 72
196531 72
196553 60
196567 52
196594 76
196625 125
196652 52
196658 46
196696 60
196739 58
196744 3
196757 11
196774 125
196813 17
196827 105
196836 76
196839 32
196856 42
196873 83
196896 61
196921 44
196935 13
196968 3
197002 20
197026 53
197026 53
197053 20
197085 2
197088 45
197092 66
197124 126
197144 60
197179 14
197222 35
197239 122
197240 55
197278 20
197285 31
197286 17
197304 9
197347 57
197392 100
197422 29
197430 107
197464 38
197487 38
197491 94
197534 46
197565 27
197605 10
197612 88
197657 126
197693 115
197729 79
197738 73
197754 25
197784 58
197801 7
197836 110
197846 43
197888 62
197928 76
197937 83
197958 68
197996 29
198000 122
198044 77
198046 127
198054 94
198099 19
198107 56
198144 121
198153 14
198184 38
198186 52
198201 48
198226 57
198228 24
198269 29
198307 95
198319 62
198334 72
198365 81
198377 111
198387 75
198432 127
198469 65
198499 110
198503 32
198511 68
198526 81
198556 35
198576 24
198615 101
198640 23
198667 84
198684 122
198716 26
198718 4
198760 29
198804 63
198834 92
198861 80
198880 45
198921 77
198937 119
198976 8
199009 23
199054 33
199071 65
199071 46
199091 44
199130 119
199142 38
199182 48
199189 39
199229 20
199233 122
199267 50
199280 53
199316 28
199323 126
199339 37
199380 29
199390 61
199406 24
199415 23
199460 10
199488 21
199524 71
199556 63
199559 98
199575 32
199597 84
199620 35
199625 120
199626 102
199635 1
199680 116
199687 120
199692 89
199719 119
199758 25
199803 86
199840 76
199841 56
199844 120
199875 30
199905 68
199923 87
199968 111
199973 123
199984 125
200005 66
200021 27
200048 120
200072 46
200103 90
200128 126
200147 77
200165 119
200172 63
200176 73
200190 99
200202 73
200202 30
200213 58
200251 35
200251 18
200283 50
200325 71
200357 115
200361 42
200372 81
200412 102
200415 19
200426 103
200444 78
200487 73
200513 11
200544 54
200553 83
200563 122
200572 83
200596 120
200633 90
200655 32
200678 38
200719 52
200754 109
200774 52
200816 65
200850 120
200864 112
200877 56
200897 71
200912 111
200929 63
200962 3
200973 64
200976 18
200976 94
200994 112
201005 112
201028 100
201048 93
201070 68
201097 38
201108 110
201127 57
201144 96
201175 95
201181 5
201187 89
201212 40
201240 53
201265 72
201298 91
201337 98
201361 12
201389 81
201416 107
201447 51
201481 90
201525 116
201526 94
201528 79
201562 64
201596 84
201626 106
201656 83
201663 77
201682 23
201700 55
201742 53
201772 91
201808 80
201820 70
201843 65
201851 96
201891 8
201923 45
201960 10
201979 42
201979 71
202021 119
202042 57
202085 67
202096 109
202122 64
202146 106
202180 76
202220 120
202247 53
202260 1
202260 84
202285 111
202308 23
202316 13
202348 101
202350 60
202371 20
202378 47
202380 55
202403 15
202412 29
202432 2
202436 112
202452 121
202464 39
202490 73
202533 47
202578 76
202592 42
202618 62
202629 114
202629 127
202673 83
202685 103
202718 23
202753 64
202786 123
202831 104
202859 126
202897 77
202920 106
202947 119
202969 85
202990 95
203025 76
203057 59
203100 50
203130 10
203167 3
203208 89
203234 90
203273 67
203298 2
203332 61
203334 39
203352 121
203361 46
203392 116
203399 15
203419 15
203426 55
203465 29
203509 54
203531 63
203554 40
203586 74
203600 115
203618 94
203645 13
203678 99
203699 75
203699 34
203727 82
203730 64
203734 104
203740 60
203747 122
203765 96
203767 96
203792 100
203807 1
203850 125
203854 31
203870 50
203895 30
203928 93
203966 125
203995 58
204006 108
204038 90
204054 74
204086 24
204116 75
204137 64
204155 69
204167 62
204176 72
204203 30
204248 70
204264 10
204275 40
204304 37
204326 121
204345 41
204347 19
204365 22
204385 7
204419 92
204419 1
204428 56
204451 82
204476 48
204477 45
204488 51
204506 105
204545 108
204573 3
204588 82
204615 60
204625 94
204636 121
204658 31
204661 57
204683 84
204695 59
204706 8
204714 40
204749 73
204750 104
204779 50
204792 25
204822 41
204844 69
204866 69
204882 74
204890 79
204891 78
204896 64
204900 6
204941 93
204944 23
204976 71
205008 117
205041 40
205084 36
205087 70
205118 60
205145 66
205172 65
205216 37
205232 87
205251 25
205257 59
205261 46
205268 11
205293 86
205310 89
205351 110
205362 23
205405 12
205405 109
205428 83
205468 52
205487 66
205507 74
205507 26
205538 116
205567 3
205601 116
205621 108
205624 119
205651 62
205670 34
205698 75
205701 62
205729 95
205750 60
205790 70
205835 41
205841 103
205878 101
205880 82
205900 92
205905 92
205928 27
205971 35
205983 31
206005 113
206033 26
206061 125
206066 94
206087 100
206097 7
206126 10
206165 35
206166 64
206207 9
206211 96
206221 3
206224 37
206238 97
206240 12
206245 53
206276 39
206279 27
206280 86
206298 122
206332 118
206333 70
206359 31
206365 119
206372 38
206380 47
206385 127
206410 125
206419 75
206420 31
206458 51
206471 61
206496 99
206504 31
206527 108
206538 53
206573 29
206591 110
206598 60
206613 65
206645 39
206667 86
206684 108
206690 48
206715 35
206741 71
206767 46
206803 95
206821 86
206832 75
206848 48
206853 92
206863 12
206908 47
206946 80
206977 4
206986 48
207029 14
207060 66
207080 42
207101 106
207115 116
207158 11
207198 103
207217 3
207252 84
207296 37
207308 68
207311 114
207328 78
207354 64
207375 36
207402 62
207423 87
207428 28
207442 94
207458 121
207473 38
207506 100
207515 15
207545 74
207583 61
207583 97
207602 52
207623 81
207645 100
207667 104
207678 119
207704 9
207737 82
207742 91
207774 103
207782 34
207819 69
207840 37
207861 22
207862 12
207902 32
207922 28
207937 109
207967 27
207973 15
208017 125
208049 80
208079 70
208097 79
208133 110
208154 7
208177 126
208212 72
208242 64
208275 26
208319 109
208322 5
208327 76
208331 4
208353 49
208381 95
208405 80
208434 43
208466 10
208474 64
208506 114
208542 74
208547 79
208566 65
208601 72
208645 30
208674 34
208677 64
208679 8
208686 94
208695 100
208738 31
208775 29
208779 38
208820 24
208846 113
208864 74
208871 6
208909 14
208910 58
208917 4
208932 112
208973 43
209015 45
209016 7
209060 75
209100 66
209144 114
209153 98
209183 71
209210 84
209227 19
209231 106
209270 50
209279 84
209317 39
209320 65
209362 80
209364 65
209368 47
209403 49
209447 86
209456 69
209491 28
209524 26
209552 118
209583 118
209591 99
209593 73
209623 58
209637 123
209639 51
209660 39
209690 84
209718 99
209722 121
209744 116
209758 127
209765 113
209768 13
209786 103
209798 63
209803 40
209810 64
209844 12
209845 125
209851 53
209862 7
209870 99
209874 116
209875 27
209910 125
209928 14
209928 18
209969 100
209994 22
209994 116
210005 2
210037 32
210081 96
210102 6
210133 30
210153 107
210172 73
210197 46
210226 29
210247 77
210287 85
210287 60
210311 108
210343 13
210372 85
210410 111
210434 116
210438 125
210455 103
210470 76
210513 27
210538 20
210565 11
210593 78
210620 89
210641 50
210649 43
210672 70
210684 79
210713 42
210730 72
210769 69
210807 14
210849 24
210850 58
210885 50
210911 13
210926 126
210955 8
210958 124
210970 32
211013 111
211030 29
211035 104
211071 43
211075 66
211100 7
211136 71
211161 10
211186 70
211191 13
211209 50
211219 74
211260 100
211291 53
211322 114
211334 72
211363 13
211368 97
211412 37
211432 22
211468 90
211481 56
211489 77
211506 92
211539 80
211547 21
211576 125
211612 79
211615 79
211657 75
211657 71
211697 84
211726 18
211758 117
211784 40
211803 125
211814 78
211840 29
211846 34
211878 47
211910 20
211950 1
211982 72
211994 60
212018 53
212024 103
212033 75
212059 67
212062 97
212082 113
212103 36
212112 59
212131 46
212167 21
212201 70
212234 88
212239 66
212283 104
212283 86
212290 90
212325 16
212352 109
212353 126
212379 42
212409 49
212444 54
212481 23
212497 64
212515 116
212537 96
212562 81
212584 114
212619 72
212654 62
212683 50
212709 49
212745 48
212775 86
212790 84
212831 77
212845 109
212890 46
212921 102
212928 56
212931 59
212971 99
213014 98
213035 102
213065 66
213098 23
213119 23
213162 107
213172 24
213175 12
213182 15
213186 94
213200 88
213221 57
213234 3
213239 68
213259 30
213259 7
213285 79
213306 109
213321 80
213323 82
213323 66
213352 39
213392 56
213398 46
213402 124
213409 48
213412 102
213455 50
213467 63
213511 24
213529 53
213542 44
213580 104
213595 36
213614 34
213654 21
213662 64
213671 58
213671 123
213699 30
213727 90
213758 70
213780 55
213781 23
213809 26
213844 67
213878 91
213913 110
213957 98
213985 54
213995 74
214038 126
214044 45
214048 20
214056 84
214097 61
214128 97
214135 62
214169 93
214205 38
214226 43
214237 97
214256 104
214284 45
214306 104
214346 81
214381 103
214423 7
214447 109
214467 20
214477 7
214492 90
214493 36
214497 105
214522 115
214524 70
214541 87
214544 84
214566 21
214592 72
214624 69
214662 125
214677 70
214708 86
214739 109
214771 114
214787 2
214806 53
214845 57
214866 41
214910 80
214923 80
214931 81
214944 8
214949 67
214994 60
215034 76
215053 113
215093 114
215118 57
215122 73
215133 27
215152 115
215191 79
215226 66
215264 11
215275 65
215297 39
215303 4
215311 62
215324 1
215340 119
215348 74
215383 3
215405 105
215413 88
215439 124
215460 12
215461 111
215504 112
215523 77
215563 73
215603 16
215616 73
215650 39
215661 76
215675 120
215695 77
215710 14
215741 38
215754 39
215792 87
215803 14
215808 87
215846 64
215862 34
215892 50
215905 88
215905 24
215909 16
215912 50
215948 114
215984 39
215995 17
216026 93
216046 53
216089 23
216117 7
216147 125
216167 3
216193 102
216228 30
216237 70
216267 100
216312 17
216322 74
216353 44
216353 35
216397 24
216420 93
216431 60
216448 119
216453 74
216481 5
216482 44
216496 117
216506 23
216515 91
216515 101
216527 27
216547 87
216554 10
216564 74
216570 100
216586 26
216586 82
216586 105
216594 28
216611 60
216611 10
216623 32
216667 127
216687 25
216700 3
216700 17
216743 119
216759 12
216768 50
216769 39
216802 26
216847 107
216885 110
216890 52
216895 43
216932 114
216956 103
216981 17
217012 81
217034 4
217070 8
217092 29
217098 41
217134 39
217155 71
217187 16
217210 124
217226 114
217240 36
217267 42
217282 11
217327 99
217339 40
217340 52
217365 110
217373 94
217410 34
217424 56
217450 117
217457 88
217488 37
217528 13
217552 87
217572 81
217610 126
217654 41
217660 110
217687 113
217700 79
217728 101
217759 69
217777 71
217818 119
217854 83
217878 7
217881 98
217884 75
217898 20
217937 22
217941 98
217953 10
217958 122
217996 117
218004 2
218028 12
218041 39
218045 33
218047 37
218049 17
218071 83
218087 19
218098 84
218122 27
218122 20
218135 117
218147 24
218186 22
218219 114
218254 59
218282 99
218327 48
218347 65
218390 63
218412 60
218430 13
218440 13
218473 98
218508 19
218520 14
218529 49
218554 50
218591 56
218598 28
218623 121
218650 55
218665 18
218685 51
218726 1
218762 98
218775 38
218786 22
218828 104
218846 38
218891 101
218924 24
218929 9
218937 83
218946 23
218975 26
218987 119
219005 3
219024 107
219069 99
219082 7
219117 97
219136 23
219167 67
219188 82
219225 38
219240 83
219255 124
219265 43
219273 35
219293 8
219306 4
219337 12
219355 88
219355 83
219397 58
219423 95
219445 63
219465 56
219468 121
219512 52
219531 91
219548 96
219580 15
219624 23
219646 40
219686 89
219713 117
219713 95
219739 51
219742 107
219768 48
219807 32
219843 63
219850 55
219886 48
219919 11
219920 99
219964 80
220001 20
220038 26
220039 53
220042 47
220076 99
220116 28
220141 85
220155 98
220191 56
220211 28
220238 9
220264 62
220301 36
220327 44
220360 122
220404 5
220433 55
220469 5
220512 81
220538 28
220583 89
220589 95
220595 37
220640 46
220671 93
220707 23
220732 106
220748 116
220748 114
220788 71
220812 12
220827 48
220843 50
220866 91
220899 80
220910 103
220919 1
220925 39
220951 5
220979 20
221014 2
221032 17
221033 51
221053 82
221098 97
221129 76
221150 54
221162 99
221188 111
221225 79
221225 76
221255 86
221278 110
221316 17
221349 64
221394 125
221428 83
221442 29
221454 62
221460 26
221484 17
221518 60
221554 80
221580 11
221595 72
221634 56
221676 60
221709 83
221739 112
221756 101
221769 13
221813 5
221833 56
221876 71
221919 74
221961 45
221995 54
221997 110
222015 125
222028 88
222049 14
222061 67
222089 3
222109 99
222122 45
222139 74
222153 116
222193 18
222231 51
222271 4
222278 115
222303 101
222317 73
222318 20
222360 65
222388 89
222407 91
222418 77
222437 18
222477 20
222497 98
222528 120
222532 46
222541 80
222574 92
222598 96
222622 51
222651 117
222694 104
222718 71
222750 47
222753 93
222783 50
222787 81
222796 94
222829 116
222846 78
222866 48
222896 78
222899 126
222917 107
222959 57
222975 78
222993 47
223008 17
223038 99
223049 81
223067 78
223091 81
223117 12
223118 49
223125 108
223138 86
223168 100
223189 24
223221 65
223258 119
223258 59
223302 95
223330 22
223372 104
223388 63
223420 125
223461 60
223505 56
223549 61
223569 15
223613 65
223632 101
223650 82
223683 4
223701 34
223743 82
223778 101
223778 67
223815 124
223855 125
223858 102
223868 93
223891 2
223932 66
223945 82
223989 23
223993 45
224008 56
224026 111
224061 104
224065 32
224098 32
224099 54
224143 78
224172 114
224173 75
224207 49
224235 45
224237 52
224255 116
224297 101
224319 113
224362 9
224376 67
224386 78
224395 102
224411 25
224423 66
224447 39
224447 37
224485 116
224499 101
224503 18
224519 57
224547 19
224570 79
224605 81
224648 71
224652 78
224675 94
224679 116
