15 15
21 39
28 118
63 58
105 96
118 39
140 43
179 52
205 25
241 2
276 11
296 9
314 24
330 60
355 54
380 95
404 59
440 51
445 89
469 72
488 86
493 41
497 99
505 8
522 68
537 114
550 111
586 50
589 1
606 83
646 119
673 121
717 82
760 67
774 33
798 90
799 56
832 28
869 34
896 28
912 12
939 114
967 13
1011 111
1034 121
1046 38
1067 44
1080 104
1089 17
1089 127
1097 51
1124 88
1155 56
1175 12
1217 60
1231 97
1262 84
1292 80
1309 44
1351 44
1370 21
1381 100
1385 53
1404 27
1422 24
1452 125
1468 25
1512 111
1552 2
1559 81
1559 100
1564 34
1595 40
1629 104
1643 8
1649 89
1679 23
1706 82
1725 79
1736 125
1736 51
1762 18
1802 37
1846 16
1850 91
1861 51
1865 58
1901 66
1916 56
1946 54
1977 97
1977 67
1995 7
2025 12
2028 46
2050 91
2077 1
2114 16
2126 102
2156 64
