30 41
48 14
63 116
99 57
138 1
160 66
199 49
214 114
242 87
256 94
293 86
306 92
317 67
361 80
393 118
413 70
416 58
444 65
460 90
505 101
542 123
557 29
557 127
559 110
594 95
606 28
648 105
693 124
711 15
744 121
777 21
817 83
842 95
850 77
854 91
870 87
876 116
877 70
922 114
946 6
950 112
965 113
988 111
995 87
1033 22
1035 94
1056 50
1057 24
1058 37
1081 55
1108 5
1141 31
1157 7
1158 87
1168 65
1181 33
1193 18
1198 55
1216 119
1227 91
1271 15
1310 45
1327 96
1338 39
1341 81
1345 89
1372 20
1395 42
1421 6
1461 41
1480 3
1505 59
1540 115
1550 75
1567 105
1584 75
1621 40
1646 4
1647 73
1675 63
1712 32
1749 88
1793 70
1820 77
1858 82
1882 54
1882 11
1889 117
1919 92
1928 112
1932 124
1939 64
1974 105
1993 35
2002 84
2009 9
2042 37
2069 75
2110 83
2141 119
2175 38
2211 62
2226 5
2271 17
2302 87
2303 84
2309 17
2311 120
2350 80
2375 28
2395 38
2403 78
2430 54
2453 31
2487 23
2506 107
2511 71
2524 77
2533 103
2578 67
2616 7
2624 11
2647 93
2667 124
2699 92
2735 4
2743 87
2758 70
2784 26
2790 114
2809 79
2832 127
2875 66
2894 115
2922 58
2946 20
2949 23
2950 100
2959 124
2984 83
3012 72
3029 79
3066 103
3067 89
3075 48
3083 121
3101 4
3134 44
3136 13
3149 42
3169 65
3211 123
3215 46
3249 26
3293 127
3321 51
3332 41
3375 79
3414 61
3432 118
3472 98
3514 51
3551 26
3579 126
3588 72
3596 72
3641 34
3672 87
3672 87
3676 32
3708 49
3743 90
3783 58
3801 58
3831 53
3873 79
3880 58
3899 27
3922 4
3958 45
3983 56
4006 74
4011 73
4028 46
4061 57
4099 107
4139 111
4183 64
4214 79
4242 69
4276 42
4290 61
4307 121
4334 60
4348 25
4385 116
4407 24
4433 80
4465 117
4486 3
4500 34
4509 41
4527 70
4565 98
4590 13
4628 25
4649 20
4675 30
4698 112
4709 98
4752 17
4766 80
4792 11
4833 113
4848 63
4853 36
4891 34
4902 20
4926 14
4931 7
4976 93
5020 98
5052 98
5072 15
5105 125
5116 83
5125 23
5158 101
5197 35
5239 93
5271 98
5292 37
5302 86
5344 117
5368 45
5379 23
5406 52
5442 105
5475 22
5488 123
5531 28
5575 115
5616 6
5653 45
5693 123
5703 27
5706 67
5734 27
5776 106
5792 24
5822 51
5845 105
5873 42
5875 59
5875 31
5896 84
5897 40
5918 21
5929 118
5943 116
5943 59
5956 43
5972 99
5974 60
5997 120
6029 19
6038 78
6083 26
6115 124
6150 32
6154 100
6198 22
6221 64
6260 25
6294 17
6324 107
6369 1
6414 101
6421 37
6434 4
6465 103
6467 75
6488 4
6493 108
6498 9
6508 96
6551 81
6588 42
6602 48
6643 84
6643 100
6659 113
6686 83
6711 36
6750 7
6788 70
6808 41
6842 12
6856 53
6887 23
6895 26
6903 68
6939 84
6961 83
6973 71
6986 36
7012 26
7013 123
7038 54
7076 4
7118 67
7153 53
7161 63
7202 98
7202 9
7234 72
7274 26
7297 96
7336 4
7367 35
7393 9
7436 98
7437 20
7471 99
7484 74
7503 67
7527 97
7543 36
7545 105
7572 117
7601 110
7614 94
7623 34
7637 20
7663 96
7704 123
7719 24
7745 2
7746 74
7776 2
7801 108
7818 5
7861 79
7879 36
7907 60
7923 15
7949 76
7968 16
8000 15
8036 115
8065 12
8084 113
8094 99
8118 43
8127 73
8163 88
8174 119
8176 26
8179 26
8180 126
8180 48
8202 1
8225 6
8235 15
8249 46
8256 72
8295 115
8315 122
8351 73
8382 52
8416 103
8421 74
8447 2
8483 99
8522 29
8527 48
8554 33
8556 4
8592 72
8610 61
8628 76
8670 87
8696 7
8717 53
8720 127
8753 70
8779 89
8816 57
8818 76
8856 34
8901 21
8938 115
8976 124
8977 108
8992 60
9005 8
9044 15
9050 34
9079 37
9106 37
9140 28
9165 126
9184 91
9220 96
9246 122
9251 98
9276 119
9317 60
9328 16
9358 112
9378 94
9416 88
9460 83
9501 44
9525 18
9566 34
9578 30
9612 124
9615 124
9624 10
9657 47
9669 60
9684 108
9689 91
9731 13
9754 62
9771 102
9799 44
9836 69
9858 32
9891 38
9913 103
9951 94
9952 45
9986 9
10008 46
10040 11
10044 107
10057 123
10093 8
10119 15
10154 3
10180 20
10198 127
10227 117
10247 72
10268 28
10294 60
10317 76
10353 64
10360 62
10376 111
10411 15
10418 120
10432 18
10470 102
10473 115
10480 17
10482 90
10503 103
10504 124
10506 36
10546 4
10565 109
10602 55
10618 124
10632 92
10669 47
10686 122
10702 124
10726 68
10733 60
10746 41
10787 38
10806 97
10820 13
10830 11
10830 105
10870 66
10875 13
10912 86
10930 89
10971 22
11008 2
11030 96
11070 37
11079 96
11088 125
11123 61
11143 68
11172 111
11206 64
11213 127
11244 44
11277 110
11293 117
11307 43
11313 67
11353 26
11392 83
11434 68
11441 18
11462 7
11495 102
11512 20
11525 55
11564 65
11592 34
11624 57
11666 79
11685 4
11710 124
11753 10
11792 58
11794 47
11835 115
11858 26
11886 15
11916 17
11935 72
11965 13
11989 16
11991 86
12028 11
12034 99
12049 78
12063 24
12068 9
12087 71
12109 67
12128 115
12159 70
12194 8
12215 35
12225 120
12244 118
12250 57
12254 89
12296 111
12325 84
12353 44
12388 80
12426 67
12467 91
12498 80
12517 83
12551 108
12580 43
12589 58
12634 19
12674 113
12690 37
12700 56
12702 81
12746 23
12760 91
12781 74
12819 40
12823 13
12864 28
12904 69
12913 118
12923 94
12926 99
12947 4
12990 109
12998 24
13018 17
13063 15
13103 86
13109 18
13144 47
13164 117
13197 34
13215 91
13226 51
13236 85
13263 69
13305 71
13309 114
13327 84
13340 112
13378 99
13389 30
13432 119
13441 81
13474 25
13498 68
13528 48
13555 62
13579 115
13592 91
13597 41
13606 93
13607 4
13648 7
13655 43
13680 88
13706 14
13740 59
13761 120
13771 51
13794 2
13824 113
13837 33
13838 11
13866 54
13904 1
13923 9
13923 45
13948 103
13976 97
14003 109
14012 51
14044 94
14055 105
14095 3
14132 68
14175 86
14192 87
14234 17
14266 76
14276 107
14281 105
14296 101
14331 61
14334 78
14373 93
14396 14
14415 18
14434 87
14466 55
14489 29
14508 66
14540 83
14583 107
14599 26
14601 90
14624 84
14667 121
14690 118
14700 16
14733 112
14775 55
14802 40
14837 29
14880 43
14884 88
14923 25
14954 46
14962 42
14983 77
15000 83
15028 8
15069 71
15073 11
15073 116
15105 115
15148 64
15165 59
15189 115
15211 60
15215 82
15238 9
15263 99
15288 9
15315 54
15321 92
15326 92
15364 65
15398 90
15430 29
15473 27
15483 104
15488 121
15505 36
15514 51
15532 30
15570 64
15589 78
15589 88
15619 9
15651 73
15676 21
15679 95
15688 126
15732 124
15737 81
15738 123
15751 31
15785 101
15811 20
15842 81
15885 121
15900 70
15926 89
15944 26
15981 118
15982 119
16005 75
16046 57
16054 90
16063 64
16074 17
16089 97
16096 44
16096 13
16128 47
16155 62
16183 28
16206 125
16235 69
16273 23
16292 84
16324 52
16361 117
16389 113
16396 5
16422 89
16445 123
16483 2
16502 42
16519 70
16525 26
16546 61
16562 58
16575 3
16600 8
16613 37
16637 83
16638 100
16676 92
16683 27
16690 103
16703 47
16745 74
16751 111
16765 113
16804 115
16820 15
16864 6
16875 1
16892 35
16923 67
16942 77
16975 10
17013 57
17038 25
17054 107
17095 60
17115 122
17133 28
17151 83
17185 73
17215 123
17232 88
17275 120
17285 83
17312 106
17349 45
17382 38
17409 80
17446 61
17465 54
17477 47
17483 8
17502 75
17511 93
17552 15
17560 46
17577 104
17578 5
17595 91
17629 13
17640 123
17674 93
17701 5
17721 44
17745 61
17753 50
17784 119
17814 74
17818 103
17857 59
17888 12
17902 119
17913 93
17935 103
17938 127
17980 52
18005 2
18042 92
18059 124
18074 14
18102 48
18112 51
18123 77
18129 45
18163 11
18193 11
18218 124
18231 42
18231 80
18267 46
18272 43
18284 70
18310 79
18310 9
18330 126
18343 89
18366 101
18393 17
18428 79
18459 125
18500 9
18503 51
18542 65
18573 50
18590 53
18613 46
18639 122
18648 116
18678 117
18691 101
18696 7
18718 34
18731 71
18771 125
18805 28
18836 127
18861 1
18877 37
18882 98
18886 42
18905 47
18945 97
18990 85
19028 107
19059 126
19095 73
19129 114
19136 73
19150 71
19168 53
19206 39
19223 111
19229 125
19244 85
19278 118
19294 45
19332 120
19336 9
19355 74
19368 35
19399 88
19438 25
19468 34
19493 43
19515 68
19549 46
19579 101
19609 85
19623 52
19632 51
19647 51
19659 52
19666 60
19693 127
19722 97
19751 57
19795 38
19796 5
19832 8
19870 82
19872 12
19900 8
19907 38
19911 42
19930 84
19966 40
19970 27
19973 68
20010 98
20021 68
20021 110
20066 69
20099 112
20106 90
20119 1
20142 70
20170 70
20194 54
20202 65
20218 18
20228 112
20235 36
20240 115
20248 114
20286 44
20286 86
20296 106
20296 12
20328 26
20347 23
20367 28
20388 18
20390 65
20430 62
20436 99
20471 115
20488 87
20512 29
20538 50
20551 30
20577 74
20599 69
20609 43
20621 38
20662 126
20676 127
20698 9
20731 53
20731 98
20752 65
20786 105
20793 10
20813 18
20840 29
20870 62
20878 105
20899 69
20915 6
20922 17
20947 16
20991 7
21030 32
21050 78
21095 65
21130 127
21141 20
21157 8
21180 78
21197 17
21199 83
21201 2
21243 3
21244 56
21256 45
21281 103
21313 91
21324 46
21353 107
21359 40
21393 72
21430 8
21436 28
21441 118
21463 117
21507 100
21534 30
21538 16
21569 62
21574 47
21615 59
21627 5
21633 84
21674 97
21716 59
21747 24
21760 115
21761 115
21766 112
21808 43
21829 44
21873 87
21886 68
21924 23
21957 50
21958 35
21999 81
22004 85
22034 41
22056 67
22070 125
22088 93
22132 126
22132 126
22160 89
22160 20
22180 97
22209 83
22224 81
22251 35
22261 10
22272 122
22298 18
22334 45
22337 31
22341 60
22360 66
22393 7
22393 116
22428 83
22463 89
22501 102
22518 32
22541 78
22546 123
22563 114
22573 20
22600 4
22615 117
22621 73
22656 78
22697 23
22741 111
22741 110
22779 14
22786 55
22821 96
22833 73
22877 112
22893 105
22932 28
22932 111
22977 26
22989 15
23013 10
23041 97
23044 84
23065 118
23075 84
23111 68
23133 114
23173 86
23217 53
23236 80
23280 19
23286 40
23305 103
23334 74
23371 21
23377 61
23384 88
23405 90
23445 19
23453 36
23495 108
23500 97
23529 76
23556 105
23596 38
23636 89
23661 11
23691 112
23726 19
23766 93
23802 81
23802 9
23832 66
23855 35
23893 112
23925 53
23949 111
23968 88
23970 102
23984 15
24012 61
24052 2
24081 74
24091 117
24113 120
24125 107
24167 109
24196 25
24201 92
24222 76
24260 22
24264 56
24293 20
24325 68
24328 100
24341 85
24341 48
24359 67
24376 99
24389 116
24403 112
24416 81
24441 77
24457 74
24488 77
24519 15
24520 89
24528 34
24546 59
24579 34
24600 71
24606 109
24624 52
24629 11
24629 45
24657 123
24699 95
24725 26
24750 83
24758 40
24783 95
24808 43
24849 83
24865 78
24884 61
24884 71
24929 68
24951 100
24979 20
25018 58
25041 92
25059 106
25067 8
25091 108
25133 68
25140 75
25169 47
25186 75
25231 98
25264 45
25270 14
25310 19
25333 101
25362 37
25383 110
25412 11
25421 100
25421 121
25439 77
25440 119
25481 103
25487 49
25524 61
25554 42
25572 101
25603 95
25642 35
25648 65
25674 56
25694 105
25699 82
25735 80
25743 117
25779 18
25800 102
25828 10
25831 62
25860 49
25893 121
25911 48
25947 29
25980 127
25994 9
25995 73
26016 21
26030 50
26066 126
26086 20
26100 1
26131 4
26133 43
26164 100
26202 106
26230 59
26237 14
26270 72
26290 10
26313 71
26339 81
26376 118
26390 80
26420 80
26423 47
26426 51
26468 29
26485 67
26493 116
26529 15
26570 2
26599 18
26609 117
26629 19
26660 85
26703 36
26744 95
26783 38
26795 29
26804 49
26808 50
26848 88
26880 31
26887 95
26903 75
26922 100
26964 123
26965 83
26979 126
27001 57
27004 25
27009 85
27051 25
27094 38
27120 32
27157 57
27168 104
27173 19
27175 48
27216 92
27223 89
27237 74
27243 44
27277 4
27290 59
27293 2
27294 103
27334 15
27371 107
27390 22
27411 95
27446 98
27465 69
27484 91
27502 43
27532 54
27564 49
27568 107
27602 6
27646 53
27668 29
27699 113
27709 59
27747 123
27787 125
27821 49
27831 7
27864 73
27868 77
27897 15
27920 96
27961 94
27969 38
27982 86
28015 39
28038 7
28043 19
28059 17
28094 63
28124 39
28142 46
28187 116
28224 71
28253 13
28281 92
28319 102
28335 117
28353 127
28363 49
28379 98
28420 80
28459 13
28484 95
28519 18
28545 122
28562 81
28569 73
28593 42
28617 1
28653 72
28691 97
28711 103
28743 34
28752 94
28792 112
28822 9
28847 83
28882 4
28924 109
28939 14
28961 36
28981 113
29000 37
29044 98
29052 90
29090 12
29124 67
29132 29
29171 63
29209 74
29209 79
29221 85
29239 5
29254 8
29274 71
29304 20
29320 48
29331 9
29341 96
29363 30
29389 105
29393 65
29401 80
29432 83
29462 112
29467 81
29473 51
29502 69
29532 86
29570 24
29579 46
29613 79
29629 71
29674 105
29680 108
29687 68
29724 74
29769 125
29813 120
29817 45
29827 40
29830 11
29875 74
29892 15
29900 76
29921 33
29954 82
29990 34
30003 81
30027 48
30071 103
30083 4
30085 61
30120 113
30135 56
30149 10
30188 123
30216 108
30254 127
30263 91
30294 122
30325 36
30328 108
30338 72
30378 5
30418 100
30459 27
30493 120
30538 102
30562 21
30594 30
30639 95
30647 28
30681 111
30707 121
30719 70
30739 50
30748 57
30770 105
30777 41
30822 107
30823 44
30842 17
30875 126
30915 124
30946 36
30956 24
30960 114
30986 62
31015 83
31038 33
31042 113
31051 85
31070 77
31086 126
31114 38
31127 112
31132 80
31148 89
31164 114
31194 73
31194 58
31209 104
31239 8
31276 20
31286 55
31309 6
31313 44
31327 73
31345 121
31372 4
31391 89
31394 2
31424 48
31462 61
31486 114
31499 64
31536 47
31556 12
31556 72
31564 50
31571 120
31607 117
31619 100
31627 49
31661 49
31680 27
31711 35
31732 42
31757 4
31762 42
31802 87
31837 71
31869 26
31911 85
31914 96
31954 50
31987 122
31988 122
32021 26
32054 57
32063 60
32101 69
32116 38
32154 10
32158 4
32166 80
32173 51
32195 84
32240 109
32283 68
32287 5
32332 6
32341 14
32365 127
32376 34
32403 52
32427 38
32438 81
32466 39
32477 58
32478 37
32483 25
32490 34
32527 109
32553 33
32562 19
32593 97
32609 17
32649 101
32666 49
32679 56
32695 60
32719 8
32723 7
32734 70
32747 55
32762 99
32776 77
32805 16
32848 42
32890 26
32917 62
32958 1
32982 36
33015 30
33042 64
33050 22
33073 76
33086 90
33102 105
33122 51
33132 40
33153 72
33177 23
33183 67
33188 54
33217 78
33217 110
33236 99
33276 43
33304 74
33324 98
33352 7
33353 13
33381 113
33406 121
33442 50
33456 121
33493 39
33524 45
33557 125
33566 99
33586 86
33608 64
33618 72
33656 2
33678 5
33700 103
33712 121
33757 95
33772 10
33795 35
33800 2
33802 56
33824 32
33830 103
33875 69
33881 88
33913 73
33936 126
33937 112
33969 67
33976 51
34000 114
34029 5
34058 47
34072 35
34079 89
34090 49
34110 117
34150 92
34189 102
34189 60
34200 110
34230 19
34265 8
34297 84
34313 48
34336 55
34344 11
34386 73
34396 31
34398 69
34401 32
34426 96
34434 85
34470 78
34496 60
34523 97
34531 125
34571 64
34613 46
34613 8
34626 110
34637 63
34681 62
34713 10
34740 61
34761 60
34782 75
34792 70
34806 46
34820 62
34842 123
34850 127
34884 106
34900 125
34922 99
34951 72
34964 10
34995 15
35024 92
35043 13
35079 77
35082 6
35109 75
35145 76
35147 45
35176 52
35176 21
35219 60
35261 71
35273 58
35310 101
35323 67
35333 52
35373 21
35386 28
35428 113
35446 23
35448 90
35461 51
35505 73
35527 63
35571 91
35606 78
35628 120
35648 106
35648 106
35654 62
35668 68
35695 91
35696 27
35724 86
35742 78
35748 6
35770 112
35814 122
35841 100
35885 73
35900 82
35940 55
35953 108
35980 55
36016 99
36027 18
36035 76
36080 89
36120 4
36130 73
36144 67
36186 62
36187 87
36216 19
36234 67
36260 6
36268 42
36292 50
36319 125
36335 57
36361 109
36364 53
36370 13
36389 17
36402 110
36414 32
36433 116
36450 23
36465 107
36503 23
36521 124
36535 66
36547 2
36581 66
36601 25
36634 94
36661 119
36671 85
36713 99
36743 91
36746 11
36750 4
36760 100
36774 57
36799 116
36806 108
36850 41
36890 58
36926 115
36960 79
36983 56
37022 31
37037 121
37073 60
37099 101
37113 103
37155 14
37175 24
37203 35
37233 51
37240 7
37282 39
37310 17
37310 121
37326 102
37350 125
37361 56
37382 72
37392 67
37427 3
37469 69
37496 67
37536 116
37575 103
37582 11
37587 22
37600 51
37621 15
37624 26
37632 45
37671 33
37694 72
37702 83
37712 55
37728 65
37759 69
37798 45
37828 115
37837 22
37852 36
37880 21
37899 48
37915 89
37940 113
37956 59
37956 25
37989 8
38003 122
38018 8
38024 25
38025 24
38069 91
38100 91
38118 68
38163 66
38186 113
38230 15
38248 121
38264 48
38300 94
38308 26
38312 86
38335 13
38374 113
38384 96
38405 44
38427 49
38469 56
38474 85
38484 127
38526 39
38555 84
38566 6
38583 2
38613 33
38647 10
38669 78
38712 105
38741 2
38758 119
38785 93
38810 18
38841 26
38853 11
38887 28
38890 77
38894 9
38911 111
38917 99
38943 74
38952 62
38982 85
39018 101
39051 23
39081 76
39124 16
39148 64
39169 13
39193 89
39212 32
39251 104
39260 126
39286 33
39293 84
39319 19
39328 85
39359 121
39385 112
39408 75
39408 91
39417 76
39425 89
39464 34
39509 3
39522 121
39563 55
39606 26
39623 79
39659 33
39664 4
39676 105
39693 116
39705 59
39724 68
39756 25
39799 79
39839 24
39851 9
39892 16
39937 14
39945 98
39989 64
40017 125
40027 83
40065 31
40085 79
40088 30
40089 105
40126 114
40169 56
40187 92
40220 71
40233 40
40266 41
40276 118
40310 6
40329 3
40374 65
40377 97
40405 80
40408 26
40444 29
40444 88
40456 64
40460 3
40466 39
40470 20
40494 36
40523 119
40536 35
40543 99
40564 84
40607 110
40638 39
40682 88
40720 6
40733 24
40743 121
40771 29
40792 91
40809 126
40835 5
40873 93
40894 125
40894 108
40907 21
40932 101
40965 85
40985 105
40993 56
41008 61
41037 43
41078 104
41106 119
41117 3
41139 7
41141 116
41178 7
41201 11
41236 124
41246 61
41287 80
41294 109
41309 47
41331 48
41346 96
41352 57
41369 62
41374 56
41388 19
41404 10
41439 98
41444 90
41488 74
41506 78
41517 11
41556 34
41579 83
41599 7
41634 101
41650 109
41669 25
41669 110
41708 19
41733 100
41734 97
41776 104
41791 17
41811 60
41811 96
41811 4
41819 73
41842 25
41886 62
41922 1
41950 19
41993 45
42038 100
42049 10
42091 30
42114 94
42137 67
42169 80
42188 49
42207 117
42252 37
42280 121
42304 63
42308 61
42316 57
42336 122
42348 10
42387 31
42414 47
42451 116
42491 117
42505 112
42515 24
42528 117
42566 111
42581 114
42608 87
42609 72
42636 44
42680 80
42705 42
42740 76
42774 21
42781 85
42782 83
42794 71
42804 74
42808 54
42838 54
42841 15
42868 32
42868 114
42896 76
42925 71
42951 4
42987 120
42996 20
43018 72
43029 64
43064 109
43095 105
43103 73
43146 103
43168 79
43212 92
43223 91
43227 1
43239 115
43275 45
43276 13
43311 46
43329 9
43360 26
43382 123
43393 8
43412 92
43438 124
43458 23
43459 42
43475 30
43519 97
43539 33
43563 28
43575 34
43619 72
43629 92
43639 87
43667 4
43681 50
43684 56
43685 9
43705 123
43729 83
43769 10
43778 2
43814 26
43826 40
43857 21
43883 14
43886 72
43924 38
43931 74
43940 31
43959 26
43992 22
44014 58
44032 115
44074 55
44115 8
44136 33
44154 125
44187 121
44192 65
44207 69
44219 62
44254 89
44293 116
44318 7
44357 32
44397 24
44397 103
44439 61
44464 33
44503 61
44539 42
44569 120
44599 91
44618 96
44647 10
44663 37
44686 93
44711 41
44746 57
44752 82
44781 58
44788 3
44813 77
44833 5
44863 35
44906 119
44929 127
44953 72
44979 13
44983 16
45001 32
45004 64
45008 58
45043 101
45049 48
45086 97
45096 40
45133 122
45173 125
45194 79
45216 69
45232 36
45252 126
45294 122
45321 80
45359 26
45403 54
45432 27
45473 121
45489 114
45506 2
45535 78
45575 72
45603 119
45643 112
45646 23
45648 61
45650 115
45690 109
45692 108
45728 80
45739 67
45759 28
45768 20
45813 40
45847 33
45879 72
45906 37
45948 105
45952 11
45952 10
45969 74
45975 37
45994 103
46019 82
46024 122
46048 44
46055 106
46058 98
46078 66
46103 37
46115 123
46156 43
46184 51
46227 84
46247 117
46282 64
46296 61
46339 59
46379 100
46396 104
46417 55
46462 40
46466 105
46475 24
46504 106
46527 50
46566 56
46606 98
46611 76
46622 45
46660 111
46673 54
46696 96
46704 104
46731 31
46754 63
46768 27
46773 65
46788 5
46822 110
46830 47
46840 116
46861 40
46892 15
46894 90
46917 66
46950 85
46988 127
47027 84
47050 110
47078 35
47123 83
47149 74
47168 106
47200 47
47202 93
47246 115
47275 125
47289 32
47302 49
47328 8
47370 52
47376 11
47406 85
47423 91
47468 50
47483 120
47492 86
47533 12
47555 30
47580 83
47621 12
47663 28
47683 63
47714 51
47743 90
47787 119
47813 112
47831 107
47862 93
47869 99
47896 36
47915 95
47956 68
47974 125
47997 27
48003 77
48013 82
48023 83
48035 88
48056 55
48071 101
48079 70
48093 86
48133 8
48133 68
48151 40
48177 68
48209 110
48235 2
48268 53
48277 45
48296 112
48335 26
48343 42
48361 84
48405 80
48446 42
48469 10
48512 32
48552 113
48568 23
48581 112
48605 18
48609 87
48637 63
48679 64
48701 43
48746 99
48746 43
48749 119
48783 11
48814 105
48855 22
48872 42
48915 64
48952 16
48993 15
49024 16
49061 116
49104 118
49113 118
49148 10
49190 114
49204 104
49212 78
49223 96
49254 39
49282 115
49285 8
49306 3
49311 54
49324 74
49335 61
49366 95
49375 101
49390 102
49400 67
49433 61
49445 113
49457 106
49480 66
49501 121
49535 55
49573 113
49609 100
49614 23
49620 120
49662 57
49700 11
49709 39
49714 59
49735 47
49776 60
49782 62
49793 18
49794 17
49809 109
49843 3
49873 94
49914 76
49934 27
49943 17
49985 78
49995 107
50013 77
50041 62
50044 94
50046 85
50062 116
50105 15
50115 108
50124 69
50167 52
50181 4
50192 124
50228 6
50263 17
50301 35
50335 70
50353 24
50383 85
50416 54
50429 46
50429 37
50433 118
50464 4
50492 23
50499 77
50516 111
50554 124
50587 81
50599 68
50633 61
50677 91
50698 22
50706 4
50744 39
50769 94
50813 61
50839 13
50852 12
50859 62
50874 117
50911 62
50922 31
50964 36
51006 80
51037 114
51052 45
51074 55
51106 14
51120 114
51134 83
51135 37
51146 35
51180 84
51215 104
51235 81
51255 21
51282 104
51288 97
51316 47
51361 27
51376 114
51403 23
51407 88
51418 30
51430 119
51451 121
51477 98
51502 91
51539 44
51580 25
51623 45
51627 112
51662 97
51670 96
51695 68
51731 96
51734 2
51750 123
51768 92
51768 68
51776 28
51777 10
51797 32
51825 35
51850 24
51875 105
51881 55
51886 81
51923 105
51936 12
51976 86
51991 12
51994 99
52032 41
52057 93
52084 113
52119 6
52149 76
52171 8
52186 63
52189 81
52212 20
52222 35
52250 64
52266 35
52291 70
52320 5
52351 34
52374 101
52399 98
52426 117
52457 70
52485 68
52518 52
52537 96
52554 1
52572 23
52617 66
52625 116
52637 91
52677 86
52692 36
52734 125
52741 84
52750 61
52787 127
52788 39
52832 79
52861 89
52887 103
52896 6
52926 13
52947 69
52947 97
52961 108
52978 43
53013 82
53043 96
53058 18
53064 104
53095 33
53122 30
53151 26
53179 91
53186 77
53205 42
53250 26
53271 89
53294 70
53317 16
53328 100
53330 72
53367 18
53374 1
53390 69
53407 122
53424 33
53468 47
53470 70
53508 61
53545 3
53554 98
53595 9
53636 23
53652 35
53697 123
53724 16
53748 113
53772 97
53806 31
53809 118
53835 88
53852 21
53878 48
53915 34
53918 26
53963 8
53981 115
54019 60
54052 35
54063 74
54099 107
54105 29
54122 92
54154 51
54165 115
54200 102
54236 74
54268 120
54283 123
54283 66
54311 78
54353 40
54357 116
54381 117
54412 121
54418 30
54447 20
54460 39
54476 94
54482 46
54512 123
54556 61
54556 119
54600 104
54609 62
54623 40
54663 54
54690 44
54714 32
54731 10
54764 55
54771 77
54796 25
54815 68
54843 48
54857 56
54901 87
54930 108
54958 47
54969 50
54973 111
54997 121
55014 32
55050 2
55088 53
55096 73
55128 8
55142 27
55158 16
55192 33
55213 27
55239 88
55251 106
55258 1
55284 85
55290 83
55325 84
55336 13
55378 9
55399 105
55407 78
55442 75
55468 73
55497 66
55509 121
55534 81
55568 77
55586 125
55607 106
55628 49
55643 78
55667 76
55689 123
55697 34
55742 61
55756 100
55767 61
55780 45
55817 97
55860 94
55883 60
55886 93
55918 39
55954 39
55965 100
55969 122
56010 84
56029 74
56031 84
56063 113
56064 114
56091 28
56108 50
56112 63
56125 16
56133 107
56136 69
56137 70
56150 105
56157 123
56201 109
56224 38
56266 110
56292 56
56325 126
56362 102
56365 5
56366 126
56368 96
56379 127
56414 15
56452 104
56485 99
56523 43
56543 39
56588 53
56598 48
56638 106
56638 118
56657 74
56698 62
56736 78
56753 45
56769 28
56809 123
56854 117
56888 42
56923 48
56953 18
56990 100
57024 4
57036 5
57081 4
57107 92
57108 74
57109 106
57128 8
57147 84
57181 33
57201 30
57227 18
57243 19
57246 102
57279 114
57315 89
57346 79
57368 22
57404 83
57444 31
57448 90
57457 37
57457 87
57468 19
57502 60
57541 94
57554 26
57598 94
57611 86
57653 83
57674 58
57701 127
57745 25
57783 32
57818 73
57839 53
57863 54
57877 60
57880 124
57911 22
57928 103
57947 83
57985 11
57991 83
58012 69
58042 34
58085 56
58126 27
58143 101
58150 58
58184 99
58226 46
58240 9
58274 5
58307 94
58324 42
58345 70
58361 79
58392 106
58397 121
58426 44
58432 66
58455 34
58455 47
58488 125
58516 86
58561 110
58563 80
58566 121
58601 22
58625 25
58626 44
58667 106
58678 5
58719 107
58720 64
58728 26
58741 125
58742 42
58755 99
58765 24
58808 118
58847 33
58860 113
58871 94
58898 51
58920 59
58950 21
58972 36
58987 12
58990 75
58994 83
59026 108
59057 68
59068 53
59078 124
59104 87
59109 119
59142 12
59186 35
59187 120
59215 105
59225 99
59234 125
59243 45
59259 10
59284 108
59315 10
59343 82
59365 38
59366 23
59370 69
59404 106
59405 127
59407 110
59438 21
59472 57
59484 22
59511 18
59541 101
59562 87
59601 25
59626 100
59654 102
59676 85
59676 63
59708 19
59741 13
59765 51
59766 102
59806 98
59836 28
59836 52
59849 88
59862 120
59865 78
59882 92
59913 21
59915 73
59920 65
59948 59
59971 73
59981 96
60020 99
60025 90
60043 85
60051 32
60091 40
60103 75
60140 7
60169 102
60173 19
60208 64
60246 127
60262 54
60263 7
60287 108
60306 85
60327 116
60365 97
60383 41
60418 12
60442 60
60459 8
60482 116
60505 86
60505 62
60530 88
60534 14
60569 59
60596 71
60634 15
60634 11
60640 29
60663 53
60693 79
60720 93
60726 26
60747 88
60776 1
60780 8
60821 89
60861 96
60890 65
60917 115
60954 35
60965 103
60987 107
61000 47
61041 75
61085 51
61113 113
61150 59
61192 29
61210 45
61230 89
61274 102
61311 97
61315 118
61343 34
61358 76
61377 51
61421 6
61454 21
61475 63
61491 6
61518 38
61529 74
61560 86
61588 28
61591 102
61601 36
61601 10
61605 99
61609 81
61653 72
61658 96
61671 48
61708 48
61734 6
61761 90
61776 25
61782 57
61791 84
61811 96
61822 53
61855 121
61873 110
61912 104
61945 110
61990 55
62024 76
62067 124
62090 102
62122 56
62159 79
62185 26
62196 100
62199 122
62241 85
62266 27
62301 11
62342 114
62367 68
62372 94
62373 3
62400 46
62418 75
62430 63
62473 29
62489 115
62527 39
62561 71
62588 8
62624 112
62666 58
62699 6
62702 12
62725 94
62726 17
62733 95
62747 27
62747 36
62774 101
62807 8
62851 41
62877 7
62921 41
62945 79
62963 88
63008 63
63021 76
63040 20
63068 53
63107 111
63133 99
63143 1
63182 31
63183 106
63220 76
63245 20
63259 90
63294 59
63321 84
63361 63
63402 38
63411 26
63453 36
63490 26
63498 16
63503 81
63517 116
63527 23
63572 112
63600 36
63638 101
63675 57
63694 100
63704 107
63722 115
63725 31
63747 37
63751 29
63793 125
63819 100
63835 125
63840 94
63867 3
63889 28
63895 64
63914 4
63940 105
63977 57
63981 123
63992 123
63995 102
64000 21
64001 77
64045 6
64054 118
64059 95
64077 31
64081 110
64117 66
64119 70
64140 69
64146 30
64165 103
64169 73
64171 64
64176 83
64194 81
64236 8
64277 76
64306 109
64332 48
64336 112
64365 56
64377 39
64382 93
64383 6
64414 23
64459 88
64467 40
64496 80
64516 105
64518 111
64561 85
64578 41
64593 79
64600 41
64628 126
64644 74
64666 42
64683 43
64723 90
64724 74
64753 107
64765 9
64803 9
64812 113
64827 54
64835 60
64869 57
64897 81
64929 19
64974 99
65004 114
65047 84
65069 55
65104 70
65116 42
65160 34
65173 105
65185 45
65212 115
65255 81
65286 4
65294 78
65306 73
65343 53
65346 70
65384 78
65404 40
65413 22
65433 70
65470 70
65505 24
65526 4
65531 10
65560 78
65597 75
65609 83
65651 92
65665 48
65707 109
65752 49
65756 6
65794 95
65816 94
65861 87
65877 124
65894 99
65928 87
65936 32
65966 95
66006 9
66026 82
66043 17
66060 68
66091 72
66115 33
66138 73
66140 73
66181 108
66203 107
66215 15
66230 10
66255 126
66266 6
66280 97
66319 109
66337 59
66355 85
66379 115
66382 114
66416 99
66423 121
66432 5
66465 8
66504 18
66505 21
66511 25
66516 102
66551 96
66555 61
66600 13
66601 39
66631 70
66651 93
66675 25
66682 101
66699 22
66737 75
66766 127
66770 106
66787 41
66822 44
66827 115
66854 10
66855 127
66870 26
66893 28
66910 43
66934 123
66962 118
66976 100
66998 49
67010 77
67036 37
67077 81
67107 77
67134 17
67136 1
67159 79
67191 70
67206 75
67210 78
67227 17
67256 97
67297 89
67314 118
67338 100
67360 67
67398 34
67421 93
67445 21
67476 64
67486 47
67529 5
67540 19
67566 4
67611 19
67639 84
67662 36
67696 34
67735 5
67746 87
67785 42
67801 30
67814 26
67821 90
67860 117
67865 11
67869 52
67895 38
67899 21
67905 31
67923 35
67925 94
67941 98
67958 107
67972 105
68012 81
68056 61
68071 8
68084 112
68090 122
68124 11
68130 98
68149 76
68186 19
68206 21
68223 44
68265 127
68289 36
68293 7
68295 23
68317 2
68346 98
68356 36
68367 47
68369 107
68400 80
68443 78
68449 84
68491 35
68506 37
68525 33
68545 79
68548 50
68577 92
68611 6
68653 9
68693 40
68713 14
68751 62
68780 119
68820 99
68838 78
68839 103
68860 126
68904 17
68926 9
68941 87
68966 33
68976 97
69020 6
69033 54
69077 127
69113 71
69156 49
69173 61
69208 15
69249 39
69282 85
69284 61
69317 42
69320 37
69344 82
69351 14
69369 23
69384 92
69394 2
69431 119
69441 65
69458 84
69468 82
69498 92
69514 119
69514 34
69533 5
69574 8
69602 94
69646 53
69662 36
69706 115
69743 74
69786 121
69819 62
69834 30
69845 114
69882 73
69921 41
69928 101
69951 122
69990 93
70028 85
70045 125
70081 32
70122 61
70164 84
70180 3
70181 118
70224 102
70251 6
70267 42
70291 65
70329 20
70334 112
70337 105
70359 57
70365 54
70391 83
70401 40
70430 123
70469 27
70469 2
70512 66
70530 85
70533 109
70550 21
70555 76
70558 79
70579 19
70596 42
70639 109
70670 61
70705 10
70741 99
70762 14
70807 75
70817 74
70861 67
70863 28
70877 46
70900 92
70911 110
70928 76
70957 99
70975 117
70992 86
70995 1
71013 11
71031 39
71073 106
71110 40
71148 105
71163 127
71176 121
71209 115
71245 7
71285 38
71322 11
71336 116
71367 118
71401 33
71436 25
71446 38
71487 37
71495 84
71527 29
71554 107
71575 92
71606 117
71627 67
71662 21
71686 109
71708 63
71739 46
71750 79
71752 66
71796 120
71823 112
71845 39
71865 60
71882 125
71905 73
71925 108
71963 17
71993 90
72029 108
72034 75
72052 47
72091 50
72128 31
72136 68
72140 81
72173 90
72196 110
72224 99
72234 81
72249 17
72278 39
72313 55
72340 20
72344 15
72375 2
72388 5
72430 21
72439 5
72453 114
72454 16
72463 62
72501 51
72545 104
72569 65
72572 36
72574 100
72604 6
72629 93
72630 125
72644 79
72684 43
72686 14
72731 21
72733 118
72740 113
72755 70
72762 81
72775 21
72783 103
72791 103
72834 37
72874 86
72893 59
72931 82
72946 106
72964 21
73003 103
73012 46
73040 62
73050 57
73066 89
73079 4
73106 10
73147 34
73180 31
73181 1
73184 87
73221 24
73221 112
73228 7
73267 17
73288 27
73323 73
73354 17
73386 95
73415 3
73454 35
73457 70
73466 108
73510 117
73518 127
73545 6
73571 53
73591 11
73610 6
73617 114
73633 102
73665 31
73669 64
73700 51
73701 118
73705 116
73715 20
73745 69
73760 52
73760 78
73803 84
73816 123
73858 61
73859 51
73897 78
73907 100
73928 6
73958 23
73972 118
73982 18
74014 107
74057 127
74064 98
74105 45
74129 91
74142 86
74169 60
74174 117
74182 57
74214 122
74243 38
74282 93
74319 109
74345 57
74381 37
74416 87
74439 113
74447 21
74474 58
74483 74
74518 25
74537 117
74571 64
74588 30
74625 102
74659 112
74681 37
74723 63
74766 109
74766 2
74792 74
74812 116
74825 100
74841 99
74868 50
74883 103
74898 84
74931 85
74957 3
74985 2
74999 85
75025 94
75056 58
75075 95
75112 2
75115 126
75121 61
75161 93
75182 22
75223 36
75248 4
75264 95
75275 30
75304 59
75337 51
75343 78
75366 126
75386 17
75389 93
75423 124
75438 62
75439 32
75439 68
75451 7
75452 93
75468 80
75470 56
75488 65
75493 83
75516 41
75561 110
75581 113
75582 45
75587 115
75616 57
75657 33
75661 9
75685 87
75718 67
75758 17
75803 69
75838 20
75845 109
75871 14
75902 126
75933 110
75954 19
75964 48
75993 46
76028 36
76048 6
76063 69
76064 78
76092 17
76121 107
76144 68
76165 32
76171 97
76174 94
76185 75
76229 126
76246 34
76274 56
76279 125
76322 42
76336 19
76369 3
76387 39
76418 38
76449 38
76473 53
76478 54
76509 102
76530 21
76544 116
76580 109
76619 13
76655 29
76675 33
76697 89
76741 117
76757 57
76768 8
76803 6
76840 7
76850 64
76879 96
76889 6
76910 59
76923 115
76955 23
76959 48
76986 80
77028 24
77059 7
77066 118
77071 111
77115 67
77130 100
77173 104
77190 105
77215 115
77231 86
77236 61
77261 53
77283 110
77288 97
77319 125
77360 123
77389 96
77434 87
77459 78
77494 56
77528 3
77528 124
77553 30
77583 54
77607 96
77621 12
77654 83
77690 22
77709 3
77709 11
77733 52
77760 114
77801 87
77801 69
77826 33
77862 79
77898 48
77909 81
77947 33
77972 61
77991 43
78010 53
78016 117
78055 53
78075 83
78120 126
78130 31
78160 62
78160 4
78185 64
78205 88
78243 27
78253 77
78275 32
78313 12
78339 63
78354 102
78383 27
78415 51
78433 95
78442 13
78446 100
78468 114
78469 118
78476 29
78512 123
78551 78
78591 32
78609 81
78620 68
78644 47
78652 119
78666 65
78682 13
78703 118
78729 20
78748 17
78764 53
78771 104
78791 47
78813 17
78815 95
78850 75
78887 67
78926 121
78931 109
78964 115
78969 26
79006 71
79026 31
79030 52
79045 98
79053 39
79054 107
79071 71
79079 70
79104 110
79129 46
79152 73
79168 55
79179 7
79207 68
79239 119
79273 108
79286 94
79304 13
79306 27
79306 45
79316 30
79349 115
79384 16
79428 118
79436 98
79473 115
79506 52
79514 125
79522 84
79537 120
79579 99
79615 73
79645 57
79676 70
79707 111
79735 121
79748 6
79779 110
79817 77
79833 50
79846 41
79853 54
79883 108
79908 72
79916 8
79918 71
79962 89
79985 103
80015 43
80050 28
80093 19
80120 69
80151 52
80190 63
80197 37
80220 53
80222 79
80252 93
80259 52
80289 7
80324 97
80339 102
80353 97
80390 15
80398 91
80416 63
80416 36
80434 120
80458 86
80469 65
80504 9
80524 93
80559 93
80562 16
80564 23
80576 80
80617 25
80637 96
80668 84
80680 57
80690 97
80732 112
80755 97
80783 31
80795 38
80801 112
80831 53
80848 104
80877 92
80892 113
80902 44
80939 111
80980 21
80993 7
80997 118
81019 57
81053 83
81066 7
81105 4
81131 6
81169 67
81205 30
81236 122
81245 22
81269 83
81302 59
81317 44
81329 117
81362 124
81367 99
81384 62
81417 79
81443 20
81475 30
81489 79
81492 75
81498 99
81513 18
81527 119
81564 37
81596 14
81600 100
81635 8
81643 31
81666 78
81673 31
81701 8
81715 103
81727 39
81770 83
81804 96
81827 48
81829 39
81862 82
81907 119
81938 119
81966 96
81971 35
81991 34
82008 13
82037 26
82048 52
82054 83
82085 50
82117 82
82148 60
82186 2
82192 31
82194 8
82199 96
82227 57
82255 114
82279 82
82322 121
82336 119
82356 31
82397 119
82400 12
82427 57
82451 103
82480 66
82488 77
82504 28
82509 7
82541 6
82546 120
82587 107
82592 79
82628 126
82637 95
82657 106
82665 82
82701 15
82720 115
82720 92
82750 125
82769 102
82787 106
82814 93
82821 124
82842 90
82877 65
82916 75
82936 111
82962 17
82980 8
83016 53
83051 16
83077 29
83102 47
83144 56
83158 87
83162 70
83185 35
83185 36
83212 107
83221 50
83229 54
83245 90
83253 71
83287 15
83324 22
83341 19
83355 8
83394 23
83396 88
83405 80
83435 127
83442 102
83467 124
83492 60
83500 115
83512 3
83516 70
83543 88
83563 55
83583 1
83590 65
83612 88
83616 31
83643 91
83685 73
83689 81
83716 22
83729 52
83758 26
83797 5
83833 19
83869 82
83890 93
83903 60
83903 105
83903 110
83905 77
83915 29
83952 67
83952 115
83994 48
84009 123
84025 70
84033 38
84035 5
84036 39
84040 114
84065 97
84107 5
84151 83
84184 53
84207 16
84211 10
84211 106
84249 90
84269 32
84279 24
84319 10
84327 109
84364 20
84394 21
84396 94
84425 71
84431 90
84468 77
84507 59
84549 43
84582 96
84610 86
84614 44
84630 68
84670 15
84684 68
84708 3
84731 26
84739 23
84754 11
84765 14
84784 112
84829 121
84863 63
84895 57
84917 78
84939 13
84957 79
84966 83
84976 42
84976 15
85013 93
85043 74
85074 9
85109 33
85118 101
85119 79
85127 125
85131 83
85171 17
85212 88
85236 72
85268 118
85299 37
85339 107
85377 14
85421 115
85428 124
85444 46
85466 125
85486 54
85508 111
85541 50
85568 111
85575 28
85578 49
85583 29
85585 52
85592 77
85627 108
85633 5
85662 51
85678 54
85688 19
85699 108
85712 122
85732 34
85757 48
85758 55
85802 23
85824 57
85835 26
85838 4
85850 47
85870 114
85872 13
85880 27
85918 27
85922 19
85922 54
85956 113
85962 78
85973 31
86011 53
86023 67
86066 106
86084 83
86091 53
86122 106
86143 66
86186 82
86220 118
86262 66
86279 46
86290 4
86331 49
86355 12
86365 71
86374 90
86376 21
86407 92
86441 120
86464 45
86475 114
86503 57
86509 16
86525 114
86560 59
86571 118
86594 125
86609 5
86609 76
86611 25
86636 60
86654 75
86687 4
86703 22
86738 60
86747 22
86786 10
86817 72
86835 38
86878 40
86910 32
86935 84
86938 127
86946 103
86974 112
86979 105
87023 110
87051 3
87072 70
87108 85
87148 52
87156 99
87176 14
87205 50
87207 76
87213 18
87257 117
87297 93
87338 9
87344 118
87353 7
87378 80
87390 102
87430 69
87451 90
87466 17
87471 2
87479 74
87515 121
87546 11
87558 73
87568 89
87581 8
87581 110
87619 110
87620 98
87637 115
87662 64
87673 1
87683 52
87698 51
87707 14
87707 45
87752 115
87795 121
87799 108
87832 63
87843 31
87860 5
87861 66
87898 126
87914 86
87942 27
87950 114
87988 82
88024 59
88037 112
88080 62
88113 121
88155 97
88170 39
88170 11
88194 3
88239 102
88281 22
88281 50
88315 46
88352 19
88386 121
88425 49
88457 31
88477 88
88496 14
88534 77
88540 100
88573 18
88605 123
88611 116
88654 110
88674 86
88708 27
88713 19
88721 53
88731 80
88743 27
88750 122
88768 102
88806 90
88832 20
88852 65
88855 17
88883 69
88904 75
88911 118
88929 101
88941 19
88955 99
88970 62
89010 44
89033 67
89064 40
89074 24
89094 116
89110 35
89152 104
89165 79
89174 112
89217 119
89242 113
89278 72
89302 117
89336 9
89370 124
89381 114
89400 53
89432 127
89452 1
89479 59
89494 36
89512 108
89547 10
89566 88
89566 42
89582 44
89602 82
89602 96
89635 12
89667 34
89710 112
89737 19
89754 26
89762 124
89787 77
89806 35
89816 85
89855 109
89865 76
89904 124
89906 56
89924 24
89928 125
89935 54
89950 44
89952 90
89959 12
89973 6
89991 8
90000 73
90038 30
90075 17
90088 3
90093 125
90096 71
90100 93
90114 123
90123 103
90166 51
90176 96
90184 114
90194 98
90204 37
90219 54
90240 58
90263 38
90296 114
90308 78
90317 68
90341 90
90363 106
90389 81
90406 55
90427 39
90464 32
90479 97
90509 9
90511 86
90552 1
90593 1
90617 48
90627 36
90640 9
90676 86
90707 4
90732 32
90741 12
90766 71
90781 58
90795 21
90840 5
90876 45
90887 25
90905 9
90910 12
90921 44
90950 91
90990 127
90995 73
91021 34
91048 117
91082 110
91097 8
91106 127
91133 127
91163 45
91175 45
91208 98
91241 78
91268 70
91309 75
91341 60
91343 112
91346 14
91346 36
91356 44
91386 79
91414 15
91425 89
91466 39
91504 46
91544 41
91565 95
91607 101
91629 101
91652 75
91676 60
91689 91
91734 47
91745 67
91755 28
91767 101
91784 87
91807 105
91826 50
91850 42
91875 115
91893 117
91899 79
91921 99
91943 2
91973 63
91994 14
92020 46
92024 109
92037 20
92068 17
92106 12
92128 40
92139 112
92182 50
92210 71
92221 103
92230 1
92243 126
92258 94
92279 114
92323 10
92332 47
92332 41
92347 61
92382 36
92417 98
92421 16
92439 28
92447 93
92454 108
92455 73
92467 106
92477 108
92515 83
92548 97
92589 12
92632 121
92639 41
92649 70
92665 96
92706 125
92736 52
92757 114
92797 114
92836 114
92847 40
92871 104
92871 77
92895 119
92913 118
92929 50
92933 78
92955 15
92955 16
92976 120
92979 93
93017 123
93020 43
93043 28
93053 86
93083 105
93084 23
93095 78
93113 113
93132 70
93136 113
93177 15
93179 119
93184 76
93225 109
93243 57
93269 38
93277 77
93322 32
93341 109
93356 73
93360 16
93368 103
93405 35
93412 6
93436 116
93457 126
93481 124
93518 54
93522 63
93557 47
93566 42
93571 11
93613 67
93620 127
93638 113
93642 83
93679 104
93704 42
93707 109
93709 77
93718 6
93731 100
93769 64
93795 126
93822 36
93851 48
93884 46
93916 3
93924 92
93929 11
93941 68
93956 25
93981 41
94017 92
94040 123
94052 81
94069 106
94081 25
94119 54
94124 116
94158 69
94176 40
94193 23
94222 57
94258 34
94275 16
94309 76
94336 82
94359 27
94404 81
94404 93
94413 58
94416 39
94418 67
94423 80
94439 119
94474 104
94504 67
94539 2
94539 55
94553 85
94564 90
94585 40
94592 119
94625 72
94661 84
94682 63
94714 117
94753 26
94755 93
94777 72
94813 58
94816 64
94851 123
94853 12
94875 118
94884 19
94908 114
94950 28
94988 4
95033 94
95049 120
95078 34
95095 24
95121 108
95123 49
95155 106
95161 115
95175 109
95215 86
95249 42
95294 69
95325 89
95364 12
95388 62
95401 79
95438 89
95455 109
95476 81
95477 37
95492 77
95518 27
95529 41
95556 42
95576 13
95587 56
95593 88
95618 49
95645 110
95690 77
95726 64
95770 111
95815 98
95854 85
95882 53
95891 125
95931 95
95942 121
95978 8
95989 71
96026 120
96047 48
96091 52
96126 112
96158 28
96200 64
96217 84
96218 108
96231 63
96252 122
96265 80
96278 122
96323 84
96348 28
96368 122
96405 93
96436 57
96464 100
96473 85
96509 9
96552 112
96566 46
96571 62
96596 55
96623 95
96652 51
96662 90
96673 4
96681 89
96709 9
96722 53
96740 111
96755 12
96773 46
96811 77
96851 18
96883 72
96890 21
96935 119
96966 114
96980 29
97019 66
97033 84
97050 71
97061 57
97069 119
97085 62
97123 33
97136 22
97161 73
97172 69
97206 103
97228 78
97268 20
97268 48
97306 113
97350 41
97381 68
97395 117
97396 76
97441 29
97481 91
97510 7
97550 112
97567 12
97604 121
97635 66
97678 23
97713 74
97718 69
97755 25
97794 115
97797 124
97841 108
97875 81
97920 17
97948 15
97985 36
98011 73
98030 29
98057 123
98078 126
98115 127
98137 99
98168 89
98180 90
98187 27
98211 61
98211 125
98233 1
98270 22
98299 58
98337 121
98339 99
98351 110
98394 94
98423 119
98455 111
98499 6
98537 87
98581 41
98613 119
98657 30
98682 109
98722 122
98735 83
98740 57
98745 108
98772 85
98813 59
98835 41
98840 67
98842 85
98886 109
98905 86
98932 116
98958 110
98971 75
99008 104
99029 101
99072 59
99074 16
99110 86
99117 48
99119 28
99148 70
99176 40
99194 116
99226 4
99271 18
99273 45
99276 23
99305 71
99330 103
99333 31
99358 92
99368 4
99385 84
99420 83
99427 111
99472 53
99479 62
99507 2
99507 18
99524 23
99551 117
99585 21
99612 39
99620 26
99653 115
99684 22
99690 62
99725 102
99734 126
99747 43
99774 3
99816 126
99823 112
99863 33
99865 33
99894 121
99916 52
99918 99
99957 65
99992 72
99997 44
99999 120
100042 63
100050 125
100078 70
100118 108
100161 30
100186 87
100209 76
100236 105
100259 73
100295 25
100300 45
100311 14
100314 82
100340 62
100341 78
100365 102
100377 74
100399 26
100417 56
100445 17
100478 89
100484 40
100510 114
100528 38
100560 99
100595 29
100635 101
100663 8
100702 18
100746 89
100770 83
100796 107
100838 32
100877 11
100902 43
100925 19
100960 53
100983 72
101014 86
101029 77
101072 72
101078 24
101116 41
101124 45
101130 5
101154 117
101192 122
101211 100
101245 72
101245 110
101280 79
101322 73
101367 49
101389 107
101424 54
101438 21
101479 43
101500 60
101539 95
101551 16
101590 69
101626 8
101669 90
101675 62
101707 41
101733 18
101762 47
101774 107
101778 79
101814 51
101853 87
101881 72
101900 68
101932 46
101951 107
101991 61
102014 15
102051 78
102094 1
102122 20
102133 43
102175 114
102189 80
102214 42
102230 42
102235 93
102263 14
102290 3
102323 118
102324 7
102342 79
102387 36
102423 32
102434 99
102458 18
102499 81
102511 31
102554 20
102584 76
102605 107
102646 3
102685 54
102716 10
102761 33
102773 37
102781 26
102809 49
102847 51
102868 68
102881 52
102890 8
102922 17
102927 30
102952 48
102952 49
102959 82
102965 4
103010 2
103016 57
103060 22
103065 66
103103 16
103120 19
103135 20
103138 74
103151 54
103178 38
103204 111
103215 102
103244 85
103271 106
103286 22
103318 23
103355 52
103382 48
103399 4
103409 66
103432 114
103457 75
103494 125
103500 123
103542 50
103586 111
103628 59
103639 43
103660 102
103662 35
103685 107
103687 104
103719 53
103726 69
103758 42
103776 61
103811 52
103814 66
103854 70
103865 64
103876 90
103878 25
103917 49
103928 31
103969 5
103992 124
104006 53
104042 40
104085 57
104091 71
104091 4
104101 51
104131 95
104157 5
104181 1
104194 121
104216 86
104245 91
104275 70
104305 44
104312 71
104334 71
104350 11
104375 10
104391 111
104412 29
104450 102
104488 12
104510 2
104551 118
104591 87
104615 62
104658 127
104690 38
104709 61
104730 30
104772 117
104789 17
104793 55
104807 62
104824 41
104854 44
104875 103
104900 17
104908 28
104929 111
104956 75
104959 68
104964 79
104981 119
104994 85
105038 80
105050 15
105073 87
105073 46
105098 76
105129 35
105174 116
105187 66
105205 38
105233 66
105267 13
105306 10
105321 35
105342 10
105358 97
105359 111
105377 116
105381 71
105390 82
105409 71
105420 30
105454 40
105471 117
105502 23
105529 63
105555 117
105573 59
105586 98
105610 43
105633 29
105645 29
105682 53
105720 64
105763 83
105805 17
105831 79
105842 105
105866 6
105888 66
105891 116
105914 19
105946 95
105971 21
105985 80
106018 76
106060 78
106097 21
106098 114
106121 18
106165 45
106209 79
106224 48
106244 83
106269 110
106299 21
106316 115
106351 60
106359 35
106394 16
106409 89
106426 13
106442 103
106475 72
106477 121
106508 123
106510 39
106542 15
106545 90
106545 49
106554 82
106581 78
106626 41
106628 56
106652 70
106668 55
106695 77
106699 39
106699 14
106725 43
106757 86
106781 44
106824 2
106853 122
106874 14
106875 92
106911 2
106918 16
106919 64
106922 90
106935 79
106957 117
106964 85
107007 91
107035 69
107076 118
107090 127
107116 23
107136 63
107143 32
107179 41
107189 7
107189 60
107210 112
107220 6
107234 23
107265 120
107309 107
107322 57
107361 107
107372 10
107414 95
107425 59
107437 97
107466 127
107468 59
107489 25
107516 97
107532 33
107576 90
107582 10
107619 29
107651 126
107685 29
107727 6
107728 124
107734 43
107759 54
107799 40
107821 19
107863 41
107873 8
107908 19
107922 50
107924 32
107963 97
107981 127
107984 45
108015 82
108035 107
108048 15
108061 32
108104 32
108105 125
108119 117
108163 43
108181 7
108204 31
108233 77
108268 88
108312 8
108329 83
108352 91
108355 7
108364 126
108373 57
108382 30
108415 54
108429 23
108435 20
108452 5
108491 18
108508 25
108528 35
108561 90
108600 112
108635 105
108658 88
108680 59
108682 18
108716 39
108752 125
108771 120
108788 124
108798 56
108813 110
108853 38
108891 121
108929 53
108952 83
108996 74
109019 18
109042 68
109046 53
109048 105
109093 56
109134 80
109154 94
109156 112
109196 11
109231 124
109245 37
109275 89
109287 53
109315 116
109360 72
109371 78
109371 54
109408 77
109447 93
109476 120
109494 125
109508 21
109533 84
109561 63
109581 91
109606 13
109623 69
109634 100
109670 54
109699 38
109717 89
109759 8
109791 26
109808 114
109832 48
109862 43
109897 106
109920 53
109940 92
109976 87
109979 52
110017 3
110055 106
110067 80
110093 78
110100 19
110108 31
110152 23
110172 64
110215 67
110224 93
110236 94
110237 86
110264 8
110266 122
110301 116
110317 1
110323 14
110368 33
110377 82
110395 70
110426 21
110464 35
110475 23
110516 53
110557 60
110564 64
110608 117
110609 33
110615 114
110658 14
110685 67
110713 127
110718 115
110753 90
110798 21
110813 69
110816 95
110830 17
110850 124
110853 58
110897 36
110911 12
110938 95
110978 25
111009 17
111031 119
111037 67
111071 51
111096 1
111122 24
111158 87
111163 47
111208 44
111252 3
111277 100
111282 11
111320 127
111338 55
111369 43
111410 99
111447 108
111453 68
111494 58
111511 50
111536 83
111571 77
111613 121
111639 59
111654 60
111676 1
111702 34
111736 7
111762 38
111792 9
111793 61
111817 46
111857 127
111897 101
111917 34
111918 16
111929 22
111961 100
111973 20
111981 113
112008 5
112027 123
112059 109
112078 114
112116 37
112117 36
112125 67
112141 53
112151 18
112173 1
112177 64
112218 22
112233 126
112262 111
112268 28
112304 18
112311 109
112342 66
112345 59
112381 65
112395 16
112407 20
112434 51
112444 9
112444 37
112460 33
112486 37
112527 101
112543 113
112546 38
112573 64
112598 50
112610 19
112626 38
112655 31
112698 99
112729 14
112762 110
112783 18
112789 28
112815 35
112822 121
112828 11
112862 39
112905 52
112943 108
112976 115
112988 79
113016 125
113041 76
113074 101
113076 5
113085 22
113108 82
113120 14
113139 16
113159 105
113180 53
113183 35
113208 35
113252 74
113282 6
113288 15
113331 66
113360 37
113372 111
113402 105
113444 94
113448 59
113472 32
113497 49
113515 55
113533 91
113549 75
113555 78
113583 35
113621 32
113648 28
113650 15
113695 95
113712 89
113755 66
113771 80
113800 15
113844 50
113879 127
113900 86
113929 108
113935 41
113937 53
113973 39
113997 103
113998 115
114042 1
114052 120
114073 25
114079 42
114107 38
114126 44
114151 101
114168 79
114212 24
114253 113
114273 57
114293 61
114294 90
114334 97
114368 10
114409 101
114440 53
114470 16
114497 127
114512 127
114542 28
114570 9
114595 83
114634 102
114665 48
114699 99
114735 46
114764 58
114787 115
114812 103
114813 45
114822 84
114850 23
114865 76
114869 113
114905 98
114925 12
114958 96
114988 57
114992 44
114993 69
115023 37
115040 117
115043 26
115061 66
115095 53
115100 65
115123 93
115143 40
115165 112
115184 69
115215 59
115224 48
115234 80
115275 67
115320 29
115352 105
115358 38
115402 65
115426 59
115429 24
115432 96
115465 82
115508 47
115523 38
115557 82
115595 70
115639 15
115662 114
115666 102
115678 123
115718 102
115730 89
115743 122
115774 121
115790 112
115829 24
115838 63
115856 64
115893 95
115906 52
115921 27
115923 30
115944 94
115978 96
115981 56
116009 109
116026 107
116063 29
116081 113
116107 21
116150 27
116173 69
116192 63
116198 19
116229 124
116270 73
116296 110
116314 82
116350 35
116376 106
116400 59
116416 89
116444 14
116476 1
116500 119
116520 97
116540 103
116580 77
116590 40
116634 79
116673 18
116706 59
116748 124
116768 126
116810 62
116850 26
116851 105
116869 6
116874 109
116918 32
116922 16
116924 115
116947 15
116975 5
117006 113
117049 73
117070 29
117107 23
117107 69
117132 34
117149 116
117168 53
117189 59
117190 68
117191 116
117203 56
117208 91
117210 67
117226 51
117231 118
117231 42
117238 5
117278 93
117290 93
117333 41
117343 62
117352 59
117380 120
117383 2
117391 87
117405 127
117445 121
117468 124
117487 73
117506 6
117547 42
117555 18
117580 5
117622 99
117648 87
117680 77
117710 39
117748 115
117789 101
117822 103
117832 1
117844 16
117849 77
117850 89
117868 53
117872 26
117912 81
117956 8
117976 42
118003 116
118044 88
118054 7
118067 67
118111 22
118119 113
118131 71
118172 21
118175 71
118189 43
118211 74
118238 108
118261 109
118267 21
118282 16
118321 63
118356 33
118377 24
118422 8
118450 68
118476 61
118509 46
118550 29
118555 94
118594 74
118633 89
118667 39
118690 97
118725 83
118742 94
118744 65
118788 37
118821 6
118834 21
118874 113
118894 125
118910 116
118927 72
118968 74
119011 68
119052 58
119062 91
119090 28
119127 114
119147 99
119171 32
119198 6
119229 111
119242 49
119262 63
119300 2
119327 36
119351 13
119375 40
119410 112
119439 85
119450 51
119493 62
119532 62
119532 15
119532 18
119569 122
119574 83
119604 85
119621 42
119636 11
119645 77
119675 84
119681 76
119687 72
119717 83
119748 80
119749 39
119767 18
119785 106
119802 99
119806 126
119850 90
119873 66
119903 112
119922 30
119938 63
119980 33
119989 25
120021 17
120021 38
120042 89
120075 80
120114 7
120144 25
120156 69
120176 12
120209 81
120213 2
120253 113
120256 8
120297 18
120319 88
120350 43
120367 120
120398 64
120406 89
120434 26
120456 61
120481 107
120504 107
120532 100
120547 4
120578 64
120580 21
120597 103
120630 68
120630 22
120656 100
120698 27
120721 72
120730 5
120768 57
120800 93
120821 34
120853 66
120897 65
120910 121
120937 5
120944 91
120967 71
121003 90
121020 108
121043 5
121059 19
121093 121
121125 29
121168 55
121174 1
121180 95
121219 38
121261 93
121294 93
121305 107
121348 54
121373 32
121406 3
121436 85
121440 52
121452 28
121454 9
121478 49
121495 5
121517 126
121556 83
121586 13
121606 85
121647 44
121669 37
121712 30
121736 35
121739 54
121768 116
121778 10
121781 107
121809 118
121833 97
121843 19
121877 41
121884 45
121895 15
121926 116
121949 39
121958 124
121994 112
121994 93
122035 58
122073 84
122073 57
122088 29
122111 117
122135 122
122137 51
122171 58
122203 22
122209 99
122219 78
122244 1
122271 75
122271 2
122308 9
122341 28
122357 111
122357 37
122391 49
122397 126
122423 5
122443 26
122482 107
122494 93
122517 75
122553 61
122562 58
122571 47
122575 83
122577 82
122602 83
122627 125
122655 83
122687 117
122713 2
122748 24
122766 108
122769 108
122783 124
122796 95
122812 123
122821 13
122825 23
122866 86
122879 100
122879 73
122905 37
122909 69
122914 28
122935 116
122962 77
122997 110
122997 100
123027 100
123028 75
123036 123
123066 84
123104 119
123108 45
123139 100
123152 120
123190 75
123197 88
123230 75
123240 84
123282 45
123326 18
123352 108
123387 47
123430 25
123440 41
123447 39
123452 59
123478 89
123497 69
123511 75
123523 39
123527 72
123553 110
123572 77
123616 81
123644 12
123649 72
123665 37
123679 33
123717 71
123756 6
123760 110
123766 117
123811 101
123816 38
123848 17
123885 70
123927 127
123966 120
123993 124
124018 40
124047 122
124047 32
124078 7
124114 70
124131 69
124159 103
124178 35
124188 22
124206 9
124218 34
124242 13
124275 93
124309 39
124342 81
124344 7
124387 107
124401 82
124407 90
124410 16
124455 43
124493 7
124505 23
124550 30
124592 42
124620 107
124624 10
124652 34
124661 97
124680 127
124696 19
124698 57
124708 56
124733 77
124760 3
124773 123
124791 90
124821 59
124866 17
124883 12
124907 20
124916 67
124942 78
124970 108
124977 105
124986 72
125026 93
125048 11
125048 52
125054 30
125061 70
125090 96
125120 76
125139 127
125172 82
125215 12
125240 76
125247 103
125248 5
125287 40
125315 39
125323 36
125351 64
125376 32
125416 69
125425 65
125469 51
125499 65
125538 77
125559 107
125576 96
125617 84
125623 90
125624 119
125649 110
125658 50
125701 43
125731 61
125763 10
125781 46
125784 82
125790 51
125812 39
125849 65
125873 2
125875 16
125889 113
125891 122
125926 10
125964 71
125993 27
126016 41
126034 71
126055 115
126063 107
126071 26
126111 9
126115 74
126124 9
126126 18
126147 110
126152 29
126179 20
126217 105
126226 112
126242 92
126274 15
126303 80
126333 101
126367 106
126398 4
126406 83
126427 120
126446 23
126451 75
126467 31
126492 90
126536 68
126570 116
126606 120
126623 26
126663 107
126694 82
126723 95
126734 116
126777 94
126784 43
126806 37
126851 30
126858 106
126887 44
126914 101
126925 11
126943 67
126973 92
126982 54
126993 39
126999 70
127019 6
127058 40
127068 75
127107 127
127143 42
127146 100
127189 64
127201 36
127241 33
127262 20
127283 3
127313 99
127349 46
127370 40
127384 10
127387 31
127396 47
127404 101
127440 13
127471 19
127495 91
127529 107
127565 54
127601 105
127644 84
127653 126
127668 77
127671 75
127681 92
127690 92
127697 37
127740 67
127782 67
127792 87
127830 38
127838 34
127860 125
127895 31
127895 89
127935 94
127956 107
128000 84
128005 120
128033 100
128033 68
128067 35
128112 125
128145 11
128145 107
128155 22
128180 55
128214 85
128246 110
128282 95
128301 1
128319 111
128363 51
128365 108
128376 39
128403 122
128427 1
128432 67
128438 114
128438 105
128474 28
128491 100
128520 10
128520 104
128542 87
128582 10
128589 95
128591 117
128593 66
128622 71
128647 43
128674 51
128692 15
128711 101
128739 13
128743 46
128752 116
128770 64
128811 24
128841 83
128872 16
128913 91
128952 78
128974 85
129017 74
129036 18
129038 50
129050 29
129081 48
129106 56
129111 22
129112 88
129117 81
129130 11
129151 3
129156 124
129165 111
129195 62
129234 46
129262 57
129267 82
129299 122
129301 71
129337 7
129380 32
129385 43
129419 119
129419 31
129454 27
129493 90
129537 127
129553 90
129561 127
129569 86
129578 96
129621 41
129651 77
129675 7
129688 26
129703 29
129722 14
129764 39
129795 114
129833 7
129841 31
129855 117
129900 29
129937 28
129970 97
129990 78
130030 26
130065 119
130099 51
130103 46
130147 14
130175 29
130214 63
130218 56
130254 1
130283 71
130311 41
130311 87
130313 8
130356 77
130386 34
130430 106
130469 94
130514 31
130554 99
130598 77
130602 8
130645 106
130682 26
130711 28
130721 119
130765 7
130774 114
130777 8
130805 66
130844 68
130849 24
130874 47
130910 70
130916 119
130916 84
130921 64
130940 113
130985 72
131029 95
131030 117
131044 27
131074 22
131107 92
131118 96
131136 43
131139 99
131140 77
131163 1
131205 78
131236 111
131280 18
131285 24
131325 29
131352 70
131390 30
131393 111
131418 33
131423 12
131443 94
131454 38
131461 44
131464 16
131508 72
131524 36
131536 103
131537 115
131560 83
131590 90
131620 81
131634 92
131637 10
131670 14
131707 92
131743 38
131784 58
131825 17
131850 43
131869 4
131911 15
131951 113
131954 58
131962 106
131991 20
132001 6
132019 56
132040 23
132063 13
132072 7
132089 109
132107 51
132139 94
132159 83
132178 73
132181 23
132217 3
132225 10
132261 1
132266 122
132300 59
132307 48
132345 111
132377 110
132413 126
132420 5
132440 30
132465 100
132489 95
132518 59
132524 109
132528 115
132534 83
132574 50
132617 46
132617 68
132638 46
132643 99
132656 127
132688 50
132721 45
132722 54
132724 113
132769 63
132796 58
132815 33
132841 30
132883 36
132911 112
132951 40
132952 68
132973 102
132999 120
133014 74
133028 109
133067 73
133072 108
133090 94
133124 102
133162 98
133207 80
133243 50
133275 94
133316 92
133321 15
133338 101
133346 34
133375 22
133390 123
133418 112
133445 61
133482 71
133486 109
133530 28
133561 114
133589 48
133616 84
133633 74
133666 41
133709 19
133721 31
133747 77
133788 81
133804 93
133829 34
133851 77
133884 15
133889 122
133925 67
133951 76
133963 5
133979 98
134004 17
134020 126
134057 117
134088 115
134100 41
134105 123
134110 72
134131 96
134161 122
134168 41
134187 51
134212 111
134233 103
134240 29
134253 93
134273 9
134286 30
134307 31
134324 126
134325 41
134367 26
134390 124
134426 110
134467 25
134497 114
134533 12
134571 73
134595 13
134632 71
134674 61
134700 35
134730 48
134755 32
134791 38
134801 114
134818 88
134841 5
134844 91
134855 65
134896 84
134940 26
134981 92
135011 50
135018 99
135063 85
135105 39
135113 83
135153 104
135154 78
135172 127
135216 86
135229 105
135259 83
135274 87
135317 112
135319 26
135335 99
135352 31
135375 11
135388 84
135431 105
135446 15
135467 61
135499 34
135499 14
135526 89
135558 4
135603 110
135627 73
135672 22
135711 3
135739 118
135759 73
135782 64
135816 92
135837 99
135870 14
135912 32
135917 38
135920 97
135931 88
135959 113
136002 77
136045 61
136078 39
136111 19
136124 109
136156 71
136179 65
136186 65
136230 61
136257 63
136273 108
136295 19
136323 50
136368 113
136388 63
136403 88
136439 114
136460 28
136493 47
136532 69
136542 108
136548 89
136565 69
136567 67
136597 36
136629 101
136637 4
136677 56
136721 125
136743 4
136756 19
136798 21
136799 27
136835 9
136853 66
136870 67
136891 14
136897 48
136941 100
136969 107
136980 55
136988 76
137012 41
137057 90
137090 65
137108 103
137150 94
137154 30
137198 53
137200 56
137218 17
137230 17
137234 98
137272 49
137314 104
137315 69
137342 18
137373 13
137379 59
137387 126
137396 73
137415 28
137444 114
137455 40
137484 31
137527 62
137567 52
137610 67
137642 79
137642 50
137655 37
137656 85
137701 111
137744 22
137776 76
137787 47
137812 46
137828 98
137869 11
137899 28
137900 42
137924 54
137929 82
137929 109
137973 56
138010 75
138038 123
138038 106
138058 98
138064 70
138087 57
138096 104
138140 82
138143 107
138150 103
138175 20
138213 126
138226 75
138236 75
138273 23
138293 75
138300 46
138330 15
138331 97
138361 36
138380 111
138402 105
138445 64
138480 39
138514 82
138514 100
138549 13
138575 87
138580 17
138583 105
138628 11
138639 72
138663 95
138668 50
138694 61
138720 77
138742 114
138774 125
138811 13
138838 61
138857 100
138881 31
138918 67
138922 2
138923 109
138951 43
138989 88
138993 38
139022 70
139061 77
139083 49
139098 41
139137 96
139179 124
139196 89
139222 121
139262 31
139267 36
139294 34
139333 91
139362 22
139367 75
139388 51
139425 14
139438 31
139474 89
139492 10
139537 113
139571 67
139596 25
139614 70
139614 38
139653 41
139682 19
139716 111
139732 24
139765 104
139770 38
139785 8
139788 9
139828 111
139832 27
139833 13
139858 64
139861 106
139871 88
139891 91
139898 99
139939 13
139972 75
140003 93
140015 83
140059 47
140104 108
140130 39
140137 122
140168 28
140182 83
140206 10
140216 64
140235 1
140268 124
140310 64
140323 27
140355 121
140393 37
140422 58
140427 121
140471 15
140481 97
140502 95
140533 67
140547 69
140568 116
140591 18
140601 43
140635 78
140671 17
140690 13
140735 86
140767 85
140806 26
140831 45
140876 78
140885 71
140893 49
140900 26
140900 83
140931 34
140946 82
140969 82
141001 120
141005 117
141013 4
141052 33
141086 9
141117 70
141145 31
141164 34
141185 100
141188 77
141231 36
141260 102
141289 90
141307 26
141348 122
141381 16
141422 104
141455 90
141465 20
141502 16
141540 78
141561 99
141580 70
141602 89
141617 37
141643 111
141644 125
141660 101
141663 86
141699 90
141721 75
141735 78
141752 95
141777 1
141801 116
141808 57
141834 12
141869 76
141907 127
141951 30
141970 67
142006 44
142018 89
142035 14
142060 91
142069 78
142082 102
142099 18
142142 62
142178 109
142179 124
142188 20
142192 122
142199 113
142232 123
142269 33
142274 117
142287 121
142306 126
142347 124
142358 25
142385 6
142401 60
142427 66
142441 104
142456 74
142480 1
142515 6
142556 52
142573 122
142604 91
142637 108
142657 83
142679 12
142716 35
142726 91
142741 55
142747 94
142790 59
142804 86
142835 22
142857 101
142893 53
142930 1
142938 60
142969 98
142998 20
143016 17
143019 125
143026 110
143058 104
143087 120
143119 88
143119 33
143127 30
143133 91
143157 101
143188 58
143209 21
143219 5
143249 48
143262 127
143291 38
143308 87
143317 63
143317 127
143321 64
143338 10
143377 2
143407 34
143433 65
143460 109
143484 88
143509 99
143530 75
143556 20
143590 48
143628 48
143651 19
143667 48
143711 22
143753 61
143754 42
143799 32
143842 39
143879 35
143884 25
143928 20
143950 42
143971 122
144001 13
144037 12
144075 73
144083 113
144122 24
144126 90
144169 99
144198 28
144207 103
144240 19
144278 40
144293 126
144324 79
144365 10
144375 116
144390 51
144399 11
144428 104
144472 63
144513 98
144548 64
144580 94
144589 120
144621 52
144630 30
144666 37
144669 83
144704 15
144729 118
144736 91
144767 51
144795 36
144807 108
144833 45
144840 123
144841 42
144841 1
144864 22
144874 95
144899 65
144928 6
144932 117
144937 99
144971 29
144984 32
144991 67
144999 51
145009 4
145024 80
145068 54
145104 9
145148 40
145160 93
145162 119
145171 91
145187 16
145216 67
145261 70
145271 37
145315 107
145350 120
145394 108
145405 60
145434 68
145463 26
145488 64
145512 111
145533 70
145574 46
145619 88
145664 74
145709 107
145715 118
145748 49
145771 90
145783 4
145785 34
145804 92
145839 23
145862 68
145874 35
145898 117
145932 41
145954 95
145960 39
145979 36
145999 37
146024 58
146058 24
146077 80
146104 22
146117 18
146161 51
146189 117
146192 25
146203 120
146213 31
146251 111
146251 9
146268 108
146275 39
146288 23
146311 93
146323 36
146339 45
146362 28
146373 123
146400 106
146443 123
146487 90
146502 97
146521 108
146564 34
146576 97
146581 106
146617 15
146622 103
146643 21
146646 1
146691 13
146697 29
146723 107
146754 47
146766 55
146794 84
146809 5
146821 58
146860 97
146900 64
146919 106
146921 115
146938 22
146952 52
146954 123
146986 19
147020 15
147026 112
147068 47
147102 60
147102 70
147117 48
147120 10
147157 112
147178 100
147216 125
147239 39
147268 47
147296 93
147296 30
147312 70
147337 46
147358 49
147380 63
147425 16
147466 87
147509 107
147517 18
147547 127
147572 93
147603 84
147608 120
147621 37
147663 24
147692 20
147735 108
147771 75
147774 95
147815 8
147823 51
147823 11
147837 119
147853 40
147860 26
147892 120
147930 23
147972 49
147988 106
148004 36
148046 50
148059 91
148102 33
148132 85
148135 108
148137 108
148138 99
148181 86
148190 13
148199 97
148232 119
148266 58
148292 34
148300 97
148314 88
148341 41
148386 88
148424 92
148445 126
148461 2
148482 63
148490 64
148514 28
148525 62
148530 38
148554 46
148575 43
148579 5
148611 34
148622 109
148636 31
148675 81
148678 37
148714 38
148739 32
148762 10
148783 117
148788 120
148825 72
148853 88
148855 43
148862 120
148896 82
148927 118
148939 122
148984 105
149007 29
149041 20
149079 74
149105 40
149135 10
149158 67
149197 4
149226 40
149254 102
149261 44
149273 22
149280 127
149298 104
149310 70
149350 37
149386 109
149400 86
149415 21
149419 80
149455 55
149459 66
149496 81
149510 80
149532 77
149541 52
149582 41
149613 63
149633 54
149645 90
149664 80
149704 98
149708 17
149738 29
149753 124
149784 9
149821 74
149834 107
149855 115
149893 89
149913 41
149933 122
149957 6
149974 106
150017 54
150034 35
150061 24
150095 127
150119 82
150128 58
150145 54
150180 115
150201 103
150221 83
150225 101
150234 64
150272 96
150286 23
150319 33
150359 79
150378 41
150383 83
150389 74
150425 123
150461 122
150506 42
150546 25
150556 31
150586 37
150597 50
150598 3
150624 12
150624 24
150643 79
150644 4
150647 36
150660 66
150662 92
150669 58
150689 34
150729 118
150737 88
150752 53
150764 120
150780 78
150800 66
150800 12
150832 78
150844 43
150878 102
150895 45
150938 31
150948 91
150982 24
151024 85
151060 105
151102 73
151120 65
151155 117
151200 127
151232 25
151237 99
151279 74
151299 44
151327 97
151346 119
151350 82
151358 29
151374 7
151399 26
151414 9
151420 37
151426 57
151470 63
151492 59
151519 95
151525 77
151558 74
151592 92
151613 87
151617 65
151659 40
151684 98
151729 1
151759 64
151779 54
151818 81
151862 31
151897 31
151938 71
151967 21
152002 49
152025 19
152055 80
152100 30
152101 25
152108 124
152112 117
152112 24
152156 37
152176 23
152178 81
152196 94
152214 15
152229 97
152234 56
152235 75
152242 71
152259 89
152263 8
152271 8
152311 127
152336 48
152340 110
152340 63
152370 19
152390 46
152391 22
152401 126
152405 99
152419 82
152427 41
152437 103
152452 65
152462 45
152484 124
152485 42
152490 75
152494 25
152513 121
152539 29
152555 119
152555 66
152599 41
152641 44
152665 64
152669 55
152695 16
152722 104
152730 8
152769 32
152799 9
152832 15
152863 18
152907 120
152925 69
152928 125
152964 6
152997 77
153035 112
153058 22
153098 54
153099 88
153132 69
153177 45
153220 85
153238 14
153243 124
153281 46
153314 7
153331 26
153345 6
153387 84
153418 103
153459 4
153481 96
153524 93
153569 108
153602 51
153638 59
153651 71
153657 47
153668 65
153705 123
153747 5
153757 75
153797 37
153815 47
153816 20
153848 6
153848 16
153868 38
153888 38
153905 60
153906 113
153927 105
153969 93
153981 36
154023 122
154065 45
154092 66
154092 78
154129 71
154148 38
154175 32
154211 47
154255 107
154283 38
154301 17
154331 124
154364 99
154404 20
154407 64
154431 25
154470 117
154490 48
154519 84
154535 6
154571 72
154577 51
154620 126
154622 89
154623 4
154629 9
154655 81
154666 33
154703 40
154737 76
154772 101
154773 36
154787 15
154804 69
154839 25
154846 79
154881 24
154892 62
154910 102
154920 60
154960 30
155003 100
155034 49
155055 119
155086 14
155117 47
155129 22
155145 96
155188 69
155216 58
155241 115
155272 83
155304 40
155322 20
155339 67
155357 70
155399 107
155416 64
155447 121
155471 112
155510 114
155525 4
155544 86
155549 96
155556 115
155583 92
155617 52
155652 78
155670 48
155695 66
155734 44
155747 117
155766 55
155800 54
155800 10
155835 90
155875 88
155916 102
155945 21
155969 120
155979 49
155982 25
156013 77
156033 37
156068 65
156111 41
156149 19
156173 59
156181 35
156218 27
156249 24
156260 34
156284 48
156321 120
156326 89
156364 49
156386 115
156388 36
156431 48
156445 8
156452 119
156457 88
156488 25
156510 11
156536 58
156576 24
156610 42
156619 27
156660 54
156689 51
156729 34
156763 47
156766 127
156770 42
156807 70
156815 28
156831 82
156855 3
156874 117
156884 79
156915 110
156932 107
156933 7
156939 102
156984 87
156992 110
157000 113
157011 39
157046 99
157072 110
157085 3
157112 45
157136 22
157142 31
157179 124
157213 46
157241 10
157280 120
157284 118
157314 20
157346 12
157378 91
157404 103
157434 64
157443 71
157453 117
157491 44
157530 103
157545 117
157562 40
157574 112
157619 89
157635 55
157645 113
157681 18
157690 37
157733 104
157734 120
157761 33
157778 31
157787 32
157817 67
157832 62
157841 23
157869 61
157900 102
157900 91
157945 109
157976 92
157996 70
158003 46
158029 77
158037 57
158039 46
158045 125
158048 80
158059 63
158099 28
158107 102
158107 65
158108 69
158135 67
158167 8
158182 74
158189 25
158209 30
158249 121
158288 78
158317 9
158348 89
158368 114
158391 78
158416 82
158458 22
158464 69
158484 4
158526 99
158527 113
158568 32
158602 114
158608 37
158646 34
158662 70
158664 117
158702 64
158722 50
158767 115
158778 5
158818 76
158857 5
158874 48
158918 83
158955 49
158980 109
158996 10
159018 117
159018 49
159030 92
159048 108
159081 92
159096 29
159136 29
159172 42
159176 67
159198 33
159232 36
159248 35
159277 51
159281 44
159321 32
159365 73
159371 84
159385 18
159411 94
159419 47
159434 95
159441 42
159444 3
159476 13
159489 113
159527 94
159570 106
159605 108
159610 14
159628 88
159670 101
159713 15
159748 101
159766 86
159793 27
159830 28
159837 36
159859 86
159884 22
159884 101
159886 121
159893 88
159911 69
159911 71
159924 6
159961 44
159964 47
159996 109
160036 83
160052 89
160068 33
160111 24
160123 80
160153 64
160157 72
160198 68
160229 89
160235 2
160236 12
160268 82
160278 47
160285 97
160315 46
160341 52
160382 127
160386 15
160410 123
160438 30
160450 75
160459 49
160496 31
160523 50
160546 77
160580 64
160590 125
160629 32
160662 41
160684 70
160687 111
160727 121
160758 33
160761 91
160780 12
160802 11
160824 113
160827 15
160871 54
160916 6
160952 101
160955 38
160983 26
160999 62
161040 17
161080 63
161098 114
161109 29
161114 11
161115 35
161115 77
161116 13
161139 70
161169 38
161212 98
161244 75
161264 24
161304 13
161318 122
161331 23
161369 76
161413 100
161439 125
161482 44
161521 77
161536 114
161560 60
161560 100
161581 61
161621 113
161662 12
161685 83
161706 123
161713 36
161722 13
161725 105
161729 38
161735 115
161780 32
161803 55
161847 49
161865 99
161878 62
161923 120
161966 14
162002 35
162036 28
162061 15
162064 75
162098 69
162143 53
162164 52
162194 80
162199 116
162226 4
162249 113
162258 82
162293 121
162310 124
162329 95
162331 94
162371 48
162409 120
162453 67
162496 39
162523 55
162551 126
162580 38
162613 76
162627 6
162643 36
162666 68
162669 15
162682 65
162714 73
162749 91
162757 45
162787 33
162803 21
162812 62
162847 61
162864 97
162864 41
162904 85
162904 81
162904 126
162941 111
162958 61
162994 29
163012 23
163030 45
163054 17
163080 32
163081 119
163113 53
163131 73
163142 6
163186 95
163186 115
163223 62
163234 82
163235 65
163265 50
163284 5
163320 57
163327 24
163335 38
163370 72
163381 59
163416 63
163446 55
163463 28
163489 109
163528 117
163559 64
163586 120
163591 110
163611 46
163656 37
163688 108
163709 32
163733 101
163762 62
163770 104
163811 94
163812 25
163853 96
163857 55
163894 13
163917 87
163935 79
163950 2
163983 75
164018 112
164039 98
164055 72
164082 58
164121 54
164138 118
164148 39
164157 8
164167 65
164212 4
164223 125
164243 115
164246 109
164265 11
164308 17
164329 78
164356 124
164372 37
164372 50
164409 58
164438 63
164445 82
164489 47
164501 87
164524 94
164548 121
164591 114
164607 102
164649 8
164661 26
164703 54
164727 117
164752 77
164781 20
164826 59
164828 72
164872 90
164910 61
164953 117
164971 75
164972 55
165010 93
165022 123
165026 18
165038 61
165057 76
165093 37
165098 126
165129 28
165171 2
165180 106
165198 7
165219 33
165252 43
165272 3
165308 61
165330 78
165368 114
165409 15
165418 126
165430 114
165474 94
165495 73
165500 56
165516 84
165551 119
165582 55
165606 122
165643 12
165645 27
165684 45
165699 75
165699 112
165723 81
165746 27
165757 44
165769 10
165813 36
165834 29
165872 106
165907 50
165945 86
165958 119
166002 11
166030 86
166033 34
166076 103
166095 103
166127 30
166129 6
166134 119
166157 28
166177 48
166221 124
166227 125
166240 11
166266 109
166307 99
166316 85
166331 67
166365 8
166405 98
166444 59
166489 5
166524 53
166537 59
166553 65
166573 103
166590 86
166598 7
166609 27
166648 28
166659 44
166680 37
166710 56
166746 16
166770 32
166778 75
166796 64
166822 103
166866 83
166901 81
166927 118
166957 91
166982 62
167002 20
167034 78
167048 43
167088 102
167128 32
167137 21
167147 122
167175 85
167192 36
167229 10
167246 96
167291 57
167320 6
167348 21
167354 39
167385 78
167429 116
167435 33
167436 105
167461 44
167462 126
167494 90
167532 105
167554 109
167555 12
167563 75
167574 117
167613 83
167654 48
167673 123
167708 79
167724 59
167734 73
167772 9
167807 90
167826 58
167836 97
167876 88
167886 95
167920 11
167953 55
167963 17
167969 58
167991 39
168028 116
168057 104
168090 19
168134 90
168153 3
168164 67
168182 7
168186 45
168195 86
168221 58
168241 70
168267 20
168276 36
168302 38
168324 34
168328 115
168333 88
168372 19
168389 95
168434 116
168469 52
168493 58
168510 127
168534 85
168559 77
168594 79
168629 63
168649 93
168668 18
168695 58
168713 66
168752 85
168757 49
168784 124
168806 46
168814 95
168814 3
168819 32
168844 65
168869 10
168905 14
168919 83
168954 108
168968 94
168990 91
169032 93
169063 11
169080 105
169104 40
169106 58
169142 119
169163 52
169164 17
169201 69
169233 61
169249 111
169249 98
169269 79
169269 69
169282 12
169292 19
169306 1
169320 92
169336 42
169347 60
169359 21
169401 72
169445 113
169449 6
169464 113
169505 43
169548 13
169561 96
169562 121
169572 125
169581 110
169596 38
169639 75
169651 15
169658 39
169686 59
169689 57
169732 11
169755 86
169766 95
169769 77
169780 52
169804 88
169830 17
169854 42
169884 78
169924 66
169958 81
169958 84
169977 20
170019 88
170051 109
170051 18
170093 35
170119 127
170148 21
170162 75
170198 65
170215 5
170252 114
170268 115
170303 92
170318 71
170337 11
170375 60
170379 51
170412 25
170418 109
170421 27
170440 121
170453 29
170488 98
170532 76
170547 28
170575 82
170603 19
170641 17
170641 32
170646 30
170676 26
170717 51
170752 11
170775 73
170794 110
170803 41
170846 105
170863 115
170903 30
170937 17
170956 126
170989 84
171021 29
171044 47
171071 80
171099 20
171136 7
171157 88
171198 68
171206 113
171207 46
171249 3
171250 87
171278 66
171288 82
171294 118
171326 118
171328 96
171357 116
171396 23
171441 69
171454 23
171469 38
171506 21
171513 79
171538 70
171550 42
171578 102
171585 54
171589 20
171615 52
171643 122
171676 37
171702 9
171711 53
171754 65
171777 110
171785 81
171814 68
171835 52
171870 4
171882 32
171912 32
171922 119
171958 58
171987 75
172017 102
172054 91
172083 42
172102 125
172114 12
172149 79
172150 72
172177 108
172201 125
172215 122
172247 85
172291 10
172311 73
172331 113
172374 44
172375 119
172412 34
172421 111
172422 79
172437 90
172454 35
172461 19
172475 85
172488 121
172522 39
172527 61
172542 43
172568 91
172598 120
172601 109
172611 95
172644 15
172681 108
172696 88
172719 52
172742 40
172787 106
172788 127
172809 15
172845 12
172867 107
172880 3
172917 92
172929 76
172953 52
172982 123
172992 116
173017 106
173029 118
173062 82
173064 56
173073 92
173097 49
173112 20
173120 113
173126 62
173139 116
173164 100
173196 74
173231 84
173262 1
173275 3
173301 66
173326 122
173371 115
173401 24
173406 97
173442 103
173464 104
173466 51
173492 120
173517 34
173520 27
173545 41
173548 81
173564 53
173609 114
173639 37
173667 70
173708 124
173744 24
173771 28
173805 56
173826 103
173837 72
173853 75
173889 62
173908 56
173920 90
173956 96
173957 76
173996 24
174039 15
174079 6
174096 123
174137 86
174144 80
174172 21
174216 78
174226 91
174253 12
174261 89
174261 97
174270 119
174310 53
174317 21
174331 58
174373 49
174382 82
174412 93
174424 110
174443 68
174467 105
174467 99
174473 17
174514 65
174543 32
174574 108
174617 55
174627 13
174666 30
174670 98
174677 55
174693 78
174725 14
174768 31
174789 121
174817 96
174855 68
174897 27
174933 69
174972 121
175015 3
175060 3
175074 63
175116 80
175128 124
175160 106
175193 36
175225 69
175228 32
175266 50
175301 105
175323 18
175346 120
175387 64
175404 5
175418 61
175423 115
175432 37
175433 105
175447 58
175457 8
175472 23
175496 48
175512 35
175529 79
175531 112
175538 97
175571 109
175598 20
175608 75
175622 50
175666 80
175674 41
175702 64
175709 125
175751 12
175768 84
175773 90
175818 8
175833 45
175873 110
175881 71
175900 86
175919 3
175950 99
175991 87
175994 7
176001 28
176009 67
176018 124
176023 107
176056 32
176056 65
176073 105
176080 97
176119 4
176143 60
176176 77
176202 39
176230 75
176251 27
176254 30
176259 113
176302 90
176329 127
176362 48
176362 70
176403 96
176415 7
176455 35
176460 54
176487 19
176497 66
176542 48
176547 11
176576 94
176615 31
176637 15
176664 92
176666 94
176698 14
176739 62
176747 15
176754 85
176762 47
176772 104
176795 91
176796 126
176828 16
176863 49
176876 33
176878 63
176890 91
176924 72
176950 109
176966 106
177005 121
177031 36
177031 68
177061 114
177089 26
177116 5
177153 69
177197 98
177205 56
177245 72
177246 26
177249 45
177269 126
177270 28
177274 89
177280 5
177316 126
177340 67
177363 44
177385 67
177425 42
177452 89
177489 10
177498 122
177541 10
177541 124
177546 18
177582 83
177621 63
177666 126
177710 70
177736 93
177748 93
177788 45
177805 102
177836 55
177858 49
177889 97
177925 96
177925 18
177925 4
177967 33
178006 100
178027 106
178045 63
178052 7
178053 118
178089 126
178112 56
178139 3
178148 98
178172 114
178201 22
178209 29
178209 15
178210 41
178236 59
178272 27
178294 20
178304 14
178305 114
178342 40
178353 110
178368 2
178403 43
178426 92
178452 68
178485 99
178518 100
178558 24
178567 84
178578 6
178584 62
178602 103
178635 20
178671 58
178709 75
178745 78
178786 127
178819 103
178847 3
178876 57
178906 125
178940 120
178970 115
179009 102
179051 42
179059 52
179064 24
179099 17
179124 63
179129 122
179169 59
179178 19
179219 114
179224 80
179229 54
179238 64
179274 68
179305 98
179330 6
179338 29
179376 102
179408 75
179444 25
179482 18
179505 44
179534 16
179557 22
179602 24
179606 54
179619 86
179624 120
179651 119
179662 33
179692 23
179722 109
179727 111
179769 51
179800 73
179842 106
179857 28
179864 43
179899 4
179938 106
179939 94
179958 1
179977 71
179982 10
180024 61
180055 2
180074 77
180105 40
180146 120
180191 58
180192 14
180203 25
180233 32
180264 28
180280 5
180295 113
180338 20
180356 1
180393 60
180398 86
180405 94
180434 40
180458 110
180503 30
180522 77
180529 119
180539 16
180572 85
180597 111
180617 115
180651 37
180674 126
180690 25
180709 32
180751 96
180758 90
180772 93
180776 117
180806 65
180824 81
180845 72
180845 58
180847 42
180885 54
180906 33
180937 40
180951 69
180990 123
181021 31
181046 44
181072 29
181103 48
181114 51
181143 74
181176 31
181190 116
181212 12
181217 53
181257 101
181289 40
181322 61
181363 61
181365 116
181374 70
181383 5
181395 115
181411 28
181419 28
181419 90
181463 99
181468 114
181490 79
181497 45
181528 22
181572 60
181592 104
181627 61
181642 32
181669 10
181694 76
181701 24
181719 85
181737 7
181780 18
181818 2
181840 33
181873 45
181893 97
181926 62
181929 72
181933 61
181941 18
181962 85
181977 82
182000 119
182002 105
182039 97
182077 50
182103 127
182138 84
182166 64
182186 16
182202 11
182240 49
182267 110
182305 8
182308 88
182310 83
182313 30
182335 77
182350 26
182357 12
182377 34
182400 93
182435 53
182439 98
182445 35
182461 55
182489 98
182529 1
182551 89
182595 112
182637 105
182670 103
182690 93
182731 29
182765 80
182791 25
182808 61
182811 97
182814 108
182824 67
182846 13
182850 10
182860 24
182875 22
182887 94
182927 95
182962 93
182967 37
182984 71
182994 109
183008 13
183035 11
183056 68
183057 88
183057 8
183070 120
183085 31
183098 95
183114 67
183158 25
183168 73
183207 115
183230 107
183245 51
183281 74
183285 36
183300 78
183340 125
183369 18
183385 25
183387 78
183418 38
183437 107
183438 105
183443 127
183467 94
183504 95
183525 88
183553 37
183560 46
183563 92
183567 98
183606 110
183633 76
183660 100
183669 81
183688 67
183699 85
183719 5
183751 31
183776 30
183801 64
183815 112
183827 14
183843 79
183846 53
183885 42
183899 47
183899 86
183916 15
183948 17
183950 21
183969 26
183988 103
184000 30
184008 60
184023 119
184029 82
184055 2
184100 125
184140 49
184185 31
184197 63
184212 25
184241 10
184278 67
184323 75
184352 119
184374 92
184379 123
184417 69
184452 74
184476 93
184492 116
184523 46
184545 122
184589 107
184596 66
184628 57
184652 69
184658 88
184666 113
184711 5
184713 78
184722 94
184738 97
184768 96
184775 35
184809 2
184822 33
184826 75
184845 58
184869 124
184891 108
184922 20
184951 35
184966 6
184994 60
185031 12
185037 46
185049 97
185061 4
185100 40
185140 110
185157 110
185172 56
185176 87
185180 79
185198 62
185217 81
185235 112
185272 33
185314 56
185329 48
185362 95
185379 71
185402 96
185446 8
185454 83
185460 48
185460 36
185488 9
185506 117
185551 124
185559 74
185563 50
185584 35
185599 59
185615 18
185644 45
185672 72
185681 93
185715 40
185755 4
185799 11
185829 118
185851 82
185893 40
185904 58
185940 94
185958 74
185987 127
185998 71
186021 89
186026 79
186061 83
186062 36
186091 36
186114 47
186136 55
186149 70
186177 64
186192 52
186230 121
186268 79
186285 90
186323 15
186333 76
186364 38
186398 91
186443 52
186483 16
186488 84
186528 108
186539 50
186564 5
186576 118
186598 46
186618 13
186633 9
186668 33
186696 8
186709 55
186740 111
186748 34
186769 102
186783 68
186788 106
186815 26
186842 79
186880 33
186923 97
186938 48
186969 23
186988 110
186991 13
187030 59
187074 107
187107 16
187114 71
187117 50
187162 33
187204 73
187234 43
187276 125
187283 8
187315 7
187323 115
187335 65
187361 63
187390 112
187415 118
187426 81
187429 110
187441 116
187477 57
187503 50
187541 7
187551 28
187594 47
187638 123
187664 33
187703 126
187713 57
187738 124
187771 85
187785 44
187805 81
187831 58
187868 43
187888 123
187933 74
187951 47
187951 13
187986 104
188028 31
188072 120
188115 75
188128 4
188163 91
188187 27
188220 70
188261 54
188286 91
188303 124
188330 5
188374 39
188394 23
188394 102
188405 1
188418 113
188423 52
188432 82
188473 31
188514 104
188534 8
188564 117
188607 52
188634 34
188678 28
188712 111
188750 91
188770 92
188803 31
188844 121
188862 80
188889 115
188924 117
188942 85
188948 94
188967 2
188989 106
189000 121
189030 102
189064 108
189093 79
189109 112
189121 44
189145 81
189186 46
189204 39
189207 104
189245 67
189290 63
189332 54
189337 123
189378 46
189387 85
189387 52
189392 57
189404 112
189442 9
189478 16
189498 120
189524 88
189528 41
189573 40
189573 8
189613 100
189658 69
189699 9
189709 43
189748 104
189751 93
189785 56
189805 28
189813 61
189827 75
189836 100
189871 34
189871 114
189883 13
189894 97
189908 123
189918 9
189931 44
189961 121
189979 121
190016 17
190026 28
190066 95
190105 21
190107 22
190132 24
190166 124
190166 29
190185 23
190214 74
190249 120
190253 32
190259 86
190302 61
190302 3
190346 114
190380 71
190420 38
190445 73
190488 43
190516 30
190517 23
190558 11
190565 77
190609 116
190609 59
190631 66
190640 79
190675 86
190704 90
190726 120
190732 74
190754 20
190766 17
190775 35
190816 116
190846 67
190849 47
190878 46
190913 8
190944 104
190967 13
190978 23
190998 10
191022 92
191054 80
191077 119
191089 10
191116 94
191142 47
191147 93
191175 35
191177 18
191202 43
191215 44
191260 47
191275 70
191299 46
191326 50
191345 37
191351 52
191355 81
191357 83
191377 11
191418 104
191458 76
191486 31
191531 33
191575 101
191608 104
191612 63
191651 63
191654 98
191676 98
191694 52
191730 10
191747 21
191758 60
191793 43
191835 112
191871 44
191910 116
191937 93
191943 121
191977 37
191985 2
192004 123
192004 88
192031 19
192036 37
192037 44
192063 67
192095 66
192097 71
192102 63
192106 37
192136 15
192159 14
192166 26
192179 14
192222 24
192260 125
192277 103
192286 79
192294 70
192333 66
192370 29
192415 107
192454 111
192473 52
192498 47
192500 22
192540 118
192569 97
192571 66
192614 11
192647 113
192680 121
192688 64
192705 77
192716 30
192722 78
192731 37
192772 34
192814 73
192838 110
192842 51
192842 20
192852 90
192891 4
192926 31
192950 68
192966 123
192990 109
192995 31
193007 102
193029 63
193050 32
193064 99
193096 7
193103 102
193143 105
193182 28
193196 108
193198 4
193223 1
193266 8
193294 13
193335 112
193376 7
193379 56
193405 83
193448 106
193483 10
193523 85
193566 80
193602 40
193617 70
193653 57
193660 42
193664 17
193685 92
193688 41
193731 12
193751 77
193771 30
193800 77
193824 120
193862 91
193901 70
193903 7
193916 54
193932 9
193943 41
193969 76
193980 4
194022 113
194033 35
194057 113
194079 81
194087 8
194106 64
194134 36
194153 22
194194 77
194201 31
194216 70
194243 30
194270 61
194297 104
194315 29
194349 3
194390 114
194406 27
194434 29
194470 125
194485 45
194502 101
194544 49
194584 6
194619 34
194626 123
194642 13
194673 113
194710 75
194751 3
194782 59
194787 92
194816 108
194845 54
194871 122
194893 122
194893 107
194910 41
194954 92
194956 85
194980 12
194993 4
194993 124
194999 1
195005 93
195042 28
195080 69
195083 72
195119 90
195155 80
195188 48
195224 65
195262 69
195266 46
195285 16
195326 18
195342 38
195352 84
195388 31
195399 69
195439 54
195455 68
195478 28
195512 107
195522 57
195558 85
195562 66
195595 102
195612 14
195648 115
195660 45
195662 112
195677 80
195692 127
195708 27
195718 64
195724 90
195728 87
195731 87
195756 119
195801 36
195823 82
195837 58
195881 14
195883 116
195897 29
195929 96
195963 8
195979 21
196010 81
196027 49
196047 109
196089 22
196114 62
196129 66
196166 87
196190 82
196229 55
196236 86
196255 100
196255 34
196264 98
196272 108
196281 48
196292 73
196332 115
196340 101
196374 124
196386 44
196400 107
196420 29
196463 79
196504 5
196525 108
196535 25
196536 52
196537 5
196580 117
196614 66
196638 43
196673 62
196705 43
196750 30
196752 95
196790 26
196827 38
196840 78
196876 32
196913 77
196931 50
196963 37
196972 105
196991 108
197017 70
197054 8
197094 105
197105 58
197140 125
197170 18
197195 19
197207 85
197251 17
197287 28
197325 36
197370 70
197399 37
197439 23
197466 21
197493 113
197525 7
197543 122
197582 103
197626 79
197645 121
197661 80
197673 53
197687 24
197726 101
197768 114
197805 44
197807 32
197817 24
197818 80
197846 8
197855 87
197866 22
197867 95
197891 24
197916 24
197929 98
197958 79
197971 77
197980 85
197997 26
198025 117
198063 2
198107 45
198126 85
198146 87
198189 88
198221 100
198223 106
198236 118
198252 108
198276 27
198310 10
198322 88
198335 96
198374 58
198412 14
198435 36
198453 36
198473 18
198491 88
198493 29
198504 15
198514 87
198532 10
198562 107
198583 8
198621 2
198648 11
198674 103
198691 88
198703 125
198747 98
198751 28
198781 48
198823 67
198832 34
198833 23
198873 49
198896 36
198897 115
198926 92
198950 81
198993 102
199018 116
199051 38
199061 16
199077 40
199079 127
199091 1
199136 110
199147 103
199154 96
199192 66
199231 111
199234 67
199268 65
199292 43
199308 29
199323 104
199366 93
199382 84
199406 80
199449 37
199483 12
199490 18
199515 41
199527 24
199570 115
199582 39
199627 61
199628 17
199666 118
199711 114
199734 68
199746 123
199748 121
199791 119
199803 86
199813 81
199835 1
199855 106
199870 112
199903 59
199918 22
199927 114
199935 118
199964 111
199978 53
200021 56
200059 83
200096 4
200109 125
200141 121
200162 82
200185 78
200186 20
200218 61
200226 113
200271 60
200278 86
200300 85
200339 38
200353 126
200357 33
200357 31
200393 60
200421 117
200429 4
200450 53
200483 25
200485 110
200528 91
200558 108
200584 55
200597 98
200616 79
200623 120
200643 21
200670 122
200686 16
200689 32
200697 13
200733 11
200738 114
200768 64
200797 3
200810 77
200836 78
200857 12
200870 120
200875 83
200894 34
200934 39
200934 19
200967 57
200975 115
200995 11
201009 8
201049 53
201088 51
201118 107
201119 40
201161 102
201188 105
201211 68
201225 126
201244 40
201260 84
201285 96
201315 51
201359 86
201404 1
201419 21
201444 4
201469 39
201481 89
201526 43
201544 119
201556 15
201588 32
201613 55
201646 18
201675 33
201718 60
201718 97
201745 101
201776 122
201789 90
201818 16
201854 25
201876 22
201878 68
201910 116
201945 69
201960 87
201987 56
202021 111
202057 25
202082 42
202092 91
202106 26
202120 103
202158 53
202190 21
202204 82
202249 74
202278 9
202278 70
202288 127
202321 120
202340 70
202361 13
202368 46
202403 85
202431 58
202445 82
202472 95
202497 104
202510 61
202555 89
202574 32
202579 124
202580 71
202602 2
202646 51
202669 42
202689 101
202727 39
202758 47
202796 103
202822 46
202822 102
202838 22
202852 94
202874 112
202912 13
202912 16
202957 22
202959 4
202971 84
202986 92
202987 82
203005 126
203021 83
203066 35
203107 20
203116 96
203141 121
203161 90
203167 73
203198 82
203233 20
203275 123
203300 88
203344 39
203347 81
203372 115
203374 10
203394 86
203420 109
203455 85
203459 5
203502 87
203541 94
203543 109
203572 8
203609 123
203646 78
203686 51
203730 48
203758 25
203769 103
203810 109
203817 24
203862 14
203875 116
203905 93
203944 56
203967 71
203975 18
204008 121
204035 46
204041 58
204071 102
204111 122
204114 27
204138 113
204172 38
204184 98
204206 57
204243 71
204249 72
204250 26
204256 126
204299 40
204337 14
204368 111
204394 97
204415 89
204453 10
204476 52
204478 98
204489 4
204520 112
204533 14
204564 102
204570 112
204600 96
204617 22
204632 35
204649 112
204689 97
204702 4
204743 42
204788 28
204800 28
204840 54
204852 34
204874 79
204906 118
204919 93
204942 11
204978 109
204996 3
205003 85
205031 21
205070 36
205088 79
205106 97
205121 86
205132 25
205170 82
205206 122
205250 116
205280 89
205299 53
205333 71
205353 52
205369 64
205388 15
205401 12
205409 42
205414 119
205426 78
205467 98
205512 100
205555 50
205573 62
205599 118
205630 2
205638 85
205671 41
205682 83
205686 114
205700 42
205730 27
205732 49
205739 24
205772 51
205815 12
205834 125
205853 104
205896 44
205936 70
205955 41
205964 100
205974 121
205992 75
206021 17
206054 32
206077 84
206088 6
206105 105
206134 1
206135 110
206172 42
206200 113
206222 125
206222 76
206241 30
206274 72
206310 121
206335 52
206349 42
206356 62
206356 30
206383 89
206401 95
206406 115
206437 103
206469 113
206483 45
206498 70
206501 30
206508 104
206511 124
206536 113
206551 116
206580 91
206617 35
206639 113
206651 33
206675 80
206684 11
206719 100
206725 126
206735 30
206748 83
206771 90
206801 56
206842 44
206880 115
206915 76
206935 78
206975 42
207001 82
207031 71
207059 70
207068 113
207100 91
207125 74
207147 108
207166 20
207194 124
207209 84
207219 31
207250 123
207253 83
207288 2
207295 31
207319 86
207344 115
207364 26
207378 9
207409 3
207431 39
207463 41
207499 59
207527 103
207530 5
207564 29
207608 109
207625 3
207625 100
207652 120
207654 70
207677 34
207709 86
207744 126
207755 126
207791 59
207822 70
207847 118
207866 62
207873 19
207884 76
207887 83
207923 44
207957 83
207961 97
208003 58
208028 74
208042 92
208080 61
208092 112
208094 114
208101 118
208116 80
208137 112
208143 84
208182 117
208212 125
208242 44
208257 45
208289 91
208314 68
208357 113
208369 1
208392 67
208429 96
208459 111
208496 4
208510 111
208517 59
208556 41
208582 106
208613 21
208617 56
208645 93
208667 66
208678 28
208719 51
208734 10
208761 114
208779 30
208790 67
208810 105
208823 102
208823 48
208850 119
208891 93
208918 91
208939 64
208970 71
209000 8
209021 29
209063 11
209065 107
209106 14
209130 127
209133 5
209168 101
209213 49
209254 112
209265 21
209309 31
209345 40
209386 123
209427 59
209437 100
209463 91
209506 121
209551 18
209563 40
209567 123
209602 91
209638 94
209645 114
209662 86
209690 103
209712 110
209714 43
209717 43
209720 78
209744 45
209785 93
209803 28
209848 41
209886 37
209908 35
209933 109
209957 86
209975 61
209980 47
209994 44
209998 33
210006 123
210043 21
210076 27
210084 66
210118 115
210162 24
210181 81
210210 70
210237 33
210253 105
210287 50
210330 33
210365 54
210385 117
210429 95
210456 93
210471 54
210477 28
210478 11
210519 115
210544 125
210556 125
210559 121
210579 7
210611 120
210638 114
210674 86
210716 77
210753 40
210781 82
210805 5
210824 86
210827 24
210858 9
210894 78
210903 90
210912 79
210919 35
210948 96
210989 60
211006 40
211027 14
211067 110
211094 17
211118 32
211157 15
211163 89
211178 53
211221 36
211227 79
211267 52
211301 49
211313 26
211316 81
211358 83
211377 44
211389 108
211403 110
211440 92
211462 50
211466 23
211471 51
211496 3
211507 55
211544 20
211573 122
211603 123
211614 123
211616 54
211625 123
211634 21
211656 112
211694 8
211739 31
211765 5
211797 127
211832 115
211875 47
211899 39
211916 123
211959 20
211997 56
212015 87
212029 45
212050 85
212069 21
212073 98
212090 100
212127 111
212163 39
212176 71
212187 44
212219 79
212234 99
212236 122
212244 88
212249 33
212253 100
212281 109
212323 11
212345 93
212364 109
212402 64
212441 23
212472 21
212515 107
212538 119
212557 88
212594 5
212601 92
212611 36
212656 50
212677 57
212685 40
212727 82
212755 108
212790 87
212812 13
212819 56
212829 90
212865 4
212903 113
212906 28
212931 94
212945 78
212947 65
212992 3
212995 62
213040 5
213079 110
213110 113
213128 66
213148 17
213172 127
213205 113
213220 4
213260 110
213270 81
213278 81
213302 116
213330 55
213352 53
213381 90
213423 126
213440 15
213468 32
213472 83
213510 15
213512 84
213541 116
213583 44
213625 28
213625 14
213648 85
213687 36
213727 14
213767 70
213795 77
213810 10
213827 122
213865 98
213903 7
213931 93
213967 82
213994 93
213994 116
213999 64
214019 59
214043 3
214072 27
214102 80
214108 121
214130 126
214136 95
214174 59
214175 53
214185 52
214203 66
214231 60
214269 100
214283 106
214294 104
214306 58
214345 41
214389 106
214430 49
214438 103
214479 58
214522 39
214546 38
214551 20
214579 24
214580 121
214619 120
214632 2
214660 55
214683 43
214715 29
214726 57
214763 92
214773 6
214790 82
214830 74
214840 65
214849 13
214877 14
214902 28
214943 81
214982 111
214997 118
215009 94
215015 20
215053 108
215067 25
215084 91
215114 117
215130 55
215173 104
215176 41
215182 98
215218 49
215242 44
215262 51
215297 67
215309 33
215329 114
215358 89
215360 46
215405 58
215428 45
215431 66
215462 97
215481 78
215481 65
215495 53
215518 111
215561 58
215580 95
215591 92
215626 4
215629 28
215646 11
215649 26
215659 98
215686 67
215727 104
215760 103
215799 1
215800 95
215812 95
215836 116
215881 35
215883 6
215928 52
215963 77
215988 60
215998 45
216040 58
216079 60
216079 110
216093 65
216135 63
216136 105
216161 127
216193 91
216224 12
216238 44
216243 14
216251 76
216288 126
216318 31
216347 58
216352 8
216395 70
216397 87
216419 49
216420 42
216428 81
216457 3
216484 59
216486 17
216492 25
216494 20
216521 97
216525 92
216552 78
216563 30
216581 97
216621 26
216644 59
216683 59
216725 102
216745 124
216789 43
216821 88
216839 51
216842 51
216867 58
216878 109
216899 65
216925 76
216954 3
216958 89
216982 49
216982 16
217008 123
217030 39
217038 82
217069 13
217084 95
217125 2
217127 73
217133 24
217163 7
217171 23
217198 81
217208 83
217208 112
217222 6
217263 76
217286 17
217314 32
217340 72
217354 66
217365 49
217374 89
217376 48
217406 81
217423 102
217444 125
217463 92
217501 126
217502 64
217540 101
217585 114
217598 121
217630 86
217662 39
217692 107
217718 20
217736 81
217762 48
217785 35
217808 77
217816 80
217853 45
217864 81
217883 113
217890 54
217899 54
217901 92
217915 63
217937 76
217975 94
218004 12
218013 58
218023 95
218033 44
218075 97
218112 34
218125 109
218163 10
218194 127
218221 12
218239 55
218252 4
218262 117
218284 120
218329 119
218357 15
218389 83
218420 108
218447 39
218470 120
218494 38
218520 46
218560 48
218582 60
218594 92
218606 84
218608 104
218613 48
218640 117
218655 70
218688 54
218699 109
218716 25
218732 29
218771 32
218783 28
218827 42
218859 42
218878 41
218920 118
218927 1
218928 98
218937 74
218970 39
219002 19
219015 112
219034 41
219063 80
219104 115
219119 48
219133 108
219155 82
219179 5
219184 90
219196 39
219230 80
219259 37
219260 11
219287 37
219332 96
219358 95
219398 50
219413 24
219415 63
219430 37
219443 5
219479 119
219481 33
219517 70
219528 34
219532 79
219535 23
219552 52
219568 31
219573 51
219585 78
219621 93
219635 34
219644 20
219653 9
219659 126
219670 46
219708 90
219740 4
219771 103
219811 25
219856 4
219881 54
219898 66
219919 53
219960 84
219998 68
220027 79
220056 26
220101 70
220115 115
220120 112
220121 127
220129 40
220139 21
220164 122
220196 6
220199 83
220239 59
220247 37
220248 96
220283 109
220324 94
220337 105
220372 46
220395 84
220432 83
220440 56
220484 94
220502 1
220536 127
220563 20
220582 84
220591 4
220625 114
220648 56
220692 39
220711 89
220753 52
220770 27
220796 4
220823 89
220865 87
220899 83
220918 69
220928 101
220937 104
220969 96
221009 106
221040 102
221061 45
221103 105
221148 47
221181 47
221192 123
221227 101
221267 75
221267 54
221297 12
221317 116
221355 19
221377 118
221407 106
221427 16
221446 101
221475 38
221515 108
221523 48
221538 34
221542 104
221566 119
221607 101
221630 71
221666 90
221679 32
221700 38
221734 64
221761 93
221803 70
221825 91
221857 113
221878 95
221889 116
221900 83
221936 118
221954 3
221984 14
222023 42
222037 38
222080 21
222089 44
222111 15
222155 19
222178 45
222213 33
222234 91
222276 71
222309 51
222316 89
222322 64
222363 113
222388 77
222411 59
222450 66
222492 43
222498 116
222541 90
222579 111
222596 93
222606 93
222625 97
222659 98
222681 94
222712 38
222756 63
222793 108
222822 92
222861 96
222900 48
222942 1
222959 2
222999 72
223026 45
223044 17
223049 74
223073 94
223103 121
223143 4
223151 125
223164 18
223194 31
223208 45
223214 11
223224 83
223260 99
223266 83
223272 115
223317 44
223336 44
223342 40
223362 22
223375 29
223420 50
223426 95
223433 121
223463 50
223491 26
223519 81
223562 56
223584 71
223615 45
223619 53
223622 63
223650 122
223678 88
223691 122
223692 106
223724 51
223746 10
223779 66
223797 71
223807 96
223817 34
223850 38
223857 93
223877 116
223918 61
223951 92
223990 93
224019 17
224049 79
224081 8
224109 35
224148 59
224155 21
224174 53
224184 77
224207 116
224217 113
224217 94
224249 97
224261 36
224302 127
224304 24
224313 91
224349 105
224364 34
224375 123
224378 41
224380 65
224411 86
224416 24
224453 115
224458 66
224498 40
224503 4
224516 67
224536 84
224557 92
224586 7
224592 44
224617 85
224659 49
224700 42
224704 45
224719 104
224729 41
224733 111
224735 4
224755 67
224766 78
224774 28
224813 75
224827 22
224861 65
224890 84
224903 1
224932 100
224935 8
224976 70
224982 66
224982 55
225010 19
