36 65
56 100
87 26
119 13
129 127
135 51
169 10
195 7
230 11
252 32
263 21
288 73
316 35
327 121
365 122
368 106
386 108
424 63
450 118
494 92
501 29
522 73
540 108
541 49
579 64
595 113
628 96
673 89
685 118
698 29
701 110
711 37
748 99
782 6
792 18
820 95
826 4
830 95
852 74
872 125
885 94
924 126
959 127
990 119
1019 33
1049 87
1074 87
1118 66
1154 45
1161 49
1191 28
1223 86
1248 88
1285 71
1289 125
1315 47
1338 10
1342 57
1371 46
1372 111
1377 79
1400 122
1402 11
1423 89
1438 10
1440 110
1455 2
1488 67
1526 27
1557 54
1586 10
1627 119
1648 58
1665 121
1685 34
1698 95
1726 18
1738 93
1758 79
1790 104
1814 51
1853 65
1854 12
1897 42
1929 99
1973 115
1996 39
2016 37
2038 116
2054 95
2071 59
2103 60
2132 32
2139 116
2170 67
2207 119
2235 107
2261 98
2270 113
2280 102
2281 89
2325 54
2331 9
2339 18
2380 119
2392 111
2402 112
2430 23
2452 111
2452 69
2489 122
2526 111
2538 34
2538 22
2542 122
2546 105
2550 39
2570 42
2591 26
2634 74
2660 95
2675 73
2700 121
2723 32
2746 3
2774 18
2775 28
2798 15
2840 93
2881 17
2926 13
2927 19
2953 48
2989 16
2994 24
3038 102
3046 13
3087 42
3108 119
3153 25
3165 86
3210 56
3211 14
3250 61
3251 101
3289 44
3316 4
3337 101
3349 102
3387 62
3423 24
3447 96
3488 122
3511 5
3547 73
3589 42
3610 34
3651 99
3693 50
3718 50
3727 52
3742 2
3742 15
3766 29
3811 33
3816 74
3834 82
3870 111
3891 118
3908 56
3945 122
3965 8
4007 68
4042 18
4055 52
4068 53
4077 107
4107 37
4140 95
4181 54
4194 111
4195 112
4199 30
4207 87
4242 85
4283 64
4298 16
4337 67
4369 101
4376 68
4396 107
4425 86
4454 74
4455 30
4474 22
4485 24
4524 122
4558 85
4594 98
4635 92
4636 102
4666 62
4688 31
4711 114
4752 100
4773 94
4793 40
4821 64
4851 42
4867 79
4872 126
4901 59
4922 71
4949 47
4961 86
4997 12
5011 96
5023 60
5034 94
5062 30
5065 6
5091 37
5122 64
5133 76
5174 73
5196 17
5236 26
5278 55
5283 104
5291 45
5292 73
5297 57
5308 49
5339 120
5356 121
5396 62
5434 7
5472 5
5491 38
5530 32
5540 33
5584 75
5615 51
5653 31
5672 92
5697 99
5712 39
5723 96
5735 44
5754 110
5771 11
5784 90
5788 126
5819 5
5828 78
5850 28
5893 123
5919 85
5931 39
5974 118
6016 60
6016 87
6057 11
6070 17
6091 26
6102 53
6110 66
6113 50
6139 127
6139 54
6177 122
6178 119
6183 121
6195 51
6215 59
6224 3
6244 61
6276 21
6281 19
6306 100
6319 55
6338 41
6354 102
6369 1
6369 119
6406 42
6438 105
6445 105
6456 6
6474 56
6518 97
6518 6
6546 34
6571 17
6581 17
6597 5
6599 15
6616 79
6626 98
6630 115
6650 69
6664 82
6708 117
6718 24
6757 27
6759 97
6764 11
6793 103
6820 54
6841 74
6876 101
6921 7
6951 66
6995 109
7001 64
7001 6
7035 68
7079 16
7114 7
7143 111
7175 106
7192 46
7200 85
7229 108
7263 75
7302 115
7344 75
7380 17
7403 34
7441 10
7465 57
7493 68
7515 47
7548 32
7556 121
7599 124
7621 40
7638 66
7639 61
7641 39
7649 21
7652 81
7680 2
7716 53
7739 47
7746 26
7746 8
7772 85
7812 39
7827 55
7853 85
7856 96
7898 37
7915 111
7960 106
8005 3
8032 4
8047 103
8070 124
8088 36
8116 38
8116 96
8126 118
8143 53
8170 21
8195 90
8227 119
8236 37
8274 35
8319 77
8348 81
8358 58
8386 87
8408 81
8443 37
8480 17
8484 45
8485 46
8504 45
8528 101
8529 17
8540 6
8578 28
8606 61
8651 38
8674 80
8712 30
8728 10
8735 40
8759 111
8763 127
8768 93
8804 45
8846 117
8869 37
8875 16
8883 16
8922 74
8961 91
8972 125
8972 115
9008 5
9027 69
9035 8
9077 88
9102 84
9118 32
9137 16
9149 65
9177 107
9222 83
9265 51
9273 51
9276 32
9319 98
9347 109
9354 111
9370 100
9407 39
9452 12
9478 1
9514 15
9558 8
9598 7
9640 74
9655 21
9673 84
9699 2
9706 26
9715 73
9717 60
9751 98
9787 12
9832 111
9832 64
9840 126
9861 126
9900 110
9920 18
9958 17
9967 80
10012 33
10033 98
10053 107
10067 80
10105 53
10113 89
10132 106
10162 51
10173 80
10194 113
10229 32
10257 62
10269 3
10314 95
10354 2
10381 80
10414 82
10455 46
10494 121
10507 81
10510 27
10523 33
10561 93
10594 95
10634 19
10663 39
10697 38
10733 127
10762 82
10796 55
10813 74
10844 63
10881 107
10883 67
10893 38
10893 104
10909 81
10918 83
10920 88
10951 73
10976 82
11006 117
11010 90
11035 121
11042 86
11064 42
11077 56
11078 69
11107 54
11148 37
11168 111
11205 17
11214 58
11225 60
11225 66
11251 112
11278 104
11283 50
11301 48
11332 102
11376 95
11417 45
11458 19
11476 126
11514 86
11535 97
11575 82
11579 66
11605 108
11613 105
11624 86
11632 93
11656 64
11680 57
11713 49
11716 105
11718 111
11756 30
11766 81
11767 17
11767 124
11808 3
11846 23
11864 83
11901 26
11939 68
11974 89
11997 6
12023 90
12029 56
12045 102
12078 112
12104 76
12109 26
12133 80
12173 13
12176 38
12204 114
12220 120
12241 80
12270 124
12295 90
12323 121
12340 101
12363 104
12408 108
12447 62
12466 72
12466 56
12468 76
12510 124
12554 93
12569 92
12575 45
12580 71
12615 26
12644 56
12678 120
12679 10
12698 34
12735 62
12746 28
12749 59
12752 54
12779 50
12794 10
12809 11
12835 34
12869 21
12887 95
12910 115
12950 77
12995 125
13034 30
13041 26
13052 79
13065 66
13066 26
13079 53
13102 36
13125 51
13164 104
13195 95
13223 4
13250 62
13291 7
13335 44
13343 99
13364 67
13405 72
13448 25
13453 4
13471 60
13480 24
13489 121
13534 70
13538 70
13564 32
13575 28
13589 36
13624 114
13632 48
13638 50
13674 104
13699 38
13720 94
13748 104
13759 97
13760 31
13766 73
13789 74
13833 122
13843 126
13846 124
13872 9
13913 35
13925 95
13935 111
13969 39
13995 44
14028 13
14069 26
14111 33
14142 99
14162 101
14170 62
14204 5
14220 109
14225 40
14251 101
14263 67
14296 83
14328 122
14365 97
14406 38
14440 102
14458 126
14470 109
14478 42
14498 18
14533 91
14549 18
14593 120
14630 26
14644 28
14653 47
14661 73
14705 23
14708 32
14752 121
14758 4
14762 66
14788 89
14814 124
14817 111
14855 83
14873 16
14874 44
14883 46
14886 86
14914 90
14953 114
14974 111
15002 59
15005 9
15009 62
15036 99
15076 28
15077 92
15082 94
15125 45
15134 88
15142 52
15147 63
15172 91
15184 124
15197 73
15203 3
15209 23
15244 73
15253 44
15271 106
15302 55
15330 87
15330 68
15367 14
15408 7
15453 2
15475 100
15476 56
15496 8
15513 64
15542 23
15585 66
15586 67
15603 122
15607 56
15612 85
15613 12
15644 37
15673 36
15683 12
15721 78
15732 93
15761 85
15785 4
15821 60
15845 84
15877 99
15903 47
15909 34
15941 112
15966 85
15973 6
16018 77
16019 89
16019 119
16032 121
16042 97
16061 39
16106 97
16111 101
16144 5
16153 70
16171 115
16178 119
16183 90
16194 2
16203 61
16206 72
16224 125
16268 11
16312 72
16350 102
16351 64
16375 10
16419 77
16444 119
16463 46
16487 119
16497 58
16531 36
16568 124
16578 4
16607 25
16615 2
16638 21
16646 96
16685 59
16727 23
16737 5
16770 24
16792 28
16792 52
16806 115
16811 95
16811 24
16847 15
16891 108
16892 123
16930 10
16931 51
16931 50
16952 43
16959 95
16973 48
16990 8
17009 17
17026 8
17061 91
17077 21
17087 77
17128 96
17141 16
17165 77
17203 80
17247 2
17268 103
17282 119
17306 57
17323 37
17342 67
17376 77
17393 92
17395 126
17405 53
17430 43
17452 73
17479 55
17489 43
17505 114
17538 25
17560 7
17577 23
17611 99
17630 27
17645 86
17647 83
17687 70
17706 6
17718 53
17751 52
17787 45
17790 51
17796 23
17810 127
17840 93
17861 12
17896 100
17914 87
17947 46
17977 67
18012 119
18057 12
18099 82
18137 92
18161 21
18193 19
18234 89
18275 14
18319 55
18341 76
18367 66
18367 75
18374 106
18396 31
18413 10
18438 31
18440 95
18455 20
18487 94
18529 110
18535 103
18550 74
18554 110
18584 30
18607 25
18611 22
18637 118
18673 118
18717 93
18733 27
18747 37
18783 93
18813 10
18844 10
18851 116
18852 70
18894 34
18935 83
18941 83
18943 62
18967 87
18970 24
19011 93
19024 60
19058 58
19095 45
19101 121
19128 16
19139 66
19175 71
19178 28
19209 63
19213 94
19221 126
19239 94
19269 53
19289 118
19300 116
19304 66
19325 77
19327 101
19350 66
19390 54
19395 116
19425 15
19442 116
19483 42
19508 41
19551 125
19562 108
19592 71
19634 50
19655 28
19693 26
19737 118
19774 14
19798 53
19841 11
19867 57
19907 115
19942 64
19952 26
19978 64
20003 26
20031 38
20032 59
20053 83
20065 27
20066 100
20066 59
20095 55
20140 117
20168 49
20197 95
20203 109
20209 68
20241 124
20245 32
20247 86
20288 20
20308 21
20320 79
20336 39
20346 44
20380 39
20405 122
20425 18
20460 11
20467 123
20490 112
20507 89
20551 51
20582 89
20602 125
20630 116
20637 48
20656 7
20689 56
20693 38
20711 34
20723 62
20745 16
20765 36
20796 112
20805 41
20848 125
20870 100
20905 122
20905 97
20916 7
20925 103
20950 58
20965 127
20979 58
21013 99
21017 17
21047 8
21088 90
21115 105
21132 52
21134 67
21177 71
21197 27
21232 69
21266 62
21300 6
21324 15
21356 102
21358 98
21376 15
21404 61
21407 102
21421 23
21434 53
21467 77
21491 33
21521 16
21555 108
21589 110
21590 122
21606 54
21617 59
21629 11
21670 58
21683 74
21686 45
21708 11
21749 18
21756 30
21761 114
21800 84
21822 99
21836 19
21848 52
21888 92
21921 116
21957 10
21980 40
21989 24
21989 111
22033 97
22056 80
22091 101
22117 29
22148 102
22162 84
22175 49
