8 68
49 104
85 11
112 2
139 2
173 36
207 87
246 82
264 85
301 29
314 26
342 106
382 1
414 9
442 123
451 28
460 122
462 117
485 87
529 100
562 118
573 18
588 62
620 101
630 35
646 72
648 56
682 26
688 70
696 83
698 76
716 61
756 11
781 80
781 127
798 6
839 81
869 12
871 61
896 3
934 106
965 61
978 42
996 119
1029 102
1067 100
1094 123
1128 53
1163 11
1185 120
1226 96
1258 122
1272 95
1288 27
1298 16
1308 119
1350 64
1363 95
1392 35
1436 63
1477 74
1484 34
1524 75
1529 105
1560 88
1562 10
1586 110
1621 81
1646 64
1655 108
1676 71
1687 71
1723 88
1731 104
1739 34
1755 48
1792 65
1830 21
1865 101
1905 122
1926 127
1950 116
1965 95
1995 12
2019 88
2037 110
2052 37
2083 87
2117 52
2126 71
2148 105
2158 90
2169 45
2169 19
2194 76
2238 44
2243 56
2248 105
2248 26
2287 89
2296 68
2304 106
2336 31
2354 3
2391 97
2393 49
2437 108
2440 67
2481 42
2489 90
2522 7
2531 61
2546 95
2576 107
2599 4
2610 64
2640 77
2642 83
2648 66
2656 30
2667 5
2687 47
2706 96
2739 51
2783 112
2824 46
2857 51
2887 84
2900 71
2945 19
2951 87
2961 48
3000 35
3013 59
3051 54
3072 57
3076 69
3114 102
3158 34
3182 116
3183 24
3222 115
3246 19
3271 80
3272 72
3273 92
3278 110
3298 109
3337 42
3377 64
3390 54
3427 96
3446 79
3482 17
3490 41
3492 116
3507 77
3520 75
3545 72
3574 110
3578 69
3615 25
3650 86
3695 115
3711 52
3713 14
3752 53
3759 65
3789 73
3816 28
3817 39
3848 86
3867 65
3883 121
3908 82
3932 96
3936 34
3950 53
3957 114
4000 40
4043 108
4062 96
4099 25
4119 35
4126 101
4142 38
4156 3
4181 105
4221 85
4225 2
4238 121
4245 65
4268 58
4283 97
4322 44
4366 107
4380 23
4400 73
4439 23
4455 96
4478 79
4508 20
4544 105
4550 87
4585 48
4629 58
4662 24
4669 98
4705 13
4723 118
4741 33
4784 64
4821 121
4829 53
4857 6
4889 33
4889 93
4929 116
4932 71
4971 106
4990 77
5023 109
5040 56
5044 55
5065 31
5081 35
5083 60
5105 26
5120 66
5157 39
5174 34
5199 21
5207 118
5210 17
5247 113
5267 66
5270 36
5272 53
5304 105
5330 39
5351 43
5371 4
5375 27
5402 23
5444 71
5474 66
5493 106
5528 3
5566 76
5588 56
5615 73
5658 31
5695 81
5701 17
5742 50
5750 94
5762 57
5773 8
5786 13
5802 77
5814 22
5819 76
5852 124
5873 52
5907 71
5938 72
5967 38
6006 87
6023 48
6055 91
6070 69
6074 18
6118 14
6160 93
6184 126
6221 82
6256 51
6274 65
6311 115
6312 118
6332 67
6347 16
6386 42
6403 48
6436 22
6451 78
6481 41
6491 76
6517 4
6524 22
6551 52
6574 46
6615 40
6647 95
6666 51
6690 49
6720 16
6723 18
6744 82
6773 113
6796 116
6813 17
6826 16
6854 63
6887 118
6922 99
6929 102
6949 55
6978 116
7020 16
7060 4
7095 24
7104 81
7113 72
7114 5
7150 98
7191 26
7230 54
7261 42
7285 37
7327 13
7336 34
7347 73
7391 82
7399 99
7415 94
7420 64
7457 46
7463 82
7467 58
7498 104
7506 96
7519 99
7523 108
7551 70
7571 92
7601 70
7629 26
7642 50
7661 27
7667 50
7705 122
7742 97
7752 81
7782 99
7810 6
7855 117
7883 28
7897 116
7926 101
7939 83
7947 87
7983 54
7990 116
8034 90
8035 88
8066 107
8094 119
8117 12
8162 82
8173 7
8185 20
8204 47
8226 74
8228 105
8249 48
8284 36
8313 38
8330 63
8332 98
8363 117
8392 116
8393 122
8428 97
8449 49
8449 84
8494 23
8502 36
8507 98
8550 96
8577 96
8577 115
8610 63
8641 75
8656 40
8684 50
8696 55
8713 83
8747 27
8781 98
8805 125
8826 81
8858 113
8878 36
8913 76
8957 112
8979 69
9024 33
9051 55
9083 50
9117 117
9147 60
9167 118
9210 113
9221 21
9236 46
9261 113
9285 34
9322 113
9341 109
9370 14
9405 35
9424 46
9453 75
9475 42
9518 48
9537 15
9582 96
9600 102
9637 19
9671 5
9699 93
9729 29
9762 77
9807 59
9848 59
9863 30
9871 117
9871 33
9890 100
9923 111
9947 39
9961 20
9979 37
9997 7
10036 23
10055 34
10060 33
10103 13
10148 81
10155 127
10189 80
10205 89
10221 110
10229 81
10239 25
10271 62
10313 120
10351 14
10381 108
10414 24
10422 4
10427 80
10462 111
10489 99
10491 78
10529 82
10544 108
10573 37
10612 62
10623 65
10625 110
10638 107
10645 106
10666 66
10672 14
10692 114
10716 47
10738 22
10755 106
10793 100
10799 35
10810 91
10847 51
10891 86
10929 123
10950 64
10964 5
10985 124
11001 79
11036 7
11042 34
11060 1
11077 100
11098 98
11139 99
11145 127
11170 55
11183 70
11193 55
11223 103
11230 57
11233 126
11262 85
11268 105
11290 53
11293 1
11320 1
11331 89
11338 117
11358 20
11381 32
11414 100
11437 95
11454 87
11482 14
11501 1
11505 42
11506 116
11530 75
11530 96
11539 103
11544 14
11544 76
11578 95
11610 46
11641 43
11641 13
11650 40
11695 44
11735 45
11775 81
11777 5
11784 61
11827 51
11833 74
11834 108
11866 113
11879 122
11902 18
11906 48
11926 37
11945 118
11987 46
12021 111
12034 95
12060 20
12090 113
12110 76
12135 39
12149 92
12185 119
12210 52
12224 43
12263 18
12270 115
12291 50
12324 98
12343 54
12385 72
12411 97
12440 6
12459 95
12465 70
12467 67
12484 83
12494 37
12506 70
12526 114
12531 66
12548 77
12584 78
12614 19
12648 15
12662 74
12685 32
12700 7
12745 79
12781 120
12822 125
12839 116
12862 13
12885 5
12898 72
12936 113
12951 120
12959 98
12975 47
12975 82
13016 86
13057 15
13072 66
13073 80
13106 96
13137 5
13166 102
13177 106
13180 116
13187 22
13217 36
13252 15
13267 104
13276 5
13314 82
13357 69
13379 126
13382 89
13417 18
13427 67
13440 95
13453 13
13464 80
13488 23
13525 65
13542 50
13569 39
13571 100
13606 30
13638 121
13669 98
13703 70
13725 120
13726 93
13732 107
13768 78
13772 64
13792 42
13825 118
13840 74
13885 121
13904 50
13906 102
13941 71
13963 32
13974 95
13995 74
14017 13
14030 27
14071 110
14092 13
14134 85
14156 113
14200 81
14220 57
14261 58
14267 51
14294 70
14322 94
14324 3
14356 86
14370 81
14395 121
14404 28
14421 62
14434 59
14445 74
14447 22
14486 105
14524 96
14539 92
14558 104
14576 93
14610 28
14635 35
14669 57
14672 62
14701 45
14719 84
14721 6
14725 41
14725 12
14736 86
14774 50
14787 74
14798 2
14818 117
14862 47
14897 90
14919 88
14947 63
14981 68
15018 55
15021 51
15066 40
15092 119
15122 89
15151 53
15184 98
15227 41
15241 117
15271 73
15305 127
15307 59
15322 21
15362 60
15398 76
15438 48
15465 119
15473 14
15478 64
15515 74
15542 79
15544 69
15566 124
15600 109
15637 55
15675 25
15713 9
15751 26
15795 89
15821 8
15846 39
15883 101
15928 30
15942 57
15971 53
15985 92
16012 28
16054 98
16086 20
16117 93
16133 9
16141 69
16154 4
16162 58
16203 67
16229 94
16253 49
16291 114
16325 104
16357 15
16398 77
16404 20
16421 11
16431 41
16448 16
16485 99
16514 98
16541 113
16571 79
16584 14
16594 90
16626 33
16645 66
16687 27
16712 26
16728 107
16736 45
16746 42
16759 62
16792 35
16793 21
16798 109
16806 3
16847 109
16891 92
16893 22
16894 58
16904 35
16916 84
16936 36
16955 122
16990 43
17017 95
17057 74
17064 74
17081 108
17120 7
17158 42
17175 97
17213 104
17225 113
17238 108
17260 121
17277 88
17291 32
17309 120
17319 111
17356 78
17379 46
17387 111
17418 59
17436 82
17480 12
17523 124
17560 54
17597 87
17631 106
17645 98
17670 44
17697 116
17711 52
17753 112
17764 96
17792 115
17823 75
17833 119
17868 29
17892 36
17899 58
17939 55
17959 100
18000 89
18021 1
18048 67
18075 115
18098 18
18104 60
18113 24
18149 121
18151 20
18151 46
18176 114
18206 1
18246 32
18267 92
18272 45
18296 31
18308 2
18326 84
18350 55
18370 115
18389 115
18389 79
18403 109
18422 122
18467 36
18491 15
18496 127
18516 113
18536 108
18575 43
18616 96
18647 19
18680 81
18698 81
18704 46
18708 17
18743 12
18749 69
18763 27
18769 31
18787 33
18817 36
18827 114
18840 4
18840 19
18856 30
18871 25
18914 122
18935 18
18970 29
19006 90
19041 17
19085 5
19091 126
19119 77
19128 80
19128 58
19151 55
19192 69
19235 19
19278 97
19310 101
19354 64
19355 122
19360 54
19390 51
19413 119
19420 92
19460 32
19472 39
19512 37
19549 76
19550 43
19587 94
19618 58
19630 62
19665 3
19685 68
19696 96
19727 11
19750 86
19763 45
19769 115
19803 73
19818 69
19857 70
19865 65
19871 18
19908 40
19914 81
19935 107
19968 94
19984 117
19997 13
20017 119
20049 126
20072 41
20078 35
20103 41
20148 21
20157 1
20174 58
20191 110
20201 91
20201 78
20224 63
20246 114
20274 71
20298 14
20322 88
20338 45
20339 75
20380 101
20411 39
20445 31
20475 14
20510 7
20537 51
20560 38
20577 80
20597 48
20629 21
20645 83
20647 3
20683 3
20695 98
20709 20
20748 103
20760 79
20769 24
20770 69
20789 95
20824 81
20842 79
20870 90
20907 110
20907 57
20943 9
20943 113
20963 106
21002 11
21031 118
21053 80
21086 29
21090 52
21118 61
21124 52
21168 85
21177 31
21214 95
21232 106
21247 59
21283 71
21321 50
21356 113
21395 16
21419 76
21457 11
21500 21
21527 10
21556 95
21601 90
21608 123
21617 41
21629 17
21654 99
21670 102
21699 32
21726 27
21768 112
21781 105
21792 46
21803 23
21837 16
21855 48
21865 116
21889 57
21907 69
21911 87
21944 98
21956 54
21991 36
22026 57
22059 88
22064 115
22091 18
22131 65
22174 109
22204 94
22246 46
22275 16
22297 26
22302 49
22345 25
22375 48
22397 123
22424 55
22441 64
22465 73
22480 35
22494 124
22495 37
22500 20
22537 114
22548 117
22557 116
22583 94
22620 127
22634 118
22635 33
22670 48
22700 19
22736 91
22770 39
22795 86
22810 3
22855 14
22867 9
22869 51
22879 15
22900 23
22902 117
22908 23
22928 66
22958 103
22978 81
22999 78
23040 64
23081 95
23110 24
23135 108
23144 12
23158 20
23162 88
23195 42
23238 117
23241 27
23256 3
23283 43
23311 107
23336 41
23359 113
23374 4
23381 49
23395 100
23395 30
23420 108
23427 116
23450 62
23481 45
23493 13
23511 95
23533 32
23546 78
23581 112
23610 107
23623 102
23637 110
23649 79
23685 29
23719 48
23724 9
23765 11
23767 98
23807 24
23825 17
23835 85
23855 111
23859 44
23860 69
23872 15
23906 24
23919 66
23922 78
23955 109
23962 73
23979 118
24014 49
24052 75
24082 14
24097 46
24134 5
24154 98
24180 5
24181 98
24192 8
24228 105
24231 64
24258 29
24296 43
24324 113
24362 57
24405 101
24433 14
24474 16
24477 98
24490 37
24495 123
24508 26
24530 22
24571 79
24582 11
24616 95
24641 54
24680 30
24688 24
24714 3
24755 123
24761 106
24790 114
24809 36
24831 107
24842 118
24873 73
24900 105
24920 56
24964 7
25004 86
25032 127
25062 29
25105 123
25114 64
25142 110
25177 28
25186 19
25207 67
25229 86
25238 67
25257 12
25297 19
25306 66
25331 58
25342 102
25380 3
25406 56
25451 125
25489 9
25531 41
25573 115
25602 70
25614 3
25638 34
25644 107
25652 74
25661 12
25706 78
25716 95
25758 119
25759 95
25793 32
25800 113
25827 22
25847 17
25875 33
25888 124
25933 116
25968 119
25973 76
26000 122
26003 52
26012 69
26032 112
26075 48
26114 70
26148 58
26157 6
26193 125
26235 92
26242 102
26284 35
26326 64
26356 89
26385 119
26402 29
26403 40
26427 98
26430 91
26474 101
26496 14
26529 19
26553 103
26592 3
26631 43
26663 32
26663 56
26673 70
26713 37
26749 110
26789 33
26822 68
26839 33
26880 85
26922 19
26938 7
26959 93
26985 115
26986 66
27005 126
27026 13
27060 60
27079 70
27122 54
27145 94
27188 117
27230 107
27256 84
27260 2
27292 123
27314 106
27353 40
27387 42
27410 52
27437 86
27466 113
27471 88
27495 119
27513 24
27520 118
27559 82
27571 3
27597 31
27642 125
27650 57
27678 15
27679 29
27683 106
27684 74
27722 53
27733 89
27736 56
27780 35
27780 21
27810 105
27838 69
27881 99
27916 37
27944 1
27975 109
27991 95
28016 86
28042 13
28081 43
28102 42
28104 7
28111 102
28130 93
28174 14
28212 12
28257 65
28261 114
28288 12
28317 72
28343 76
28367 33
28367 79
28386 21
28387 3
28414 9
28433 75
28437 86
28476 102
28483 87
28505 92
28529 58
28530 117
28537 53
28582 18
28585 27
28610 17
28623 1
28650 114
28656 1
28687 38
28694 34
28703 62
28737 42
28777 109
28803 106
28806 23
28838 108
28839 90
28853 70
28864 4
28880 64
28925 7
28946 60
28968 79
29002 105
29030 6
29044 102
29050 11
29086 24
29100 58
29128 54
29153 119
29165 106
29178 23
29205 74
29229 69
29248 2
29292 1
29308 31
29310 17
29340 116
29372 63
29385 125
29419 63
29430 87
29455 104
29477 106
29478 50
29491 83
29506 36
29537 126
29582 77
29596 50
29626 84
29643 118
29679 82
29707 38
29708 23
29736 125
29774 101
29817 47
29859 32
29904 55
29932 20
29939 49
29970 118
29999 65
30038 73
30076 69
30116 89
30122 108
30136 117
30148 90
30181 32
30201 38
30246 8
30274 90
30289 77
30315 28
30323 11
30327 94
30365 19
30391 124
30425 32
30466 108
30483 57
30505 37
30513 94
30531 8
30572 89
30610 72
30626 83
30640 90
30642 57
30656 45
30658 109
30660 97
30695 94
30725 24
30764 62
30777 120
30783 16
30820 105
30847 49
30851 20
30885 85
30914 62
30924 112
30945 91
30987 3
31030 60
31041 49
31080 89
31107 127
31113 28
31140 71
31172 51
31181 81
31214 113
31235 65
31258 92
31274 114
31276 65
31281 85
31310 127
31317 11
31321 75
31342 103
31368 105
31388 96
31408 99
31448 42
31457 22
31457 73
31500 96
31514 55
31529 60
31532 124
31547 12
31556 29
31572 36
31583 6
31605 36
31634 53
31653 74
31664 26
31704 14
31733 7
31733 95
31760 45
31781 120
31789 56
31801 107
31834 101
31841 113
31852 88
31895 51
31940 121
31944 102
31946 94
31964 127
31967 107
31981 122
32022 45
32062 64
32077 3
32085 56
32115 90
32151 104
32189 10
32229 106
32257 5
32287 98
32332 65
32357 126
32380 44
32403 51
32417 40
32454 15
32471 31
32503 112
32526 102
32526 106
32531 96
32550 107
32559 99
32587 78
32596 60
32627 59
32642 45
32665 3
32689 119
32696 61
32712 84
32713 76
32746 24
32779 60
32787 82
32804 111
32810 108
32830 75
32854 73
32883 85
32928 78
32957 45
32997 127
33038 94
33074 55
33114 72
33114 5
33145 25
33148 6
33162 22
33202 110
33218 57
33249 113
33282 1
33320 42
33353 113
33365 126
33402 69
33446 29
33446 124
33470 2
33479 125
33518 4
33541 3
33558 37
33593 36
33622 20
33643 84
33676 34
33698 3
33743 125
33760 12
33769 38
33794 18
33833 9
33862 77
33878 22
33903 28
33916 79
33931 67
33957 4
33972 62
34003 76
34010 19
34053 120
34078 22
34079 99
34096 90
34129 93
34137 79
34182 9
34227 45
34228 122
34232 83
34272 16
34286 92
34296 23
34324 63
34366 50
34396 7
34419 111
34439 44
34460 4
34500 75
34518 73
34558 56
34583 106
34615 19
34655 21
34689 69
34727 93
34737 100
34748 94
34792 72
34803 77
34844 74
34866 48
34881 80
34914 106
34927 27
34942 49
34967 69
35010 106
35047 109
35050 59
35088 111
35101 48
35109 112
35143 115
35188 85
35232 101
35277 82
35314 7
35352 43
35355 96
35381 15
35420 83
35446 76
35459 17
35504 38
35541 66
35553 28
35598 1
35624 127
35632 30
35658 86
35699 35
35699 25
35737 77
35749 25
35774 59
35790 81
35812 51
35815 56
35827 94
35858 121
35871 77
35915 40
35943 126
35956 88
35984 28
35993 125
36004 77
36017 11
36029 113
36070 47
36081 81
36094 120
36117 61
36157 50
36193 80
36199 116
36234 61
36252 125
36267 17
36289 59
36289 13
36311 39
36346 88
36373 20
36407 44
36424 121
36436 72
36439 35
36472 39
36507 32
36514 71
36523 60
36555 33
36561 80
36561 23
36572 124
36607 103
36646 115
36675 68
36696 101
36700 56
36711 60
36756 17
36789 78
36789 50
36791 2
36819 38
36852 6
36897 4
36898 84
36912 122
36913 117
36913 109
36937 107
36959 76
36987 36
37008 63
37021 16
37063 60
37085 57
37126 16
37131 59
37144 31
37178 61
37182 124
37185 68
37200 126
37217 108
37246 126
37280 95
37323 34
37355 120
37389 32
37412 104
37457 26
37461 127
37494 10
37530 54
37558 100
37563 117
37597 52
37638 97
37641 91
37685 79
37710 53
37713 116
37728 37
37752 51
37787 68
37792 122
37810 123
37833 73
37869 27
37885 122
37917 5
37940 18
37944 34
37974 53
37980 110
37991 110
38006 70
38039 52
38041 65
38043 116
38062 127
38077 119
38090 55
38125 43
38158 21
38167 24
38176 28
38208 53
38214 82
38257 97
38281 25
38295 119
38303 32
38343 67
38357 70
38385 41
38424 1
38451 87
38484 75
38521 18
38566 38
38595 17
38614 55
38651 22
38660 43
38679 70
38704 85
38704 113
38718 70
38752 113
38753 3
38760 24
38762 31
38775 64
38819 34
38835 14
38871 44
38873 103
38883 12
38890 38
38910 40
38926 92
38951 15
38968 127
38991 113
39036 26
39077 79
39103 99
39117 51
39125 48
39143 90
39165 108
39204 40
39213 123
39240 113
39263 104
39269 52
39298 79
39303 111
39308 43
39322 19
39347 122
39380 67
39421 21
39421 66
39445 28
39463 7
39464 49
39493 18
39497 98
39537 32
39537 52
39557 97
39577 39
39595 15
39597 121
39637 118
39642 105
39660 37
39695 102
39728 40
39745 93
39779 115
39798 44
39840 110
39879 68
39920 21
39965 80
40007 97
40010 10
40034 104
40042 112
40060 51
40081 108
40123 60
40132 114
40169 69
40206 66
40233 46
40236 40
40271 41
40285 81
40320 114
40363 11
40393 32
40400 63
40415 3
40457 99
40480 92
40501 52
40546 61
40588 105
40605 53
40643 14
40652 123
40676 55
40713 49
40746 82
40786 104
40822 28
40847 90
40881 56
40923 109
40953 99
40962 20
41004 121
41017 46
41026 107
41046 23
41065 96
41077 21
41097 68
41138 49
41181 59
41194 43
41239 7
41263 87
41280 94
41286 10
41317 67
41328 54
41343 58
41361 77
41366 17
41374 86
41382 33
41384 44
41423 17
41437 111
41481 36
41499 76
41526 87
41542 96
41569 95
41608 84
41620 79
41658 95
41662 9
41697 18
41737 51
41759 64
41788 126
41811 25
41829 15
41869 109
41886 56
41925 48
41950 30
41982 17
42014 63
42042 3
42076 7
42078 56
42122 105
42144 15
42189 123
42228 15
42270 47
42292 118
42327 59
42334 78
42350 86
42384 8
42386 11
42394 83
42426 107
42458 30
42484 61
42504 121
42513 90
42540 113
42551 7
42582 125
42587 79
42591 88
42593 53
42633 35
42636 66
42667 76
42671 57
42695 70
42721 59
42763 59
42767 24
42782 88
42814 25
42857 127
42886 110
42917 62
42934 97
42963 92
42991 85
43001 23
43007 50
43030 76
43042 27
43083 50
43099 2
43125 39
43166 100
43181 89
43196 119
43196 3
43226 111
43264 46
43308 90
43309 4
43334 27
43368 1
43380 38
43381 120
43392 1
43434 1
43456 15
43480 122
43490 86
43497 121
43538 91
43559 117
43591 107
43614 75
43622 118
43644 74
43664 7
43697 12
43711 60
43736 57
43746 58
43762 63
43768 2
43770 28
43807 78
43831 13
43836 84
43842 98
43846 57
43848 117
43891 53
43899 98
43908 89
43937 38
43961 126
43971 35
44003 123
44009 109
44009 124
44046 27
44051 61
44087 41
44108 106
44127 6
44132 117
44148 114
44155 59
44157 120
44186 23
44214 86
44222 77
44263 75
44296 70
44308 86
44310 90
44339 66
44351 43
44371 95
44398 123
44440 86
44440 48
44463 46
44486 31
44530 116
44555 49
44590 65
44632 120
44633 57
44647 20
44656 58
44682 14
44726 29
44749 13
44784 30
44828 90
44833 32
44877 104
44901 50
44944 72
44955 53
44998 89
45018 119
45060 23
45072 105
45084 10
45110 38
45125 55
45126 118
45130 114
45142 44
45170 98
45213 17
45224 22
45262 11
45283 90
45318 97
45332 46
45361 85
45396 62
45438 25
45456 87
45477 82
45504 51
45534 97
45565 51
45584 119
45600 112
45637 87
45655 114
45686 89
45687 65
45687 59
45695 46
45713 38
45738 68
45781 53
45796 87
45837 53
45877 17
45912 70
45937 83
45960 90
45988 58
45991 66
46013 30
46026 11
46031 27
46070 97
46077 7
46117 99
46161 38
46193 21
46214 14
46229 64
46268 113
46295 11
46327 126
46350 119
46360 125
46371 127
46395 103
46431 14
46454 123
46464 36
46477 35
46485 64
46489 13
46506 32
46529 39
46574 78
46594 30
46612 11
46619 64
46634 35
46636 64
46663 16
46684 36
46688 29
46688 16
46727 122
46769 24
46794 79
46828 30
46832 108
46866 82
46866 80
46903 45
46943 74
46959 78
46981 15
47002 44
47005 22
47048 40
47063 111
47081 42
47121 48
47154 71
47161 60
47169 41
47187 109
47194 70
47223 15
47245 47
47277 123
47313 100
47351 22
47379 23
47413 13
47454 23
47483 118
47506 58
47547 106
47561 22
47594 7
47635 78
47678 54
47687 51
47703 18
47742 69
47782 82
47808 114
47840 30
47885 75
47905 82
47920 121
47964 81
48001 32
48042 11
48086 83
48110 113
48122 126
48159 31
48191 94
48223 11
48263 50
48301 100
48315 64
48332 127
48366 32
48406 23
48413 103
48435 101
48449 108
48482 124
48520 81
48548 43
48552 66
48571 107
48614 99
48648 83
48667 76
48711 22
48738 80
48778 11
48789 39
48815 110
48838 107
48852 59
48891 102
48926 82
48945 9
48979 40
49001 43
49036 83
49042 42
49044 70
49070 47
49077 23
49099 110
49113 90
49153 27
49157 24
49172 100
49194 125
49206 54
49237 109
49261 105
49288 16
49330 80
49345 84
49370 88
49393 69
49415 42
49458 51
49476 56
49477 106
49503 79
49539 87
49581 68
49619 11
49620 22
49659 67
49682 88
49711 112
49742 8
49782 110
49816 21
49834 41
49870 16
49898 18
49920 112
49938 2
49983 64
49987 28
50015 27
50034 14
50060 82
50077 34
50098 43
50141 48
50152 71
50170 5
50175 79
50179 94
50186 111
50215 68
50239 14
50270 64
50293 116
50322 108
50360 66
50380 51
50385 74
50395 57
50396 43
50420 117
50464 98
50485 121
50490 77
50529 53
50558 66
50580 46
50581 123
50610 2
50636 88
50654 44
50697 51
50702 54
50746 38
50780 36
50800 34
50803 9
50823 111
50825 88
50867 27
50874 21
50915 95
50940 52
50945 37
50952 15
50974 64
50993 76
51008 52
51029 39
51069 35
51106 100
51127 45
51161 30
51189 77
51210 38
51253 121
51275 102
51300 119
51333 21
51341 21
51342 8
51346 41
51354 109
51371 74
51378 101
51397 24
51429 114
51433 38
51456 127
51484 41
51492 98
51529 28
51556 58
51565 63
51593 31
51613 7
51629 6
51671 2
51714 99
51737 14
51777 13
51790 27
51809 59
51825 28
51861 72
51888 99
51920 51
51951 75
51977 78
52000 73
52044 2
52059 113
52074 49
52102 53
52134 110
52171 104
52180 114
52194 31
52225 75
52267 41
52293 99
52329 112
52359 114
52359 118
52388 38
52431 115
52437 44
52467 121
52468 63
52500 41
52522 67
52546 26
52568 14
52596 21
52608 75
52649 65
52674 36
52716 91
52735 113
52753 32
52764 20
52799 119
52835 45
52842 43
52886 46
52890 27
52898 77
52941 87
52944 1
52986 45
53004 31
53042 4
53045 46
53061 4
53085 5
53099 53
53112 19
53156 60
53168 99
53195 17
53230 77
53241 116
53283 89
53311 28
53356 20
53390 60
53393 1
53406 19
53439 97
53451 111
53477 84
53502 55
53546 22
53580 21
53618 11
53637 124
53648 97
53649 101
53684 18
53722 123
53725 71
53727 116
53770 59
53813 54
53847 15
53892 83
53932 75
53961 102
53974 109
53975 91
54010 16
54048 61
54064 102
54084 109
54098 11
54124 77
54164 53
54174 114
54215 40
54252 54
54279 92
54300 27
54309 47
54322 48
54344 80
54346 36
54382 93
54399 24
54428 13
54452 87
54468 49
54505 62
54544 78
54574 41
54582 113
54594 5
54636 82
54666 44
54689 4
54724 49
54739 23
54741 88
54757 109
54801 1
54840 36
54843 6
54870 49
54892 77
54920 68
54963 82
54963 38
54974 92
54980 16
55005 125
55011 2
55053 75
55074 115
55083 101
55122 46
55162 76
55176 10
55209 56
55226 123
55256 122
55289 64
55292 41
55307 17
55319 3
55355 45
55369 71
55387 33
55423 126
55453 27
55493 27
55499 86
55535 113
55548 26
55563 17
55575 116
55608 77
55631 84
55665 5
55674 83
55710 91
55754 6
55758 23
55787 28
55820 114
55844 118
55853 127
55889 17
55903 76
55942 78
55969 41
55992 58
56022 49
56022 54
56028 7
56064 17
56065 112
56078 64
56120 78
56130 10
56142 52
56157 22
56185 38
56194 64
56229 43
56273 4
56316 119
56324 92
56328 51
56344 78
56359 94
56364 93
56367 59
56385 93
56396 82
56397 84
56406 103
56410 31
56416 43
56429 38
56458 23
56495 59
56526 8
56527 96
56541 42
56548 110
56574 29
56616 65
56628 102
56644 1
56672 113
56696 84
56741 37
56755 103
56766 86
56784 87
56797 73
56804 108
56823 49
56854 89
56855 78
56857 105
56890 14
56926 36
56968 19
56995 126
57028 114
57056 102
57064 108
57088 123
57125 88
57169 64
57174 109
57201 53
57201 28
57223 108
57246 29
57256 63
57300 55
57303 30
57347 56
57385 17
57402 12
57423 6
57437 85
57481 26
57483 107
57527 53
57560 23
57583 76
57615 87
57659 126
57672 59
57692 81
57701 93
57746 18
57780 49
57781 27
57815 72
57845 110
57873 80
57892 113
57920 10
57961 109
57961 94
57990 67
58031 7
58063 93
58095 52
58099 35
58141 71
58148 60
58181 4
58196 63
58200 2
58223 47
58243 15
58253 121
58278 117
58287 67
58323 62
58336 90
58363 58
58401 79
58404 106
58445 119
58482 82
58525 96
58549 5
58570 49
58581 54
58593 96
58628 27
58631 84
58672 73
58686 28
58720 87
58732 90
58754 6
58788 63
58807 93
58819 46
58856 52
58879 44
58887 30
58928 90
58945 16
58970 77
59005 3
59008 25
59027 70
59067 20
59111 39
59129 3
59129 124
59142 110
59157 76
59186 106
59216 96
59223 9
59224 34
59257 67
59296 81
59310 17
59335 46
59336 86
59343 16
59344 42
59347 123
59356 84
59400 58
59423 28
59465 47
59508 93
59542 74
59563 35
59565 59
59574 33
59607 51
59629 83
59635 113
59636 97
59663 79
59699 73
59725 33
59769 38
59789 10
59795 74
59819 76
59852 21
59879 57
59919 25
59936 68
59971 95
60000 70
60002 16
60030 115
60046 60
60081 85
60114 6
60137 100
60161 68
60171 38
60185 91
60186 89
60205 51
60218 44
60231 17
60253 76
60272 54
60303 71
60319 38
60347 69
60382 21
60390 78
60433 67
60452 35
60460 71
60499 74
60541 112
60558 74
60576 107
60593 76
60595 5
60602 84
60647 22
60648 19
60686 63
60687 98
60723 32
60765 75
60793 86
60794 71
60813 16
60821 52
60863 119
60864 93
60905 48
60914 104
60943 72
60976 16
60995 115
61039 34
61049 3
61055 37
61085 71
61098 82
61138 60
61160 54
61205 46
61250 126
61284 34
61287 63
61328 1
61353 20
61379 120
61381 99
61382 59
61388 36
61410 69
61432 39
61434 75
61471 19
61490 98
61523 91
61537 12
61550 85
61589 28
61605 39
61631 112
61636 52
61669 107
61687 5
61688 110
61731 1
61766 5
61782 69
61787 13
61803 53
61830 83
61846 121
61887 29
61899 38
61912 65
61935 90
61962 105
61983 69
62026 71
62056 43
62058 103
62101 44
62128 124
62137 100
62148 111
62189 103
62218 104
62230 27
62234 58
62250 31
62262 7
62299 56
62328 27
62361 116
62389 86
62406 8
62417 78
62457 73
62462 41
62503 75
62518 112
62541 125
62553 48
62554 3
62585 84
62615 41
62648 78
62651 73
62655 90
62665 127
62673 60
62702 33
62734 98
62748 100
62765 112
62798 34
62802 5
62832 78
62842 17
62875 83
62909 99
62953 43
62961 46
62971 39
63006 25
63034 51
63070 84
63096 55
63122 46
63138 116
63165 37
63207 15
63229 110
63268 97
63287 40
63325 41
63359 123
63360 73
63363 79
63367 127
63369 71
63406 121
63440 99
63482 80
63513 19
63549 26
63587 77
63589 22
63607 8
63647 74
63686 7
63706 36
63740 77
63764 112
63781 104
63807 7
63849 94
63861 33
63862 12
63868 117
63896 29
63918 47
63940 7
63960 79
63998 11
64024 41
64054 43
64066 56
64091 123
64119 97
64127 117
64172 77
64196 63
64230 65
64231 117
64258 127
64284 63
64317 37
64332 110
64372 47
64381 29
64424 20
64467 41
64477 17
64520 93
64524 2
64564 76
64605 38
64640 62
64677 77
64691 101
64730 8
64764 124
64790 101
64803 18
64825 30
64825 109
64867 18
64903 27
64934 37
64967 100
64983 57
64993 86
65004 31
65022 18
65032 62
65036 56
65046 34
65076 42
65103 17
65108 80
65109 67
65121 56
65131 67
65149 4
65155 92
65197 49
65210 124
65234 56
65259 29
65282 12
65301 87
65314 56
65335 123
65346 91
65359 110
65382 76
65400 45
65428 51
65436 5
65473 43
65473 104
65485 21
65500 101
65536 29
65579 76
65593 79
65615 55
65639 43
65665 97
65687 100
65711 37
65728 122
65755 48
65773 119
65814 119
65831 5
65845 70
65877 97
65893 46
65932 64
65950 125
65972 43
65984 62
66014 101
66043 47
66070 118
66074 104
66086 104
66090 98
66099 65
66138 17
66139 22
66155 55
66192 36
66224 126
66227 96
66242 51
66257 106
66292 29
66327 19
66339 13
66350 47
66376 116
66420 122
66427 102
66429 56
66452 36
66463 4
66486 60
66497 45
66507 24
66507 63
66521 102
66528 23
66532 78
66545 105
66583 72
66616 18
66660 124
66665 64
66685 123
66700 17
66713 82
66758 66
66774 59
66779 97
66823 2
66837 54
66852 86
66854 121
66890 21
66928 70
66963 55
66972 101
67013 122
67032 1
67071 41
67111 70
67150 23
67181 102
67220 46
67242 124
67247 20
67248 37
67274 48
67275 76
67278 37
67278 121
67320 88
67338 114
67350 85
67391 90
67396 29
67414 91
67433 27
67435 61
67450 81
67464 65
67492 47
67506 9
67510 114
67537 46
67572 101
67600 109
67618 21
67631 116
67670 17
67676 49
67677 31
67684 31
67691 88
67701 50
67705 84
67705 61
67715 59
67717 33
67745 124
67788 3
67827 14
67867 25
67871 34
67909 32
67937 54
67980 79
68007 14
68008 3
68010 13
68027 108
68044 96
68047 28
68083 54
68122 76
68142 69
68169 110
68170 117
68197 123
68201 14
68239 67
68245 42
68261 23
68263 100
68283 62
68299 52
68319 33
68345 67
68390 90
68402 67
68415 96
68457 4
68457 16
68478 11
68485 40
68512 96
68520 8
68563 126
68570 95
68597 74
68632 70
68659 83
68696 2
68735 6
68746 68
68791 45
68817 30
68820 110
68849 51
68874 13
68902 107
68925 91
68938 8
68949 41
68979 74
69009 94
69054 6
69073 7
69083 76
69099 99
69115 12
69140 46
69176 79
69209 110
69247 4
69262 47
69287 39
69315 12
69342 48
69372 99
69398 67
69399 40
69420 53
69452 88
69494 92
69530 86
69571 89
69579 68
69609 26
69631 84
69641 84
69674 8
69682 46
69695 75
69702 67
69704 61
69714 59
69759 24
69764 54
69793 101
69822 56
69863 38
69904 117
69944 56
69967 90
70006 63
70008 51
70052 31
70079 18
70112 117
70156 69
70167 82
70196 79
70210 104
70240 28
70278 6
70313 75
70313 61
70343 68
70355 44
70366 12
70374 10
70412 73
70442 9
70486 124
70504 111
70534 32
70550 42
70579 90
70605 30
70650 52
70669 79
70690 100
70724 34
70736 50
70738 11
70776 112
70812 51
70841 40
70856 108
70857 42
70898 96
70906 115
70919 28
70923 78
70954 112
70968 63
71008 91
71031 103
71037 5
71041 119
71075 83
71103 50
71142 63
71156 114
71195 38
71214 53
71233 18
71234 101
71278 123
71308 80
71308 119
71316 57
71339 73
71382 115
71404 120
71413 40
71431 58
71454 20
71490 26
71509 65
71523 41
71536 117
71575 58
71594 83
71605 113
71630 1
71673 98
71675 79
71677 35
71700 11
71703 79
71721 14
71761 83
71778 78
71792 102
71805 107
71816 19
71856 32
71886 73
71909 73
71921 37
71931 56
71950 105
71981 58
71987 48
71991 68
71995 30
72017 34
72050 108
72087 67
72132 89
72149 81
72193 58
72204 113
72243 123
72263 69
72267 25
72285 50
72292 58
72313 102
72354 54
72366 115
72386 65
72407 3
72440 27
72446 27
72474 105
72495 69
72504 103
72513 102
72515 61
72537 3
72540 119
72564 115
72564 106
72566 42
72609 102
72642 127
72686 100
72713 112
72737 69
72737 87
72774 22
72814 97
72854 93
72859 2
72901 84
72925 116
72944 81
72954 120
72980 124
72988 22
73018 23
73048 108
73050 53
73065 74
73071 103
73096 83
73124 66
73139 92
73158 68
73200 86
73224 125
73247 17
73269 51
73305 34
73343 124
73365 33
73399 103
73442 66
73453 8
73473 11
73492 28
73501 67
73530 63
73567 11
73594 6
73600 45
73619 99
73660 49
73662 13
73694 103
73716 44
73756 2
73766 51
73796 60
73815 20
73860 123
73889 126
73898 126
73900 3
73938 26
73950 112
73965 72
74003 46
74008 35
74041 43
74071 62
74075 34
74113 104
74151 22
74167 29
74193 58
74228 97
74230 121
74253 64
74265 98
74266 54
74279 91
74319 38
74344 29
74352 86
74396 90
74406 107
74427 41
74454 79
74480 13
74487 114
74502 1
74542 2
74573 122
74578 45
74605 35
74630 72
74675 53
74718 104
74723 74
74726 15
74727 71
74753 106
74753 127
74759 108
74767 88
74788 79
74811 94
74834 83
74854 40
74888 127
74918 8
74944 118
74951 47
74968 123
75001 75
75029 47
75069 47
75092 61
75121 40
75153 77
75191 111
75236 78
75264 59
75285 78
75306 46
75334 34
75378 10
75397 62
75433 82
75455 34
75497 7
75528 67
75547 30
75558 119
75583 24
75584 95
75605 105
75624 63
75653 4
75679 110
75694 68
75721 113
75739 41
75749 54
75785 89
75809 6
75844 47
75844 121
75874 34
75912 119
75941 99
75947 79
75962 18
75969 7
75980 44
76011 103
76042 101
76079 44
76114 39
76144 76
76164 5
76205 107
76247 85
76257 30
76259 2
76290 117
76310 111
76326 72
76355 97
76390 27
76395 98
76404 42
76421 110
76428 117
76435 107
76450 28
76488 64
76497 59
76499 80
76540 48
76553 86
76563 107
76580 43
76581 110
76607 99
76607 71
76641 96
76683 39
76705 60
76741 56
76774 17
76777 125
76813 83
76844 35
76888 112
76911 91
76954 20
76957 7
77002 127
77014 83
77015 125
77033 14
77072 85
77091 107
77097 23
77122 32
77156 41
77158 46
77201 62
77205 110
77216 35
77237 5
77269 81
77306 55
77350 30
77362 94
77368 33
77403 61
77427 17
77462 92
77462 122
77482 26
77501 83
77532 69
77575 41
77603 108
77633 52
77657 121
77683 75
77723 125
77748 1
77756 49
77762 77
77774 40
77794 94
77810 79
77812 93
77814 90
77855 38
77874 80
77891 22
77902 98
77928 125
77959 76
77963 45
77973 51
78014 71
78054 31
78067 18
78080 84
78118 36
78141 100
78148 71
78170 81
78172 77
78211 112
78241 24
78274 7
78291 106
78336 41
78360 17
78400 64
78433 9
78449 80
78453 105
78458 43
78459 42
78502 50
78514 96
78538 59
78571 52
78574 103
78589 81
78597 103
78633 22
78657 74
78663 7
78687 106
78703 29
78710 113
78748 73
78752 62
78794 44
78800 6
78819 42
78849 51
78894 10
78931 78
78940 106
78971 27
79001 3
79046 61
79090 78
79134 55
79170 15
79173 14
79192 19
79214 122
79219 37
79258 10
79296 7
79335 47
79342 61
79342 33
79346 87
79362 100
79404 9
79415 80
79447 55
79452 21
79476 76
79490 89
79492 57
79517 121
79518 81
79523 80
79549 37
79593 43
79609 54
79631 1
79670 19
79678 35
79695 73
79703 122
79718 9
79753 98
79762 59
79762 72
79786 123
79789 75
79800 72
79830 88
79847 77
79855 41
79867 122
79910 79
79942 60
79979 121
79982 88
80024 103
80067 69
80107 19
80115 75
80140 56
80153 106
80170 25
80188 18
80207 20
80237 50
80245 97
80271 100
80292 91
80295 15
80298 66
80313 40
80339 46
80347 87
80355 66
80395 82
80414 81
80453 101
80457 43
80480 81
80503 120
80526 55
80545 102
80576 9
80576 36
80610 71
80625 35
80665 101
80685 111
80729 7
80743 96
80766 109
80794 72
80811 67
80837 30
80873 115
80910 57
80922 108
80938 30
80978 28
81010 13
81039 97
81073 24
81102 124
81146 84
81179 8
81199 76
81219 12
81237 113
81263 80
81274 62
81318 31
81329 55
81368 102
81373 39
81381 16
81390 12
81429 78
81444 63
81467 126
81503 106
81526 45
81538 20
81545 31
81588 66
81630 39
81631 77
81659 73
81667 56
81674 8
81704 86
81731 122
81770 117
81778 116
81819 37
81822 81
81829 64
81839 53
81884 117
81926 5
81957 15
81989 76
81991 24
82012 82
82027 4
82070 42
82106 117
82136 104
82146 85
82160 59
82187 45
82220 90
82220 100
82233 86
82246 79
82289 98
82305 51
82337 30
82338 25
82340 121
82348 8
82371 19
82402 114
82424 92
82436 4
82459 54
82501 126
82509 127
82549 98
82565 65
82571 30
82577 112
82581 29
82616 125
82624 25
82667 29
82673 24
82686 23
82720 52
82726 30
82753 35
82766 123
82783 114
82828 19
82843 112
82852 20
82877 78
82913 13
82954 47
82991 24
82997 102
83014 52
83056 107
83093 55
83128 29
83139 124
83176 77
83199 67
83242 102
83246 46
83260 72
83283 1
83313 120
83342 84
83373 52
83414 103
83435 104
83442 15
83462 14
83481 11
83487 10
83507 68
83548 17
83563 92
83588 63
83630 53
83664 3
83682 21
83701 55
83745 112
83783 72
83817 35
83852 123
83870 66
83877 117
83919 41
83957 87
83989 118
83995 17
84008 26
84050 101
84075 63
84085 101
84101 52
84138 59
84156 12
84175 4
84187 37
84223 127
84244 64
84272 59
84280 96
84315 111
84338 106
84358 25
84359 25
84364 40
84401 45
84445 76
84472 37
84500 58
84529 85
84572 44
84601 4
84631 45
84668 69
84701 101
84744 99
84755 84
84757 56
84791 81
84822 106
84827 77
84866 111
84880 20
84887 55
84887 77
84921 89
84933 2
84953 109
84961 79
84997 18
85028 33
85031 61
85071 20
85105 86
85115 74
85129 48
85147 10
85171 94
85173 84
85193 52
85232 13
85277 52
85296 14
85299 120
85306 7
85317 104
85322 27
85362 112
85402 17
85443 54
85484 55
85510 5
85550 6
85560 71
85604 126
85616 93
85620 13
85626 60
85670 86
85683 11
85702 115
85717 12
85737 55
85768 122
85810 104
85846 18
85864 22
85876 109
85914 103
85953 17
85976 36
85998 2
86013 49
86016 104
86048 62
86065 82
86067 57
86074 49
86096 94
86118 87
86133 50
86159 108
86177 85
86178 98
86202 85
86243 16
86263 123
86281 69
86325 3
86367 90
86409 93
86415 81
86449 29
86491 15
86491 120
86524 94
86549 122
86593 44
86622 24
86664 63
86675 44
86706 126
86749 88
86781 21
86825 35
86829 30
86866 59
86909 97
86950 102
86956 56
86993 13
87009 93
87021 32
87050 59
87058 108
87101 126
87120 93
87154 111
87175 7
87209 52
87228 23
87237 75
87241 82
87249 96
87281 63
87319 127
87332 61
87353 111
87365 38
87371 32
87403 108
87412 80
87422 47
87428 73
87458 119
87478 97
87500 72
87516 50
87561 59
87583 87
87620 21
87637 111
87642 36
87649 77
87662 61
87704 63
87719 57
87753 79
87783 74
87788 89
87811 32
87816 70
87839 96
87853 45
87887 62
87928 95
87935 70
87979 30
87995 50
88015 97
88047 54
88082 66
88122 111
88151 63
88180 102
88210 18
88241 119
88252 80
88278 66
88320 28
88332 23
88363 53
88371 81
88373 97
88377 19
88395 90
88432 70
88472 49
88508 55
88535 43
88555 89
88556 8
88601 44
88619 112
88640 29
88665 30
88709 1
88741 48
88773 116
88803 79
88819 25
88840 57
88862 62
88876 26
88904 104
88928 77
88972 77
89013 94
89021 119
89053 66
89075 43
89080 46
89103 2
89147 78
89153 86
89177 108
89214 51
89225 111
89241 91
89243 95
89247 122
89274 107
89287 121
89298 11
89326 106
89343 16
89355 83
89378 40
89398 110
89422 123
89448 53
89493 80
89516 102
89544 69
89585 85
89598 58
89618 29
89619 33
89662 62
89705 36
89728 79
89728 56
89741 63
89749 59
89790 100
89790 48
89808 16
89816 22
89827 42
89852 104
89879 84
89918 110
89919 91
89941 20
89941 94
89951 67
89959 104
90002 5
90028 40
90051 39
90082 68
90122 27
90158 7
90176 112
90206 6
90222 96
90223 30
90232 65
90269 68
90285 82
90295 75
90312 77
90344 107
90369 88
90398 29
90433 21
90436 19
90474 25
90489 82
90505 46
90517 95
90560 9
90566 118
90594 60
90596 98
90597 108
90607 53
90642 114
90650 70
90689 67
90711 91
90753 123
90778 52
90782 24
90813 62
90829 83
90873 79
90893 57
90924 63
90959 126
90997 15
91034 62
91058 19
91083 69
91128 49
91142 8
91142 15
91183 72
91206 42
91247 76
91261 67
91262 44
91293 64
91304 39
91306 34
91307 111
91311 114
91350 11
91361 16
91397 31
91420 80
91422 100
91455 72
91468 44
91494 111
91535 117
91572 123
91592 74
91611 101
91624 46
91646 121
91682 24
91699 87
91732 40
91777 31
91799 90
91842 107
91872 111
91911 44
91942 79
91962 51
91964 67
92002 38
92002 100
92041 105
92045 20
92067 32
92082 27
92120 38
92163 9
92189 38
92199 35
92243 53
92283 38
92293 103
92333 15
92376 61
92410 100
92417 84
92443 121
92451 80
92455 30
92455 96
92468 60
92475 97
92484 118
92523 71
92540 86
92580 77
92607 9
92634 21
92646 125
92669 50
92678 81
92716 89
92746 61
92787 72
92832 114
92869 60
92890 62
92901 17
92933 18
92952 67
92968 56
92992 32
93032 6
93038 47
93072 89
93074 115
93106 105
93132 118
93153 52
93155 7
93196 50
93202 16
93244 20
93275 61
93317 74
93344 93
93358 10
93403 26
93434 74
93479 59
93524 83
93536 10
93581 70
93621 113
93647 13
93653 54
93673 116
93705 42
93742 39
93767 126
93785 116
93801 34
93820 114
93857 119
93902 113
93915 19
93915 75
93930 120
93964 9
93968 51
93998 21
94026 64
94063 62
94070 7
94084 43
94114 110
94153 79
94178 87
94200 29
94245 88
94282 33
94296 20
94308 123
94315 60
94338 76
94354 91
94372 60
94410 69
94424 50
94457 18
94487 72
94492 75
94536 75
94543 63
94557 52
94583 90
94596 24
94630 40
94660 94
94662 117
94690 5
94708 3
94724 100
94751 3
94786 116
94824 59
94828 56
94866 98
94868 73
94895 69
94911 77
94935 11
94962 3
94984 60
95014 24
95054 55
95083 123
95095 90
95104 33
95106 71
95137 127
95166 83
95188 39
95204 56
95209 56
95245 33
95250 62
95294 15
95326 60
95354 82
95363 66
95384 40
95423 19
95453 80
95481 79
95524 90
95547 87
95590 83
95634 32
95644 16
95674 3
95684 124
95708 63
95713 49
95748 7
95786 91
95816 27
95830 23
95830 1
95839 85
95845 37
95864 14
95877 64
95898 105
95919 48
95930 15
95971 34
96008 83
96021 38
96030 95
96066 16
96099 119
96117 25
96146 6
96166 106
96188 115
96224 24
96253 12
96267 6
96290 124
96333 46
96374 76
96416 46
96431 87
96464 37
96477 22
96519 114
96542 50
96576 65
96580 11
96600 109
96619 61
96638 30
96649 6
96665 43
96675 96
96688 25
96690 127
96705 53
96717 24
96724 106
96760 17
96781 113
96783 103
96789 32
96795 83
96834 55
96862 71
96907 117
96913 21
96922 102
96951 22
96987 34
97007 27
97016 80
97046 99
97058 33
97060 93
97080 75
97092 124
97107 108
97125 85
97146 64
97153 53
97170 18
97201 97
97235 32
97257 66
97273 79
97277 124
97317 105
97320 103
97341 86
97369 50
97374 90
97406 79
97430 45
97438 29
97459 123
97480 76
97486 48
97503 4
97514 54
97547 93
97551 104
97565 125
97577 80
97591 15
97603 73
97618 79
97625 115
97652 114
97662 85
97701 10
97716 70
97750 64
97795 76
97811 73
97828 23
97856 46
97880 79
97904 85
97929 76
97936 51
97974 22
98001 27
98030 126
98034 51
98038 121
98040 52
98045 125
98057 51
98102 16
98127 14
98132 22
98151 42
98176 27
98201 36
98226 81
98256 32
98282 71
98325 85
98366 23
98393 71
98420 80
98428 77
98433 35
98469 62
98481 87
98512 118
98520 51
98559 58
98598 115
98620 62
98631 15
98649 59
98680 66
98696 86
98709 96
98738 115
98765 36
98769 91
98805 87
98805 19
98846 105
98850 26
98877 30
98887 61
98899 72
98919 79
98927 51
98931 111
98967 51
98968 79
98986 111
99005 37
99012 56
99032 30
99064 24
99106 22
99131 35
99157 121
99165 89
99198 107
99211 120
99255 85
99279 106
99306 121
99329 65
99330 2
99344 92
99371 55
99371 101
99375 29
99376 55
99404 101
99441 13
99461 49
99477 121
99509 92
99549 105
99591 14
99607 110
99650 114
99687 45
99715 19
99730 39
99749 23
99778 53
99801 61
99812 56
99819 56
99839 65
99867 56
99880 54
99883 70
99904 81
99944 16
99971 33
99996 109
100001 96
100045 64
100078 78
100120 109
100154 20
100165 7
100165 16
100198 55
100233 95
100267 97
100274 82
100293 34
100296 56
100337 120
100362 15
100374 55
100388 82
100394 56
100404 9
100429 2
100469 95
100489 63
100494 112
100512 102
100548 36
100552 56
100576 97
100578 37
100619 126
100653 32
100664 79
100672 114
100709 74
100754 4
100756 106
100782 65
100793 116
100815 28
100825 59
100830 31
100852 62
100868 3
100885 33
100897 47
100906 18
100946 20
100986 55
100998 77
101027 55
101065 36
101078 11
101109 55
101120 51
101128 11
101153 6
101157 15
101169 125
101192 56
101198 114
101205 82
101239 108
101281 109
101295 5
101334 45
101341 22
101381 41
101409 12
101451 21
101479 43
101498 88
101532 72
101568 12
101613 41
101640 119
101664 114
101692 96
101713 89
101757 17
101798 109
101800 115
101813 14
101818 92
101857 66
101888 75
101905 111
101943 124
101952 116
101961 27
101975 95
102001 110
102041 96
102060 117
102063 91
102078 51
102097 10
102134 58
102177 53
102212 61
102256 58
102264 5
102284 4
102329 63
102365 14
102366 21
102405 21
102444 31
102445 70
102485 7
102530 82
102530 23
102544 41
102554 17
102589 120
102614 103
102638 45
102679 49
102701 12
102740 64
102785 73
102819 112
102828 4
102859 20
102871 91
102905 112
102919 94
102958 22
102979 127
103013 62
103041 2
103058 109
103100 12
103125 65
103134 116
103145 115
103160 105
103198 96
103209 34
103219 50
103238 86
103261 27
103296 8
103331 118
103375 65
103376 11
103376 30
103381 85
103413 16
103433 25
103455 103
103486 37
103522 106
103564 118
103578 12
103613 22
103658 34
103685 11
103727 117
103750 123
103777 38
103816 21
103838 61
103857 114
103890 113
103905 61
103929 80
103954 31
103970 108
103973 13
104010 77
104045 76
104045 112
104046 16
104054 56
104061 31
104073 73
104095 17
104128 47
104140 8
104157 17
104169 112
104210 112
104234 70
104274 16
104315 106
104317 97
104321 71
104357 52
104364 72
104366 62
104382 77
104418 106
104444 60
104480 10
104525 1
104527 48
104530 104
104558 84
104560 28
104582 19
104623 76
104643 92
104672 37
104715 43
104720 104
104722 22
104741 46
104780 24
104793 12
104817 108
104818 49
104827 110
104853 96
104895 45
104900 103
104915 18
104931 42
104957 68
104992 21
105016 77
105034 113
105048 21
105052 77
105082 75
105087 42
105101 103
105127 32
105167 93
105196 89
105226 116
105244 109
105275 109
105278 23
105297 106
105330 56
105349 103
105381 26
105396 84
105436 115
105456 60
105465 82
105481 7
105510 54
105515 79
105528 64
105537 11
105557 100
105601 46
105643 15
105679 36
105717 17
105723 33
105756 110
105759 36
105763 99
105803 76
105835 31
105850 95
105895 39
105915 28
105946 43
105963 59
105992 75
106008 90
106041 24
106068 89
106108 90
106127 120
106152 23
106157 97
106157 23
106200 69
106241 33
106279 91
106283 25
106294 29
106321 9
106356 57
106388 14
106394 23
106408 108
106423 120
106446 43
106468 33
106477 123
106507 30
106548 68
106567 105
106596 22
106605 60
106646 23
106668 1
106679 1
106720 44
106743 50
106749 48
106751 8
106768 111
106796 9
106814 18
106855 42
106865 84
106869 102
106888 109
106930 115
106941 38
106978 79
107015 84
107052 119
107055 30
107074 123
107087 41
107111 29
107127 84
107157 84
107190 94
107213 92
107241 69
107270 97
107311 125
107351 111
107379 79
107383 12
107412 56
107441 2
107464 66
107465 88
107510 110
107527 7
107568 38
107594 107
107601 121
107603 28
107608 103
107635 35
107654 90
107689 82
107702 92
107717 87
107743 59
107751 51
107776 44
107809 98
107827 45
107842 47
107859 64
107874 76
107912 93
107954 27
107984 47
107985 38
108008 62
108009 12
108053 79
108098 38
108120 37
108164 80
108204 127
108206 84
108249 107
108276 75
108281 112
108288 14
108316 121
108325 125
108331 44
108365 72
108383 49
108403 35
108404 78
108413 110
108417 96
108425 44
108445 56
108474 51
108510 14
108540 8
108555 12
108574 1
108589 77
108629 59
108645 40
108657 48
108677 50
108681 94
108716 80
108753 95
108763 98
108803 119
108843 67
108850 21
108855 34
108871 85
108879 119
108895 18
108918 11
108963 80
108976 127
109019 77
109046 111
109074 24
109082 4
109089 23
109114 75
109144 50
109161 2
109161 8
109199 99
109206 77
109217 105
109247 123
109256 118
109288 99
109325 36
109346 42
109355 11
109385 120
109406 100
109429 35
109453 67
109474 111
109502 51
109529 95
109544 45
109575 95
109605 77
109650 66
109681 85
109707 81
109732 14
109735 7
109767 90
109801 113
109845 125
109863 120
109902 85
109911 62
109948 72
109977 94
109977 66
109977 50
110011 72
110037 101
110056 13
110083 66
110103 27
110142 30
110157 56
110198 76
110199 18
110215 124
110239 6
110273 20
110286 7
110296 99
110335 42
110352 6
110356 73
110401 86
110429 91
110436 18
110475 109
110478 83
110506 24
110546 107
110551 72
110582 88
110612 113
110624 57
110640 22
110643 117
110656 122
110672 116
110697 1
110739 58
110784 92
110829 30
110833 98
110833 27
110865 50
110897 29
110915 43
110947 47
110978 76
111017 37
111025 13
111068 97
111106 76
111136 105
111168 42
111207 1
111239 88
111276 88
111320 64
111337 122
111337 93
111354 6
111395 10
111409 104
111445 36
111479 7
111504 54
111506 107
111520 29
111541 116
111563 64
111589 2
111605 55
111634 32
111637 20
111658 30
111661 10
111679 37
111717 35
111737 4
111773 58
111779 43
111797 92
111830 118
111836 27
111877 69
111895 4
111926 48
111955 22
111957 68
111968 121
111989 94
112003 48
112039 115
112075 112
112077 77
112107 13
112150 125
112179 112
112208 48
112219 81
112256 107
112298 16
112308 85
112330 82
112362 2
112362 94
112391 79
112412 69
112421 47
112443 57
112480 57
112481 117
112516 4
112550 112
112584 78
112597 34
112642 4
112685 57
112694 38
112717 44
112720 12
112759 42
112763 89
112778 126
112798 94
112800 76
112806 89
112823 9
112839 100
112877 13
112918 60
112949 109
112962 94
112978 71
112996 34
113019 111
113038 95
113056 8
113071 77
113109 100
113147 56
113166 42
113183 125
113220 93
113264 85
113296 62
113317 54
113330 33
113347 70
113385 24
113402 34
113441 103
113453 33
113469 13
113501 3
113503 98
113503 69
113547 111
113566 56
113571 70
113609 89
113641 34
113662 86
113667 62
113679 67
113701 49
113715 77
113726 80
113767 87
113802 55
113823 122
113831 66
113861 125
113897 52
113934 54
113951 103
113965 15
113985 103
113992 4
114014 53
114046 49
114078 62
114098 33
114105 20
114116 29
114133 79
114156 117
114187 99
114189 73
114213 71
114257 31
114274 54
114290 108
114294 11
114314 110
114344 37
114387 51
114422 82
114465 101
114481 126
114509 61
114546 77
114578 49
114619 2
114650 24
114661 113
114699 121
114742 82
114787 67
114792 92
114797 46
114829 25
114865 66
114895 31
114920 97
114936 65
114954 54
114997 116
115041 6
115070 97
115085 54
115099 81
115139 68
115175 66
115182 108
115210 39
115218 77
115251 100
115296 73
115340 47
115359 59
115365 3
115408 114
115422 102
115463 38
115486 25
115500 18
115519 126
115541 19
115563 41
115570 67
115615 109
115621 91
115657 64
115665 35
115671 42
115713 45
115713 36
115734 56
115778 50
115789 57
115814 34
115850 35
115895 41
115912 95
115939 80
115982 1
115990 96
115992 119
115996 30
116005 15
116017 4
116053 9
116067 108
116072 13
116082 21
116090 41
116118 23
116141 21
116160 116
116180 59
116197 108
116242 27
116262 106
116264 108
116271 48
116312 19
116357 8
116367 108
116399 95
116411 23
116432 86
116450 92
116480 75
116513 86
116530 123
116535 123
116536 64
116558 32
116567 93
116584 91
116616 50
116627 74
116665 27
116706 48
116731 114
116756 5
116769 88
116804 105
116835 80
116841 81
116877 89
116897 33
116932 2
116968 98
116968 93
117000 107
117037 112
117069 46
117097 87
117117 78
117131 77
117163 32
117204 52
117219 113
117262 26
117303 69
117343 9
117370 97
117370 44
117405 3
117433 48
117448 48
117448 116
117454 45
117470 119
117474 85
117477 77
117510 2
117528 7
117550 67
117554 23
117595 92
117616 43
117654 64
117695 83
117722 82
117735 19
117742 55
117765 124
117790 97
117822 19
117865 24
117875 98
117887 90
117914 104
117934 89
117944 17
117985 71
117994 48
118037 7
118072 59
118112 8
118120 72
118145 67
118168 36
118171 20
118214 13
118253 127
118290 22
118310 15
118331 16
118352 5
118355 61
118377 2
118397 101
118397 96
118406 97
118425 76
118461 53
118504 120
118536 94
118539 22
118563 23
118602 28
118606 126
118648 35
118667 95
118700 74
118706 76
118746 114
118757 114
118778 121
118805 98
118820 78
118848 64
118860 27
118887 103
118893 88
118905 48
118939 92
118959 24
118960 77
118995 123
118995 56
119032 45
119061 41
119105 6
119121 111
119121 93
119152 57
119161 26
119194 54
119205 63
119240 62
119270 32
119315 109
119328 30
119331 107
119357 20
119390 91
119404 113
119419 11
119443 84
119444 53
119482 105
119519 45
119557 123
119601 122
119620 64
119650 55
119693 38
119714 76
119727 16
119755 44
119760 59
119780 119
119784 14
119798 22
119814 121
119850 103
119857 25
119862 122
119902 50
119902 74
119902 77
119917 7
119953 83
119987 40
120019 85
120049 116
120064 5
120073 5
120110 52
120130 56
120139 19
120152 48
120157 123
120200 5
120231 36
120249 90
120263 87
120279 41
120298 113
120343 28
120363 15
120371 43
120384 16
120423 30
120431 1
120466 96
120488 35
120515 63
120524 80
120554 10
120574 47
120577 8
120579 70
120610 88
120615 38
120646 122
120662 125
120702 10
120705 7
120706 83
120724 38
120762 5
120793 112
120817 31
120832 30
120867 112
120879 105
120919 25
120937 58
120966 27
120985 50
121007 41
121031 57
121073 12
121095 105
121109 36
121116 92
121133 51
121172 124
121194 80
121211 2
121230 70
121233 78
121276 45
121310 60
121355 105
121392 30
121404 98
121416 38
121459 59
121474 59
121486 27
121517 77
121533 33
121572 87
121582 3
121625 122
121627 19
121645 49
121681 99
121686 104
121709 9
121741 47
121785 13
121803 39
121838 15
121875 63
121893 115
121934 63
121958 48
122002 98
122029 66
122056 25
122064 32
122081 74
122113 109
122124 69
122157 109
122160 125
122172 54
122190 75
122194 123
122219 89
122234 106
122239 114
122277 53
122282 79
122310 100
122322 39
122341 21
122375 6
122391 61
122426 41
122453 14
122478 72
122518 73
122557 48
122589 44
122599 10
122616 6
122659 107
122682 76
122718 62
122735 120
122778 8
122818 84
122860 25
122897 18
122923 21
122958 48
122973 10
122989 5
122994 49
123000 19
123016 27
123043 59
123064 42
123103 84
123143 9
123159 101
123167 12
123180 73
123180 88
123190 33
123192 46
123202 121
123220 54
123230 89
123244 68
123254 77
123272 1
123296 94
123335 71
123348 43
123353 3
123394 103
123412 66
123420 21
123432 124
123453 90
123478 88
123488 25
123489 81
123493 118
123497 52
123523 25
123540 42
123573 57
123574 75
123618 57
123627 64
123670 28
123709 24
123735 96
123736 42
123744 116
123758 44
123767 112
123775 14
123817 7
123856 49
123861 115
123877 42
123911 36
123926 61
123946 92
123962 13
123962 20
123992 92
124017 114
124043 40
124051 44
124080 57
124100 83
124140 124
124164 68
124199 41
124226 88
124256 101
124279 28
124279 56
124315 62
124329 101
124356 108
124369 33
124380 27
124388 24
124388 24
124428 61
124437 22
124471 99
124505 99
124534 107
124553 18
124562 7
124595 40
124613 60
124632 99
124676 88
124680 111
124713 27
124749 77
124777 115
124784 25
124803 54
124846 100
124869 98
124903 25
124936 15
124949 124
124969 89
124978 84
124985 6
125017 19
125031 16
125035 24
125048 72
125093 40
125114 3
125150 104
125170 100
125182 112
125220 39
125262 25
125273 118
125298 60
125318 21
125356 106
125366 43
125367 105
125384 62
125422 71
125460 10
125491 108
125508 81
125515 57
125528 48
125562 55
125579 9
125623 122
125628 126
125645 52
125653 11
125666 110
125696 64
125720 45
125728 102
125732 113
125747 28
125769 33
125814 59
125851 106
125890 94
125909 54
125914 47
125923 113
125944 47
125971 67
126014 45
126052 5
126093 63
126131 37
126166 69
126179 51
126199 122
126241 59
126246 37
126279 113
126305 63
126306 83
126321 30
126345 54
126345 88
126383 23
126424 118
126466 84
126506 108
126537 40
126540 62
126552 125
126576 37
126591 17
126634 3
126657 29
126665 58
126692 97
126732 96
126765 30
126765 10
126808 21
126823 93
126829 10
126866 6
126889 42
126896 98
126930 100
126943 37
126986 17
127013 63
127015 90
127046 60
127066 79
127077 110
127092 56
127133 75
127151 55
127171 93
127207 28
127220 6
127246 118
127252 27
127283 42
127302 98
127330 81
127349 97
127386 36
127403 22
127421 38
127451 88
127473 82
127502 116
127539 89
127558 65
127603 18
127623 95
127659 101
127660 15
127690 41
127694 56
127737 95
127742 123
127758 73
127801 32
127823 27
127849 41
127892 34
127932 99
127952 99
127981 20
128023 51
128056 82
128060 99
128103 23
128147 91
128155 8
128174 35
128202 8
128208 87
128251 89
128252 48
128280 97
128295 100
128311 58
128348 76
128368 4
128391 72
128398 81
128433 58
128468 88
128505 81
128531 89
128575 84
128594 5
128606 105
128637 1
128653 93
128694 102
128737 111
128771 20
128778 112
128791 32
128818 87
128818 118
128823 108
128856 5
128856 68
128862 116
128880 7
128908 46
128926 53
128957 91
128966 42
128984 122
129028 119
129058 26
129070 63
129108 22
129143 4
129167 122
129173 28
129203 77
129231 12
129271 86
129276 99
129311 91
129352 63
129383 123
129409 74
129414 34
129438 41
129462 104
129475 105
129494 66
129511 58
129547 76
129551 119
129586 83
129625 86
129651 47
129684 91
129725 7
129745 121
129750 127
129759 84
129764 76
129787 75
129788 95
129796 19
129840 41
129870 28
129909 47
129954 47
129955 1
129959 105
129973 12
130006 5
130012 106
130049 19
130071 39
130096 115
130115 113
130147 9
130167 100
130206 58
130239 53
130246 74
130285 80
130297 74
130315 29
130353 26
130374 25
130384 55
130413 106
130442 35
130446 35
130471 40
130511 57
130529 35
130558 126
130593 68
130602 15
130603 68
130640 45
130664 60
130709 27
130716 29
130717 42
130735 103
130748 84
130765 67
130766 8
130808 65
130835 50
130851 31
130862 70
130863 123
130867 62
130873 33
130914 54
130947 80
130973 59
130993 58
131009 11
131014 102
131032 24
131052 117
131087 125
131091 99
131104 68
131127 27
131155 108
131161 45
131180 28
131194 50
131220 50
131235 25
131254 70
131282 127
131290 12
131305 66
131330 98
131372 109
131386 117
131396 39
131423 85
131454 9
131492 98
131511 29
131522 74
131543 40
131549 37
131589 9
131611 16
131626 72
131635 31
131657 119
131673 23
131716 28
131743 21
131786 69
131819 75
131862 88
131898 25
131917 78
131935 116
131935 16
131977 105
131997 101
132015 65
132049 119
132076 112
132089 110
132134 67
132141 76
132177 30
132214 1
132240 30
132267 5
132269 121
132304 63
132349 28
132368 91
132397 104
132441 85
132474 66
132494 50
132525 10
132561 42
132598 35
132605 16
132644 75
132656 106
132679 46
132705 15
132746 11
132776 109
132782 5
132804 41
132827 94
132847 101
132889 76
132931 101
132950 20
132991 66
132992 37
133025 6
133031 120
133043 19
133087 119
133118 44
133156 127
133173 47
133214 87
133226 64
133258 27
133292 60
133297 33
133327 58
133328 43
133351 75
133372 24
133413 58
133458 30
133461 19
133469 57
133471 74
133481 76
133513 119
133526 84
133526 41
133527 90
133548 114
133571 77
133601 126
133619 17
133663 29
133707 95
133743 93
133752 127
133782 42
133800 3
133835 31
133835 110
133868 99
133901 67
133932 8
133938 77
133983 108
134018 48
134044 74
134047 81
134067 95
134072 28
134103 102
134137 78
134140 64
134157 58
134159 116
134177 59
134199 8
134212 113
134250 25
134291 97
134311 66
134348 23
134351 69
134393 26
134431 97
134450 121
134487 33
134504 10
134511 46
134525 35
134568 27
134599 14
134632 118
134632 76
134667 87
134681 108
134684 1
134722 16
134749 101
134785 37
134799 3
134802 71
134817 107
134832 24
134856 44
134870 95
134893 46
134920 82
134938 59
134953 78
134979 91
135004 50
135018 56
135055 44
135085 90
135110 121
135114 89
135146 115
135173 73
135204 73
135224 54
135238 98
135251 44
135259 103
135266 35
135267 67
135307 29
135327 18
135338 68
135369 47
135382 31
135415 5
135452 93
135454 94
135457 24
135481 86
135481 111
135509 124
135515 74
135541 126
135550 113
135579 19
135599 68
135644 33
135661 86
135678 22
135699 11
135702 55
135729 70
135741 57
135777 88
135779 33
135791 48
135830 19
135833 99
135871 96
135881 60
135903 77
135942 112
135977 25
135985 55
135990 20
136029 105
136038 60
136080 35
136109 54
136125 68
136147 89
136161 54
136185 45
136201 11
136235 113
136267 122
136279 30
136309 40
136321 7
136321 1
136347 94
136351 22
136357 126
136398 79
136422 112
136461 29
136469 51
136489 110
136523 73
136564 114
136587 69
136597 6
136603 67
136612 42
136640 26
136676 68
136691 122
136713 11
136718 86
136720 15
136734 11
136753 104
136770 87
136772 50
136788 52
136798 93
136822 111
136834 62
136871 72
136902 65
136938 79
136964 93
136971 73
136991 36
137031 113
137046 123
137077 117
137098 25
137111 59
137134 85
137152 47
137185 74
137189 104
137227 125
137271 32
137272 66
137301 28
137327 43
137338 112
137362 20
137401 120
137440 80
137464 21
137496 4
137509 102
137535 55
137536 34
137570 86
137610 34
137655 47
137693 76
137706 112
137717 69
137745 67
137785 126
137792 58
137793 106
137803 40
137817 18
137848 6
137870 34
137871 72
137897 100
137906 95
137924 28
137939 107
137950 68
137952 55
137967 83
137974 77
137983 7
138003 46
138045 63
138073 18
138081 26
138081 89
138087 117
138111 121
138117 57
138140 124
138181 100
138211 48
138241 56
138256 122
138275 46
138293 97
138313 100
138324 19
138332 72
138357 23
138400 8
138428 101
138469 39
138510 108
138532 13
138548 52
138569 95
138586 61
138613 115
138619 40
138645 94
138653 27
138659 58
138681 27
138718 115
138746 120
138771 18
138805 59
138844 17
138854 2
138898 7
138940 112
138966 23
139002 15
139032 64
139060 114
139080 3
139099 68
139123 111
139168 10
139205 114
139212 65
139247 105
139249 39
139273 64
139275 68
139302 50
139316 44
139344 72
139371 46
139378 35
139390 47
139406 72
139426 80
139426 15
139450 24
139456 119
139462 2
139501 89
139528 79
139541 45
139577 75
139615 65
139626 1
139664 4
139683 35
139701 23
139745 104
139756 26
139780 29
139791 16
139815 18
139848 97
139876 100
139887 91
139889 115
139893 23
139938 28
139964 8
139984 122
140022 89
140064 1
140078 107
140103 59
140118 118
140147 110
140190 89
140202 62
140236 112
140249 7
140268 65
140283 106
140312 24
140353 115
140387 2
140430 110
140440 4
140480 26
140505 92
140535 37
140569 108
140612 32
140638 107
140669 6
140698 39
140721 9
140742 29
140767 112
140776 74
140804 78
140812 31
140853 5
140853 54
140878 66
140918 81
140953 70
140970 34
141008 111
141014 44
141057 111
141081 79
141108 88
141122 64
141137 52
141173 113
141195 49
141228 126
141257 5
141273 116
141317 15
141351 13
141388 33
141421 34
141453 93
141472 65
141515 46
141538 31
141573 108
141599 99
141642 45
141685 37
141707 68
141733 21
141766 94
141797 1
141802 1
141843 71
141850 29
141886 56
141922 58
141942 64
141972 72
141979 105
142014 120
142026 111
142042 43
142079 49
142112 6
142122 75
142126 47
142133 10
142155 88
142197 64
142198 38
142209 121
142232 12
142251 83
142268 28
142284 74
142304 99
142333 8
142370 53
142378 100
142410 33
142410 14
142447 23
142457 53
142501 103
142543 111
142573 49
142584 100
142603 1
142642 22
142676 4
142714 125
142744 81
142785 98
142826 32
142834 94
142861 100
142866 31
142883 95
142911 8
142932 73
142940 22
142941 26
142953 56
142978 125
143003 23
143036 127
143037 47
143044 16
143057 62
143101 1
143133 43
143175 75
143209 59
143227 79
143268 9
143300 43
143333 17
143346 107
143379 100
143407 9
143433 109
143461 91
143478 77
143495 119
143519 26
143562 71
143583 73
143614 19
143653 26
143671 109
143696 29
143723 82
143761 42
143791 89
143797 30
143832 92
143851 13
143852 53
143864 25
143885 38
143908 44
143947 32
143974 119
144012 12
144049 47
144091 79
144093 118
144103 39
144113 95
144129 74
144171 17
144195 118
144239 52
144266 120
144297 42
144333 83
144346 54
144386 73
144393 50
144437 120
144438 11
144464 108
144509 55
144546 80
144555 96
144582 9
144621 80
144662 25
144674 104
144711 35
144733 93
144778 93
144807 3
144852 68
144892 42
144902 54
144909 37
144939 102
144963 112
144977 6
144979 21
144999 104
145028 67
145038 87
145058 42
145097 92
145098 12
145106 126
145108 20
145108 77
145136 16
145152 43
145192 15
145228 85
145255 85
145281 70
145317 92
145330 55
145369 77
145375 50
145378 90
145408 123
145426 86
145438 47
145472 25
145502 36
145518 74
145536 21
145544 77
145549 88
145592 100
145621 20
145656 1
145660 33
145685 57
145694 56
145720 55
145726 86
145743 20
145745 50
145789 7
145826 110
145857 25
145901 116
145942 2
145968 28
145977 86
145995 6
146035 51
146037 68
146068 108
146101 16
146103 88
146139 113
146174 122
146174 117
146219 33
146252 33
146267 27
146301 67
146330 115
146360 43
146369 47
146374 113
146399 45
146399 70
146402 42
146419 59
146432 20
146449 86
146457 56
146497 118
146537 80
146577 84
146599 26
146642 3
146676 19
146679 95
146701 68
146721 93
146723 9
146726 49
146763 53
146772 126
146800 88
146838 81
146866 114
146876 49
146878 66
146907 73
146933 120
146938 3
146957 74
146997 64
147033 89
147059 90
147067 37
147087 32
147096 31
147133 79
147169 46
147187 79
147200 51
147236 69
147237 82
147274 63
147305 33
147333 109
147363 46
147363 16
147363 59
147366 4
147378 72
147415 69
147457 87
147475 78
147478 126
147499 27
147502 29
147505 68
147547 52
147550 109
147578 94
147597 14
147601 51
147618 12
147628 25
147653 41
147689 72
147734 2
147752 85
147758 26
147765 75
147802 78
147833 53
147861 92
147861 59
147884 122
147897 20
147909 98
147911 30
147923 40
147946 18
147988 34
148016 16
148023 121
148039 60
148056 94
148057 33
148070 117
148095 56
148130 41
148130 92
148145 4
148187 62
148213 7
148232 115
148274 55
148296 81
148337 95
148371 84
148378 63
148405 87
148419 51
148436 87
148460 46
148505 88
148514 111
148545 29
148585 3
148604 1
148621 41
148653 80
148691 60
148712 85
148742 19
148753 19
148794 63
148796 56
148835 70
148839 30
148878 85
148913 73
148936 35
148965 3
148979 102
148999 5
149014 36
149051 7
149063 48
149063 61
149092 32
149116 24
149124 67
149131 80
149143 40
149166 15
149201 31
149208 67
149214 89
149225 26
149236 3
149254 65
149288 93
149297 54
149317 61
149353 122
149360 55
149375 16
149419 41
149430 67
149431 110
149441 9
149451 68
149471 89
149493 6
149499 88
149538 57
149555 1
149581 87
149614 75
149638 6
149675 113
149681 121
149721 113
149746 5
149778 125
149823 49
149837 114
149840 20
149874 61
149915 112
149948 101
149979 95
149992 35
150022 79
150038 87
150083 9
150115 79
150155 5
150189 114
150194 89
150228 50
150261 50
150293 14
150326 103
150371 110
150400 107
150441 44
150485 112
150509 98
150511 63
150550 85
150555 89
150598 102
150638 42
150683 36
150705 64
150708 44
150736 36
150759 87
150803 12
150814 53
150841 2
150875 10
150880 39
150902 53
150909 101
150947 53
150959 37
150963 21
150993 111
151026 13
151046 64
151066 61
151096 61
151108 19
151147 51
151189 30
151213 96
151252 8
151264 111
151284 4
151321 105
151331 26
151332 75
151337 49
151343 91
151383 62
151406 68
151423 39
151447 64
151451 57
151460 24
151476 68
151513 86
151518 113
151546 64
151556 81
151588 109
151630 126
151675 109
151678 38
151691 126
151714 32
151737 64
151750 116
151759 8
151779 28
151783 56
151798 33
151818 50
151849 76
151851 5
151889 30
151908 66
151935 77
151966 72
151975 75
152010 62
152026 104
152032 32
152072 37
152101 112
152135 124
152173 53
152177 113
152203 48
152235 40
152235 100
152245 106
152279 113
152279 84
152308 27
152311 94
152341 10
152361 12
152373 68
152377 47
152383 25
152416 70
152454 17
152459 105
152503 4
152546 89
152579 107
152587 106
152630 102
152637 23
152648 12
152653 1
152691 109
152729 118
152742 29
152768 49
152804 98
152834 52
152862 80
152890 2
152914 48
152952 58
152978 35
152982 64
153016 40
153035 7
153038 29
153071 89
153105 4
153144 112
153151 61
153157 3
153196 86
153210 105
153245 49
153275 52
153294 63
153294 33
153324 98
153335 109
153335 116
153377 49
153413 22
153426 23
153446 1
153467 14
153485 93
153504 56
153546 24
153590 89
153619 3
153628 48
153640 108
153646 44
153681 103
153724 108
153745 22
153779 81
153783 26
153809 90
153833 30
153868 63
153898 19
153925 17
153945 104
153985 13
154025 122
154044 5
154046 11
154081 84
154092 54
154104 123
154135 112
154174 117
154186 102
154198 83
154199 81
154242 39
154274 64
154298 78
154317 127
154360 13
154403 36
154419 74
154458 64
154478 79
154496 32
154524 69
154537 76
154538 39
154574 35
154593 124
154628 23
154655 115
154669 96
154677 47
154707 35
154731 76
154752 11
154790 86
154791 83
154794 5
154809 63
154818 21
154841 29
154864 74
154875 29
154904 30
154938 70
154943 98
154981 16
155025 66
155051 34
155051 87
155069 12
155106 23
155111 108
155156 24
155174 15
155182 94
155202 58
155229 113
155243 116
155243 62
155256 102
155265 10
155298 69
155313 46
155337 66
155367 11
155406 50
155421 20
155448 26
155469 64
155474 107
155481 20
155507 49
155547 34
155556 28
155601 110
155609 121
155641 7
155683 103
155718 15
155756 119
155786 7
155817 41
155826 17
155833 126
155843 29
155888 19
155932 107
155948 12
155985 86
156016 115
156060 110
156099 117
156109 117
156119 34
156163 78
156183 76
156194 65
156194 63
156205 52
156207 44
156252 61
156283 84
156294 50
156311 11
156345 34
156386 75
156417 124
156458 121
156466 44
156509 116
156509 48
156543 116
156555 43
156558 65
156569 79
156569 57
156608 78
156610 7
156644 68
156658 22
156676 103
156706 8
156720 8
156720 87
156723 79
156761 115
156802 89
156837 115
156845 37
156888 8
156889 83
156926 101
156932 91
156932 49
156974 119
157019 10
157042 85
157060 44
157061 65
157085 106
157107 69
157131 35
157149 49
157158 36
157164 64
157189 107
157210 59
157219 51
157240 118
157262 68
157281 38
157281 6
157316 97
157350 33
157379 89
157386 10
157396 85
157403 10
157412 83
157416 100
157444 25
157482 80
157512 49
157514 65
157537 122
157554 7
157593 53
157601 89
157623 15
157638 15
157656 35
157660 112
157675 12
157715 20
157739 15
157746 50
157775 108
157819 19
157827 24
157828 58
157830 27
157855 94
157855 106
157860 102
157872 30
157885 95
157893 18
157913 45
157919 82
157923 90
157966 32
157982 56
158018 40
158035 39
158050 58
158071 81
158114 107
158133 115
158149 83
158168 7
158176 23
158209 37
158218 73
158234 48
158276 45
158291 79
158319 35
158326 27
158358 63
158366 37
158381 121
158413 71
158457 76
158497 113
158509 67
158510 97
158512 3
158526 97
158553 92
158553 52
158573 103
158581 57
158615 94
158646 20
158684 27
158702 71
158716 64
158720 65
158738 27
158755 1
158785 8
158818 122
158845 117
158849 63
158891 14
158919 64
158934 83
158940 114
158967 36
158977 44
159003 25
159031 38
159046 1
159077 1
159084 124
159118 78
159126 71
159171 32
159175 21
159213 61
159236 86
159250 37
159289 13
159296 80
159305 91
159321 77
159346 95
159353 27
159363 117
159378 49
159401 80
159423 117
159433 108
159478 57
159504 30
159523 120
159541 17
159548 31
159593 21
159613 68
159643 22
159665 56
159699 38
159702 13
159746 79
159789 41
159824 38
159833 118
159851 60
159872 9
159886 5
159905 79
159926 71
159928 78
159972 84
159988 28
160032 6
160054 11
160068 38
160102 11
160130 100
160157 78
160200 33
160236 102
160248 62
160278 101
160316 68
160351 78
160361 87
160389 66
160404 26
160440 35
160450 45
160460 22
160468 101
160497 66
160508 18
160537 58
160541 54
160563 53
160585 89
160620 90
160665 117
160677 78
160694 114
160731 13
160740 74
160758 21
160768 77
160782 41
160825 75
160857 116
160878 41
160886 63
160886 64
160911 101
160912 38
160932 65
160962 42
160995 91
161036 92
161049 107
161085 49
161106 11
161148 69
161167 76
161189 48
161214 90
161253 50
161273 37
161301 112
161320 7
161323 80
161344 50
161380 90
161406 122
161450 5
161454 94
161477 118
161509 9
161529 60
161529 36
161546 86
161548 26
161557 120
161599 20
161622 106
161662 88
161696 47
161698 14
161716 46
161734 114
161756 112
161790 58
161797 44
161834 78
161846 100
161882 32
161893 52
161893 44
161904 63
161906 118
161923 91
161937 66
161980 10
161985 47
162011 23
162043 66
162060 69
162078 89
162099 32
162136 86
162138 66
162169 106
162202 28
162204 112
162243 22
162267 84
162296 76
162313 28
162316 62
162343 87
162350 80
162352 82
162359 40
162371 57
162405 38
162412 83
162442 122
162472 60
162485 114
162490 28
162532 43
162533 64
162559 10
162586 28
162600 111
162619 3
162635 85
162654 117
162684 124
162694 44
162732 59
162745 82
162752 54
162786 47
162822 22
162861 48
162889 17
162903 97
162930 84
162960 27
162991 11
162999 67
163003 56
163012 67
163039 13
163072 17
163074 126
163114 3
163149 31
163170 38
163192 79
163213 21
163257 59
163299 33
163302 11
163326 30
163356 11
163366 30
163386 65
163397 103
163441 44
163464 119
163505 59
163542 96
163580 59
163583 61
163604 118
163640 18
163644 28
163644 127
163668 13
163711 50
163719 107
163756 11
163794 24
163828 65
163835 124
163852 91
163858 25
163876 68
163899 48
163937 17
163967 110
164001 116
164021 15
164040 43
164055 68
164080 69
164099 47
164108 57
164131 62
164144 31
164171 123
164212 109
164238 7
164256 120
164286 67
164306 90
164338 63
164368 103
164381 102
164381 77
164386 62
164398 73
164424 1
164461 36
164478 101
164479 58
164494 120
164507 62
164541 126
164541 49
164552 3
164554 55
164597 102
164640 85
164682 98
164713 93
164758 118
164803 4
164837 49
164859 102
164895 59
164909 95
164922 120
164966 34
164977 81
165014 50
165048 125
165053 41
165077 10
165116 77
165137 113
165153 54
165157 92
165193 127
165214 109
165221 85
165233 15
165246 33
165252 111
165288 80
165289 105
165304 111
165321 44
165356 39
165400 41
165423 43
165432 101
165466 27
165475 76
165518 53
165563 23
165595 63
165614 95
165656 17
165674 108
165695 67
165730 6
165772 65
165776 43
165807 117
165815 66
165827 73
165845 47
165852 102
165883 87
165892 105
165899 108
165914 71
165938 75
165948 21
165971 30
165976 29
166014 103
166058 90
166081 24
166095 60
166140 113
166176 3
166191 11
166233 77
166237 22
166238 79
166277 99
166285 117
166330 93
166352 33
166390 47
166424 69
166468 123
166488 19
166497 52
166528 2
166546 17
166568 15
166586 43
166625 81
166630 48
166673 105
166698 45
166723 50
166744 90
166784 14
166787 66
166818 3
166832 37
166840 10
166850 64
166860 78
166867 97
166872 119
166896 83
166908 21
166935 115
166951 79
166974 7
167013 100
167016 50
167019 95
167034 123
167057 26
167097 43
167137 88
167173 20
167192 4
167199 87
167239 119
167239 8
167271 47
167307 28
167320 7
167365 92
167398 95
167413 61
167431 38
167446 29
167462 96
167486 75
167503 58
167520 104
167528 44
167555 121
167589 29
167597 23
167608 6
167629 74
167660 67
167703 99
167710 42
167710 95
167724 37
167738 43
167770 118
167794 43
167834 94
167879 54
167895 82
167937 49
167956 111
167976 7
168017 88
168039 14
168058 119
168075 117
168090 78
168098 2
168101 125
168144 19
168151 76
168181 106
168199 8
168210 69
168215 90
168232 34
168233 98
168250 112
168264 119
168290 22
168297 104
168339 40
168382 80
168423 25
168429 80
168459 34
168492 124
168505 101
168523 106
168536 99
168545 101
168584 119
168601 82
168626 55
168657 94
168694 124
168733 81
168763 78
168800 92
168825 112
168833 50
168865 21
168894 85
168925 61
168967 70
169002 33
169017 17
169055 11
169055 12
169079 120
169085 16
169088 104
169120 14
169159 77
169167 90
169177 59
169184 18
169199 29
169244 20
169245 67
169279 103
169308 88
169311 20
169332 78
169369 92
169379 95
169404 126
169425 108
169466 91
169489 112
169517 52
169538 101
169566 70
169597 100
169638 47
169674 71
169697 61
169732 60
169737 93
169762 89
169786 10
169793 42
169836 38
169837 21
169858 79
169884 18
169899 84
169935 88
169957 43
169963 102
170003 127
170006 52
170012 76
170042 30
170044 108
170072 27
170116 9
170157 61
170173 123
170200 18
170235 73
170236 53
170280 7
170320 125
170335 113
170372 5
170404 119
170407 97
170437 113
170463 56
170493 61
170521 15
170545 113
170553 6
170583 102
170593 98
170634 116
170666 80
170703 125
170729 10
170765 86
170801 72
170837 18
170851 99
170865 68
170892 101
170911 45
170921 115
170963 28
170978 96
171015 75
171018 111
171038 30
171053 104
171089 43
171130 117
171138 75
171176 95
171208 100
171233 122
171239 115
171264 15
171272 50
171306 20
171325 73
171335 49
171379 33
171395 5
171404 125
171416 8
171428 94
171446 61
171451 51
171475 86
171501 26
171536 74
171559 28
171571 50
171580 1
171617 72
171661 81
171668 115
171698 104
171713 19
171751 82
171763 32
171808 37
171845 57
171887 73
171900 40
171934 14
171953 35
171993 48
172012 8
172044 88
172054 42
172068 27
172097 101
172117 83
172129 111
172134 87
172153 63
172160 97
172189 111
172227 63
172233 40
172239 96
172269 100
172308 97
172352 7
172397 81
172408 61
172433 5
172476 45
172490 81
172496 11
172499 78
172503 75
172548 64
172589 77
172591 29
172614 65
172641 5
172661 35
172692 28
172711 33
172734 30
172735 1
172745 67
172770 44
172796 41
172826 72
172870 41
172898 125
172909 83
172937 84
172937 16
172958 77
172992 127
173036 52
173067 90
173095 4
173126 69
173136 65
173161 103
173163 70
173177 15
173191 36
173227 110
173241 106
173248 33
173285 6
173327 60
173359 116
173362 67
173403 63
173428 41
173447 116
173459 20
173485 31
173526 81
173566 77
173577 100
173617 43
173624 5
173655 48
173655 29
173673 80
173705 13
173743 120
173749 33
173751 1
173788 38
173824 95
173838 100
173875 17
173902 20
173928 96
173950 47
173969 7
174014 24
174037 85
174039 116
174051 80
174080 22
174096 60
174097 47
174117 41
174157 103
174189 76
174197 115
174234 19
174239 10
174271 102
174275 101
174320 53
174324 99
174351 66
174370 96
174382 125
174385 125
174393 109
174393 29
174403 98
174411 27
174422 40
174445 44
174448 38
174493 75
174538 52
174567 30
174584 82
174586 54
174619 77
174649 4
174676 78
174694 64
174703 63
174717 99
174723 107
174735 95
174770 110
174797 56
174806 51
174817 64
174853 19
174892 29
174934 44
174957 45
174996 53
175009 107
175019 12
175058 65
175090 76
175091 86
175102 127
175140 8
175162 96
175202 57
175230 67
175241 11
175244 93
175262 61
175274 61
175285 80
175320 69
175322 54
175351 75
175392 18
175405 100
175427 1
175451 37
175469 95
175473 55
175483 61
175488 67
175529 62
175541 89
175577 4
175613 40
175626 69
175626 19
175649 102
175652 4
175695 111
175719 96
175724 79
175749 111
175764 1
175772 84
175777 48
175804 120
175823 83
175838 106
175874 102
175899 72
175935 10
175959 6
175986 75
176012 78
176034 72
176046 92
176048 88
176078 6
176088 52
176110 81
176120 81
176141 3
176168 67
176184 88
176219 19
176259 32
176297 30
176337 84
176375 127
176391 113
176423 19
176446 105
176475 123
176507 58
176508 42
176544 42
176570 34
176577 28
176608 30
176616 75
176657 55
176679 60
176685 54
176714 92
176738 94
176761 14
176784 83
176801 85
176827 124
176862 58
176883 3
176887 80
176888 78
176890 9
176931 63
176976 75
176984 64
176984 49
177004 20
177040 82
177058 99
177067 58
177109 46
177111 110
177133 112
177151 19
177194 7
177220 47
177252 80
177285 94
177288 73
177317 9
177331 56
177356 105
177359 71
177389 93
177419 111
177436 117
177441 84
177481 89
177497 82
177531 38
177568 19
177570 52
177612 69
177619 93
177632 107
177651 35
177684 122
177691 11
177719 71
177730 64
177750 113
177767 101
177777 24
177808 31
177816 32
177844 93
177848 28
177885 95
177917 28
177946 34
177974 122
178013 59
178029 58
178052 70
178078 118
178122 16
178135 58
178143 35
178144 98
178155 119
178171 100
178197 107
178230 5
178235 18
178249 110
178262 7
178306 32
178308 9
178313 41
178355 56
178372 80
178415 21
178442 61
178473 62
178496 109
178513 8
178553 1
178556 101
178567 2
178597 78
178641 69
178677 49
178712 12
178757 50
178791 102
178813 120
178834 67
178878 126
178894 125
178908 100
178933 44
178938 100
178950 118
178955 55
178970 41
179008 82
179050 123
179069 90
179089 58
179125 7
179125 2
179167 45
179173 121
179195 127
179226 55
179254 36
179284 114
179285 14
179324 116
179346 107
179351 86
179354 34
179391 103
179402 16
179430 125
179455 94
179492 29
179522 17
179525 100
179548 33
179550 82
179579 70
179611 19
179617 118
179645 11
179681 32
179694 67
179720 108
179731 114
179740 45
179756 2
179799 116
179830 40
179830 1
179834 77
179868 74
179877 59
179900 96
179910 6
179919 12
179936 64
179964 110
179976 84
180001 108
180029 46
180054 25
180080 71
180122 17
180165 124
180169 23
180194 121
180230 94
180275 50
180284 24
180305 107
180317 42
180346 11
180378 29
180393 90
180405 123
180426 5
180464 84
180492 32
180521 57
180560 25
180566 108
180581 115
180614 110
180618 58
180634 70
180661 108
180681 78
180722 14
180762 2
180783 106
180818 58
180838 63
180865 127
180883 81
180916 123
180953 88
180990 76
180992 5
181013 74
181021 126
181057 56
181068 26
181071 101
181091 69
181114 77
181133 125
181157 23
181198 91
181213 106
181252 124
181263 32
181281 29
181322 126
181348 117
181369 90
181413 65
181415 6
181455 106
181493 74
181499 98
181541 71
181546 10
181570 122
181575 20
181592 62
181597 95
181601 42
181625 55
181658 31
181663 80
181682 112
181706 52
181735 117
181779 50
181802 74
181845 102
181848 107
181864 12
181891 75
181905 28
181910 46
181933 56
181943 45
181960 91
181982 54
182026 12
182071 6
182115 21
182147 95
182183 2
182212 126
182213 1
182229 72
182263 16
182280 88
182312 75
182350 32
182391 123
182423 52
182455 66
182488 95
182530 50
182561 85
182561 118
182561 43
182572 61
182585 126
182610 71
182655 26
182697 126
182715 17
182745 125
182745 45
182783 111
182795 114
182804 39
182813 50
182843 75
182850 68
182882 89
182920 124
182961 125
182966 43
183011 16
183028 72
183055 108
183065 84
183067 20
183092 82
183135 76
183137 70
183153 70
183167 124
183209 114
183230 79
183235 35
183253 24
183280 55
183295 6
183298 47
183335 86
183380 35
183404 61
183404 106
183429 118
183437 84
183473 73
183487 23
183490 54
183517 49
183559 91
183585 32
183628 36
183640 46
183674 83
183676 103
183717 61
183749 113
183753 5
183781 112
183813 72
183845 28
183881 35
183918 46
183929 123
183929 80
183971 47
184002 1
184042 11
184074 112
184098 36
184124 11
184145 101
184173 21
184205 101
184214 26
184235 7
184277 125
184322 75
184325 4
184354 123
184383 25
184385 62
184387 118
184429 110
184429 7
184431 86
184466 32
184501 17
184530 45
184532 55
184564 18
184578 74
184593 20
184620 66
184624 112
184662 27
184663 36
184698 99
184709 59
184723 62
184768 116
184781 118
184799 13
184819 7
184825 65
184857 83
184881 19
184895 93
184908 56
184910 116
184921 97
184936 15
184957 69
184997 75
185029 27
185043 25
185055 83
185061 102
185074 16
185097 45
185107 34
185139 79
185158 64
185166 1
185207 101
185239 93
185267 4
185307 33
185314 81
185333 41
185371 18
185408 4
185422 108
185458 15
185460 8
185466 12
185506 106
185539 19
185543 115
185551 106
185595 53
185605 40
185612 94
185614 49
185656 3
185664 93
185665 110
185691 49
185714 92
185735 77
185763 52
185774 54
185776 17
185781 27
185815 42
185828 95
185846 105
185852 7
185877 6
185897 63
185904 87
185905 92
185936 106
185954 7
185971 47
185971 1
186016 32
186053 19
186062 71
186072 61
186115 86
186140 15
186156 28
186165 63
186187 70
186205 72
186227 10
186241 31
186286 66
186294 9
186303 16
186334 52
186365 36
186401 124
186403 69
186443 120
186464 70
186508 73
186511 91
186519 50
186537 107
186545 106
186559 99
186574 121
186595 101
186604 41
186608 100
186610 96
186614 99
186621 109
186623 115
186630 107
186642 25
186681 49
186710 53
186716 46
186726 113
186765 41
186795 55
186835 42
186837 52
186876 47
186919 30
186950 10
186981 57
187004 97
187017 100
187041 33
187067 28
187104 89
187133 108
187171 73
187189 60
187220 86
187256 69
187282 1
187298 125
187327 25
187366 64
187408 11
187442 61
187452 37
187495 16
187498 79
187504 70
187518 40
187530 73
187542 3
187582 91
187585 19
187596 94
187615 54
187658 115
187674 96
187696 52
187696 60
187707 69
187710 43
187736 54
187772 34
187779 30
187803 32
187817 117
187840 61
187855 92
187891 34
187895 16
187930 109
187948 37
187948 44
187982 13
187987 98
188018 120
188029 34
188068 44
188069 3
188100 83
188129 65
188139 100
188158 106
188191 9
188193 111
188202 127
188222 73
188237 89
188246 62
188272 42
188289 31
188317 66
188318 111
188350 88
188388 80
188403 28
188435 119
188472 39
188508 29
188512 38
188512 120
188529 19
188569 29
188587 77
188605 22
188628 3
188648 51
188690 11
188728 58
188759 127
188768 116
188792 49
188816 75
188845 94
188861 107
188865 114
188877 103
188904 62
188908 118
188927 100
188938 19
188978 9
188980 47
188992 29
189037 122
189062 41
189091 62
189136 119
189173 40
189176 31
189216 19
189252 77
189260 63
189288 88
189320 114
189360 7
189373 75
189397 73
189407 126
189435 110
189460 121
189499 46
189507 98
189507 98
189540 34
189540 87
189574 82
189590 43
189624 114
189640 106
189640 18
189672 98
189691 8
189708 85
189712 98
189754 114
189762 32
189787 114
189795 40
189800 30
189840 67
189867 64
189909 15
189921 101
189937 31
189953 100
189981 97
190025 41
190036 122
190060 37
190080 77
190083 30
190114 18
190156 32
190160 109
190166 126
190187 13
190195 97
190223 77
190230 39
190247 22
190274 10
190300 53
190312 10
190320 109
190362 64
190366 4
190395 35
190434 27
190445 79
190464 85
190490 74
190515 81
190516 3
190558 67
190579 79
190592 55
190637 102
190681 91
190691 95
190695 33
190736 67
190766 119
190782 120
190789 59
190794 72
190811 56
190824 14
190834 67
190876 39
190899 3
190912 85
190921 109
190924 105
190965 50
190997 39
191012 115
191030 34
191057 119
191072 56
191113 2
191136 78
191181 59
191200 111
191216 24
191220 9
191234 68
191239 58
191281 59
191291 18
191298 71
191320 66
191362 3
191378 41
191379 126
191383 6
191415 1
191416 90
191441 56
191448 58
191468 38
191505 52
191540 17
191545 10
191550 100
191560 24
191572 21
191597 126
191623 6
191642 71
191684 28
191687 10
191727 42
191757 100
191796 40
191799 125
191827 101
191844 119
191887 18
191914 39
191929 4
191967 1
191984 97
192021 100
192030 42
192074 16
192114 120
192137 111
192176 55
192206 44
192224 86
192247 79
192269 115
192300 114
192309 49
192312 116
192350 70
192389 112
192432 92
192440 37
192458 100
192474 25
192495 11
192509 109
192520 96
192544 26
192550 112
192556 90
192585 71
192591 69
192622 39
192658 62
192663 82
192666 64
192672 78
192689 14
192727 116
192756 126
192783 24
192797 14
192832 96
192875 115
192883 13
192915 21
192938 122
192943 126
192945 88
192947 47
192990 83
193005 63
193012 72
193028 112
193072 127
193078 71
193099 118
193136 124
193173 125
193210 92
193237 56
193248 4
193289 68
193314 83
193352 30
193362 114
193363 63
193377 97
193393 80
193410 37
193445 117
193483 102
193522 77
193523 91
193533 108
193550 20
193573 97
193589 117
193592 9
193612 25
193640 12
193678 32
193712 9
193755 20
193782 89
193795 19
193813 67
193830 71
193875 98
193882 92
193886 32
193906 86
193912 122
193939 46
193977 45
194014 30
194035 15
194043 97
194081 21
194095 122
194122 11
194136 126
194165 38
194173 80
194176 100
194176 89
194217 77
194246 83
194279 28
194317 45
194348 108
194376 24
194410 66
194449 123
194461 12
194471 20
194499 41
194543 69
194582 46
194622 67
194631 20
194639 80
194679 33
194699 10
194701 105
194708 102
194712 87
194734 103
194741 97
194756 86
194763 80
194787 45
194813 33
194821 72
194864 51
194879 15
194911 110
194926 38
194963 37
194987 65
195008 125
195035 62
195059 10
195079 55
195122 42
195148 43
195184 4
195204 46
195247 28
195275 97
195283 55
195285 16
195325 103
195328 16
195333 1
195357 97
195383 126
195419 12
195460 106
195476 89
195500 57
195536 44
195578 44
195607 76
195636 106
195670 49
195683 48
195711 100
195736 5
195744 89
195748 74
195780 118
195811 5
195837 30
195876 56
195876 47
195888 100
195932 120
195965 23
195989 125
196015 104
196028 99
196066 7
196074 86
196089 108
196122 120
196163 21
196188 52
196216 67
196222 13
196242 119
196246 48
196285 126
196309 114
196339 118
196374 55
196398 35
196399 10
196443 89
196467 39
196503 40
196538 45
196541 17
196545 75
196581 99
196583 103
196625 87
196637 103
196640 36
196652 80
196656 21
196701 119
196717 127
196727 15
196765 52
196796 106
196838 118
196848 70
196862 52
196865 42
196898 97
196927 83
196963 110
196990 112
197009 10
197010 72
197052 22
197053 124
197079 36
197094 96
197121 115
197161 110
197205 121
197223 45
197238 62
197263 61
197284 14
197309 46
197349 88
197375 10
197382 20
197385 73
197390 14
197405 77
197437 8
197475 17
197517 119
197554 58
197594 74
197621 69
197622 75
197651 38
197667 114
197685 32
197686 57
197710 121
197731 45
197733 69
197759 23
197761 109
197801 21
197812 8
197828 86
197857 58
197861 54
197866 123
197873 107
197880 29
197922 121
197964 107
197964 50
198003 72
198004 115
198033 59
198059 13
198064 40
198075 77
198077 24
198100 27
198111 19
198144 99
198146 36
198174 1
198188 66
198208 25
198249 104
198285 28
198319 65
198350 51
198388 37
198413 113
198447 26
198456 7
198472 64
198506 93
198507 33
198527 75
198538 16
198577 76
198594 111
198622 69
198646 83
198680 91
198708 113
198728 71
198743 16
198753 28
198767 111
198775 40
198794 86
198810 114
198852 84
198877 126
198886 127
198894 107
198908 115
198942 94
198969 124
198977 83
198995 103
199029 127
199070 12
199094 30
199128 60
199138 61
199159 68
199204 20
199213 102
199234 107
199234 81
199274 40
199310 27
199352 1
199385 25
199398 98
199412 53
199445 68
199475 82
199476 123
199508 31
199511 116
199552 59
199553 99
199579 14
199599 28
199609 85
199647 110
199689 126
199695 25
199699 62
199725 113
199755 13
199800 47
199844 32
199854 44
199875 9
199895 99
199918 113
199945 113
199965 65
199977 29
200010 5
200031 54
200070 92
200114 41
200156 104
200170 102
200204 18
200216 114
200240 26
200246 47
200288 120
200322 3
200335 110
200346 121
200354 21
200386 16
200414 4
200454 69
200484 127
200527 120
200559 18
200587 8
200593 58
200607 122
200639 5
200681 97
200681 105
200718 31
200758 79
200802 36
200809 107
200823 70
200844 81
200863 116
200896 82
200933 38
200949 34
200991 123
201030 72
201052 67
201090 34
201117 45
201127 116
201141 9
201163 3
201168 53
201179 80
201200 57
201208 41
201235 59
201237 21
201277 73
201303 1
201338 22
201356 71
201390 122
201424 40
201446 108
201478 71
201489 100
201532 47
201570 100
201583 90
201603 86
201617 9
201642 36
201658 3
201697 39
201739 66
201777 89
201784 81
201800 27
201828 23
201846 14
201880 88
201925 34
201937 125
201979 83
201999 79
202001 82
202038 93
202050 33
202092 47
202117 30
202162 8
202184 1
202209 77
202210 32
202242 125
202247 117
202292 109
202302 8
202303 89
202328 118
202336 88
202366 39
202403 3
202432 119
202473 7
202493 46
202532 68
202574 59
202584 34
202600 72
202638 38
202664 124
202706 59
202747 15
202767 110
202808 13
202840 118
202858 64
202872 66
202883 46
202904 82
202939 35
202955 65
202983 27
202998 6
203025 65
203070 72
203072 93
203100 9
203111 13
203155 118
203178 68
203191 61
203226 68
203241 38
203263 51
203298 66
203322 101
203347 91
203374 119
203377 51
203418 76
203456 16
203492 16
203534 117
203567 112
203576 32
203584 63
203623 20
203658 117
203697 117
203716 78
203740 107
203783 126
203811 1
203853 48
203876 62
203908 55
203932 24
203963 30
203987 95
203995 60
204038 101
204080 81
204109 34
204141 81
204176 48
204187 98
204223 88
204256 32
204289 112
204303 102
204335 94
204339 61
204379 100
204382 58
204404 95
204424 105
204435 15
204449 77
204475 54
204483 42
204508 19
204525 29
204533 15
204569 101
204588 114
204624 121
204640 65
204650 94
204661 85
204684 62
204727 56
204741 92
204773 28
204806 43
204848 90
204850 57
204876 2
204918 53
204963 77
204970 67
204994 106
205008 121
205037 80
205049 110
205081 54
205089 24
205108 49
205144 106
205179 30
205179 97
205181 41
205183 66
205188 32
205198 52
205206 88
205209 118
205243 40
205278 31
205316 34
205359 69
205397 54
205418 48
205460 84
205482 1
205505 98
205521 10
205546 81
205561 28
205597 70
205617 3
205660 98
205680 64
205690 122
205699 63
205743 92
205757 126
205767 111
205770 117
205774 25
205798 44
205815 38
205833 2
205842 42
205858 12
205865 31
205874 17
205913 9
205957 45
205965 47
205973 58
205993 98
206016 18
206034 27
206078 12
206086 40
206110 3
206148 98
206170 48
206197 31
206203 26
206220 37
206238 23
206275 109
206319 127
206321 15
206365 72
206406 125
206436 87
206448 95
206467 100
206468 59
206495 45
206514 11
206535 8
206551 49
206579 38
206582 83
206586 122
206623 117
206625 85
206659 57
206684 106
206705 20
206743 68
206748 46
206755 72
206785 61
206826 90
206850 65
206882 30
206902 34
206912 17
206914 22
206933 4
206952 121
206988 83
207003 16
207017 64
207028 51
207039 84
207066 40
207085 123
207092 79
207124 22
207143 83
207185 77
207197 101
207228 55
207241 10
207255 101
207285 71
207297 16
207332 59
207353 50
207359 116
207380 26
207419 87
207447 30
207464 77
207506 82
207510 65
207528 65
207567 70
207596 28
207617 122
207635 47
207645 38
207689 107
207697 76
207718 112
207724 113
207726 78
207755 60
207771 109
207816 2
207833 40
207836 76
207848 85
207848 104
207872 86
207873 48
207907 69
207916 59
207922 15
207963 88
208000 9
208012 67
208028 55
208029 11
208035 109
208056 53
208062 32
208083 49
208108 81
208135 16
208178 30
208207 117
208250 120
208267 3
208284 66
208300 96
208324 38
208361 1
208368 33
208401 79
208408 26
208410 57
208415 65
208447 29
208465 50
208498 3
208526 74
208555 59
208570 112
208594 113
208637 59
208637 64
208671 108
208716 53
208736 69
208767 2
208791 51
208832 43
208862 33
208902 80
208910 14
208941 90
208963 81
208967 122
208976 85
208984 59
209000 1
209029 106
209065 104
209089 113
209110 75
209110 95
209146 69
209172 109
209173 41
209175 89
209219 47
209258 36
209278 116
209302 52
209337 19
209365 46
209407 28
209408 120
209450 76
209465 73
209493 100
209496 125
209531 62
209563 16
209567 13
209599 30
209606 97
209628 125
209664 5
209694 68
209711 117
209722 108
209763 8
209799 114
209803 49
209831 112
209854 114
209896 33
209902 35
209944 58
209989 63
210010 34
210031 33
210053 73
210073 120
210079 11
210120 8
210139 61
210141 42
210145 78
210175 6
210209 61
210215 67
210222 94
210261 53
210263 29
210274 39
210287 26
210326 67
210364 118
210399 99
210405 76
210448 113
210453 109
210488 90
210506 76
210551 43
210584 76
210586 11
210590 117
210630 26
210643 116
210677 15
210711 62
210737 16
210739 126
210752 53
210773 73
210797 41
210800 15
210802 94
210828 24
210839 9
210854 4
210859 66
210892 13
210937 98
210953 103
210963 116
210970 89
211012 122
211032 115
211034 58
211039 51
211039 73
211063 9
211088 14
211097 115
211097 14
211140 74
211181 75
211182 121
211214 43
211250 50
211281 50
211291 45
211294 29
211300 117
211322 122
211356 74
211364 80
211371 53
211377 34
211384 23
211407 39
211435 19
211447 115
211447 11
211479 53
211482 103
211523 80
211526 24
211566 65
211575 51
211600 117
211624 97
211669 42
211687 109
211697 46
211715 86
211746 68
211788 26
211822 64
211833 95
211842 78
211869 66
211874 90
211906 82
211943 21
211985 103
212020 111
212047 117
212086 13
212128 111
212157 36
212176 85
212178 64
212184 104
212223 69
212229 71
212261 101
212283 115
212324 85
212333 77
212362 17
212366 5
212408 75
212408 63
212451 8
212463 75
212471 47
212509 35
212551 59
212590 59
212626 120
212653 7
212661 123
212690 78
212697 18
212720 110
212753 95
212756 26
212761 78
212773 111
212784 46
212795 60
212797 104
212822 7
212845 42
212864 97
212891 95
212918 63
212934 33
212944 90
212965 76
212990 95
212993 125
213031 127
213041 25
213072 20
213081 12
213083 63
213113 2
213153 66
213193 6
213234 86
213244 2
213270 76
213303 56
213312 89
213323 87
213351 89
213367 18
213407 116
213420 62
213463 113
213487 12
213492 98
213493 56
213495 51
213501 50
213515 35
213550 113
213588 75
213591 35
213610 102
213632 11
213648 14
213690 73
213717 38
213748 43
213748 120
213791 31
213799 120
213826 83
213847 44
213862 98
213875 79
213897 124
213942 63
213979 96
213984 43
213986 2
213987 118
213998 99
214037 95
214054 55
214066 71
214094 120
214136 81
214157 105
214172 80
214191 57
214220 11
214254 26
214259 65
214267 99
214309 100
214344 21
214345 59
214375 88
214410 28
214443 30
214465 90
214475 21
214479 29
214486 34
214511 25
214544 34
214582 126
214617 47
214646 93
214666 32
214703 26
214708 60
214716 1
214746 61
214747 62
214779 58
214817 68
214823 23
214828 127
214833 24
214844 119
214873 19
214891 18
214916 121
214944 103
214984 24
215006 60
215030 81
215044 107
215063 67
215072 52
215106 40
215140 121
215183 43
215193 13
215225 22
215242 9
215246 58
215286 57
215294 22
215330 46
215360 43
215402 91
215407 77
215446 119
215448 38
215459 47
215465 23
215504 94
215508 48
215513 18
215557 76
215593 54
215636 14
215661 64
215665 107
215692 70
215729 118
215766 86
215809 60
215847 93
215879 52
215914 65
215946 104
215949 77
215965 100
215988 52
216022 15
216050 125
216068 61
216086 47
216086 101
216101 52
216128 99
216132 23
216164 74
216189 52
216223 92
216229 51
216258 109
216302 121
216309 50
216341 36
216342 21
216373 127
216403 2
216437 5
216447 99
216457 85
216469 77
216495 72
216503 127
216523 53
216544 21
216546 26
216566 66
216587 31
216587 90
216610 53
216652 113
216658 107
216692 101
216733 71
216753 55
216768 116
216769 95
216772 11
216795 58
216837 64
216839 60
216858 66
216859 77
216864 117
216886 112
216905 72
216919 1
216956 124
216989 88
217020 51
217020 22
217023 77
217031 20
217047 73
217061 97
217078 114
217103 119
217145 79
217185 11
217220 83
217224 64
217254 72
217259 59
217295 124
217305 31
217334 48
217336 18
217371 66
217377 46
217409 123
217452 86
217473 28
217474 80
217488 28
217522 32
217567 36
217568 43
217574 125
217618 110
217619 92
217626 96
217643 79
217660 14
217679 66
217700 37
217744 84
217771 31
217814 53
217817 24
217830 102
217839 16
217857 31
217896 42
217901 9
217938 82
217941 2
217980 91
217997 36
218008 112
218022 116
218025 96
218053 62
218089 68
218130 14
218138 75
218164 68
218206 2
218232 75
218277 55
218284 67
218308 14
218338 45
218382 12
218391 39
218415 61
218442 113
218463 73
218500 6
218508 111
218521 52
218536 88
218542 94
218552 63
218558 63
218577 112
218586 62
218623 13
218631 43
218641 77
218685 81
218705 77
218741 56
218782 23
218794 71
218828 33
218872 45
218910 41
218915 78
218915 100
218947 14
218960 41
218974 48
219004 90
219028 71
219044 66
219049 116
219090 126
219107 109
219129 109
219160 70
219161 123
219163 102
219171 86
219189 123
219232 5
219252 49
219277 18
219278 9
219296 45
219318 5
219353 62
219394 94
219417 71
219430 2
219430 91
219437 67
219440 84
219441 118
219459 107
219467 121
219500 38
219517 2
219530 109
219540 84
219559 7
219562 23
219577 121
219609 22
219621 60
219623 101
219625 30
219628 90
219655 50
219693 30
219724 83
219762 87
219797 44
219800 114
219814 22
219814 80
219851 36
219894 53
219937 41
219954 57
219985 51
219991 49
220022 25
220033 127
220040 62
220085 119
220089 114
220108 66
220153 46
220169 99
220181 104
220217 118
220239 84
220267 120
220297 41
220330 60
220330 96
220337 77
220340 94
220348 70
220378 106
220412 27
220414 91
220425 36
220466 19
220472 47
220486 1
220505 117
220545 57
220563 97
220566 46
220598 28
220631 22
220658 88
220673 53
220678 126
220678 68
220687 68
220719 32
220759 70
220774 66
220812 123
220831 23
220838 98
220862 64
220905 20
220924 85
220947 98
220964 23
221005 56
221013 38
221034 118
221058 122
221085 20
221105 118
221138 54
221175 7
221200 1
221215 1
221227 41
221253 80
221255 2
221260 26
221297 79
221305 69
221341 97
221360 93
221364 30
221389 62
221411 43
221423 49
221456 48
221478 121
221518 49
221545 55
221563 57
221563 31
221580 48
221605 18
221615 80
221637 39
221652 68
221659 4
221691 69
221736 46
221758 115
221786 29
221829 57
221845 42
221872 39
221888 25
221891 30
221907 124
221938 71
221940 89
221951 55
221984 116
222014 101
222055 109
222068 106
222094 120
222100 85
222111 108
222129 5
222144 101
222177 72
222194 99
222238 46
222256 102
222278 13
222295 125
222336 88
222345 60
222356 74
222356 63
222400 118
222423 40
222457 93
222482 76
222496 109
222523 30
222558 65
222567 52
222611 122
222644 78
222670 100
222695 27
222731 41
222761 78
222769 55
222769 76
222774 97
222784 125
222796 60
222831 124
222861 54
222899 122
222918 47
222925 47
222944 71
222969 99
223009 74
223054 57
223093 100
223135 71
223149 27
223181 14
223207 67
223226 91
223231 60
223239 84
223264 58
223309 120
223338 6
223362 76
223374 108
223378 114
223380 105
223407 27
223410 86
223448 2
223484 87
223497 92
223501 76
223539 38
223580 96
223597 23
223624 95
223630 86
223649 13
223685 93
223692 67
223722 51
223742 31
223748 117
223751 85
223783 30
223820 35
223853 22
223873 109
223890 110
223930 115
223947 39
223961 90
223980 5
223981 126
224005 22
224044 42
224065 102
224095 33
224118 102
224118 60
224128 62
224131 103
224140 50
224161 99
224193 125
224194 109
224212 71
224225 115
224267 34
224277 48
224300 79
224339 83
224347 82
224372 101
224381 118
224415 91
224421 39
224427 66
224446 32
224483 69
224516 67
224544 91
224567 4
224605 2
224616 4
224656 57
224681 120
224691 7
224699 39
