28 103
36 31
42 54
68 19
95 44
103 86
103 79
147 38
152 23
163 8
193 56
215 6
227 46
272 96
312 9
355 26
365 71
397 59
428 60
468 54
475 59
498 97
526 96
530 119
550 120
559 14
589 74
606 17
616 32
644 11
667 27
681 32
701 90
746 114
779 55
782 71
808 64
849 41
860 116
899 95
926 85
941 107
961 22
965 36
983 41
1001 83
1014 23
1028 89
1057 27
1066 31
1107 85
1121 3
1122 125
1155 29
1156 56
1201 100
1234 69
1267 19
1308 32
1339 126
1380 104
1402 47
1428 53
1470 32
1515 34
1541 21
1558 81
1575 101
1584 97
1603 50
1638 88
1665 2
1694 67
1733 111
1776 93
1809 48
1810 44
1820 35
1831 54
1848 35
1868 60
1896 82
1903 32
1924 81
1925 62
1968 93
1968 81
1987 30
1994 78
1997 78
2031 99
2053 102
2084 115
2118 34
2125 115
2129 40
2129 87
2153 118
2184 107
2227 55
2243 95
2278 6
2293 120
2335 56
2372 79
2386 51
2426 85
2451 91
2467 108
2498 44
2502 96
2512 121
2556 63
2590 114
2599 30
2600 64
2644 69
2687 1
2705 113
2733 121
2759 65
2765 70
2790 124
2824 120
2856 39
2877 97
2885 62
2906 112
2939 31
2945 14
2945 55
2985 77
3001 45
3015 55
3036 102
3072 69
3078 23
3111 53
3137 47
3144 4
3154 121
3164 127
3205 34
3209 35
3247 10
3281 8
3319 60
3321 6
3330 7
3358 94
3364 27
3401 56
3420 10
3439 86
3459 15
3480 13
3511 40
3511 38
3552 29
3580 103
3581 63
3617 80
3618 81
3635 106
3638 95
3677 115
3703 11
3716 56
3737 111
3751 26
3778 105
3808 99
3844 111
3879 37
3906 99
3908 24
3921 91
3937 116
3965 62
4000 102
4029 67
4038 58
4080 35
4083 99
4101 116
4126 103
4131 4
4176 69
4207 71
4250 44
4256 103
4269 87
4282 12
4315 28
4354 47
4388 9
4408 105
4433 9
4456 78
4470 94
4482 77
4494 92
4530 2
4568 65
4568 53
4596 32
4621 19
4632 71
4667 98
4694 72
4702 23
4739 86
4749 28
4750 2
4785 52
4796 42
4811 39
4854 62
4858 42
4869 124
4898 79
4907 41
4938 118
4947 5
4983 14
5017 35
5035 12
5055 88
5062 60
5104 37
5136 107
5151 20
5190 125
5214 108
5236 127
5254 100
5283 11
5285 116
5326 113
5362 27
5381 32
5383 92
5394 46
5420 75
5450 68
5461 71
5495 32
5509 71
5535 34
5554 19
5584 81
5600 94
5636 46
5677 109
5709 112
5724 71
5748 104
5763 108
5796 30
5838 74
5847 3
5876 25
5921 106
5960 60
5964 7
5994 114
5995 23
6038 27
6070 69
6104 62
6138 47
6181 71
6205 48
6219 39
6244 74
6277 98
6279 79
6280 64
6310 117
6354 111
6367 94
6383 68
6422 101
6430 45
6456 3
6483 87
6497 114
6530 75
6540 25
6545 71
6562 3
6564 1
6608 21
6649 45
6653 72
6656 16
6656 87
6679 109
6719 80
6761 33
6787 100
6802 79
6839 68
6839 40
6872 125
6910 57
6931 94
6968 64
7004 11
7010 121
7042 5
7066 9
7095 85
7098 14
7134 124
7166 40
7172 105
7190 22
7235 79
7253 119
7274 57
7293 25
7319 45
7322 78
7322 4
7334 21
7352 51
7371 3
7413 34
7425 4
7460 127
7492 72
7504 80
7540 38
7568 26
7608 34
7650 24
7682 43
7700 121
7745 61
7782 125
7819 87
7847 37
7864 60
7880 101
7898 58
7928 118
7963 36
7988 114
7989 127
8005 88
8032 73
8046 80
8051 4
8076 13
8114 88
8157 81
8160 2
8188 31
8206 49
8230 22
8270 14
8278 109
8283 90
8317 120
8326 28
8344 61
8379 17
8395 27
8400 3
8424 111
8445 72
8476 68
8497 30
8518 98
8539 51
8563 16
8565 74
8608 24
8628 84
8654 23
8673 84
8675 105
8700 77
8712 15
8730 31
8745 12
8773 122
8795 101
8828 51
8854 84
8873 40
8898 52
8910 95
8915 7
8955 62
8986 114
9021 92
9025 39
9064 26
9102 53
9134 61
9154 118
9170 84
9202 9
9225 10
9229 118
9239 34
9239 88
9239 50
9269 35
9302 33
9308 9
9311 36
9332 87
9363 95
9390 64
9422 29
9463 90
9505 70
9531 32
9532 16
9565 56
9604 91
9632 16
9642 124
9642 79
9678 57
9722 67
9767 14
9812 100
9857 20
9877 50
9882 42
9906 69
9919 28
9958 87
9975 115
10010 6
10028 90
10028 114
10028 127
10068 103
10091 73
10092 41
10121 13
10149 20
10192 36
10198 79
10201 30
10243 97
10279 6
10315 124
10315 58
10359 112
10393 8
10393 42
10434 59
10464 11
10473 61
10510 109
10528 64
10552 100
10582 105
10620 32
10637 109
10677 5
10678 80
10686 28
10715 63
10738 88
10765 32
10777 39
10814 30
10819 109
10824 70
10861 5
10885 46
10929 66
10941 91
10945 77
10982 14
11018 100
11037 94
11050 67
11080 2
11108 66
11123 2
11130 26
11156 104
11197 89
11235 43
11254 6
11259 57
11302 37
11308 110
11314 16
11349 105
11349 37
11366 93
11389 114
11415 124
11458 71
11495 6
11525 108
11558 107
11584 2
11607 96
11612 7
11635 61
11653 57
11674 97
11699 43
11741 84
11755 15
11769 29
11796 56
11824 41
11851 26
11876 32
11910 2
11917 38
11942 96
11942 2
11943 25
11983 50
12024 85
12056 95
12058 12
12076 25
12096 59
12119 79
12151 46
12169 13
12173 12
12214 73
12220 110
12252 127
12268 68
12288 34
12291 46
12295 14
12306 124
12330 72
12372 95
12374 8
12381 68
12397 87
12424 36
12441 59
12441 127
12457 24
12469 33
12480 118
12485 44
12491 49
12498 29
12518 66
12537 74
12548 14
12584 41
12627 45
12669 95
12697 69
12740 34
12754 10
12758 110
12763 96
12770 32
12812 74
12844 87
12888 113
12928 33
12928 76
12971 19
12991 18
12991 91
13014 116
13035 77
13044 108
13074 48
13111 87
13117 12
13147 5
13157 89
13175 111
13203 29
13214 70
13233 60
13271 29
13298 115
13312 122
13333 126
13369 102
13391 112
13394 18
13430 49
13472 126
13504 40
13541 5
13564 66
13575 97
13576 115
13589 105
13633 100
13651 85
13695 68
13707 83
13733 73
13768 27
13791 2
13801 109
13825 89
13854 11
13855 103
13869 123
13904 63
13926 115
13963 34
13982 91
13990 95
14000 125
14001 74
14022 20
14031 81
14071 106
14089 114
14125 30
14129 6
14169 92
14184 67
14188 107
14207 81
14229 12
14256 118
14299 11
14318 1
14341 122
14362 56
14387 36
14426 57
14467 15
14467 62
14481 74
14523 79
14547 14
14563 58
14577 53
14588 14
14619 123
14634 32
14661 12
14675 7
14678 62
14713 98
14732 23
14765 99
14789 117
14802 8
14820 6
14856 48
14857 12
14865 84
14867 113
14872 61
14891 22
14910 5
14922 6
14928 58
14938 98
14944 70
14980 9
15023 27
15056 102
15069 24
15112 40
15139 91
15146 58
15166 67
15176 58
15214 82
15240 4
15255 100
15261 14
15278 44
15298 127
15305 63
15320 17
15342 73
15356 10
15387 27
15389 1
15423 104
15453 43
15467 35
15474 17
15494 69
15522 113
15564 12
15578 117
15602 30
15619 74
15651 45
15668 85
15699 90
15707 69
15742 4
15781 117
15801 108
15825 46
15835 17
15852 7
15889 88
15917 21
15934 70
15976 24
15980 57
16024 30
16061 9
16106 1
16136 46
16139 19
16144 93
16181 110
16200 118
16210 92
16211 99
16254 44
16281 31
16323 95
16329 26
16334 55
16360 48
16363 94
16404 51
16429 120
16473 54
16510 41
16548 58
16556 100
16586 56
16610 71
16621 75
16661 17
16667 65
16697 43
16716 66
16740 4
16783 118
16796 72
16832 41
16866 14
16878 4
16902 54
16918 2
16951 106
16959 69
16969 120
16999 14
17039 39
17044 118
17068 51
17098 25
17105 123
17146 61
17173 31
17208 20
17251 126
17281 33
17291 3
17294 4
17338 125
17361 113
17375 75
17390 100
17404 114
17448 125
17473 17
17480 4
17503 45
17515 78
17533 55
17559 52
17576 18
17591 109
17621 62
17621 51
17644 20
17652 27
17664 54
17670 112
17685 122
17690 125
17693 109
17717 66
17726 58
17737 56
17760 16
17787 120
17814 79
17854 104
17892 112
17913 57
17932 4
17960 2
17969 112
17982 69
17992 47
18023 117
18041 109
18075 23
18077 124
18100 123
18134 117
18161 107
18176 57
18189 1
18233 73
18253 89
18257 84
18292 30
18303 13
18310 5
18312 77
18343 85
18379 7
18417 124
18422 83
18453 62
18459 15
18475 95
18511 32
18538 9
18550 118
18576 105
18598 18
18606 2
18630 98
18648 45
18682 25
18727 100
18772 54
18788 109
18832 5
18848 19
18885 56
18909 54
18938 85
18983 4
18999 88
19034 105
19060 57
19070 50
19088 101
19110 124
19117 69
19149 70
19191 26
19233 20
19259 98
19263 93
19292 70
19337 61
19378 95
19390 12
19400 35
19441 95
19472 125
19483 28
19500 99
19511 52
19532 31
19563 13
19575 8
19575 2
19606 88
19636 91
19663 56
19678 19
19703 26
19739 57
19744 39
19755 107
19798 117
19798 105
19830 27
19862 90
19889 100
19924 52
19939 114
19946 51
19987 111
19994 34
20025 74
20066 77
20095 5
20110 30
20151 71
20152 80
20190 123
20232 1
20261 82
20262 48
20272 93
20292 48
20300 41
20313 116
20351 48
20360 75
20363 115
20373 10
20401 52
20416 43
20456 56
20501 19
20505 105
20513 106
20530 30
20552 27
20556 84
20569 15
20593 126
20621 31
20623 68
20667 110
20708 33
20720 38
20740 114
20753 32
20780 45
20793 102
20797 14
20840 70
20843 64
20869 94
20879 75
20924 2
20933 118
20976 26
21014 67
21059 78
21062 17
21073 65
21116 127
21119 3
21150 47
21193 81
21212 44
21235 74
21271 103
21290 14
21294 24
21312 126
21338 53
21358 76
21394 15
21394 81
21405 99
21438 24
21475 96
21492 43
21504 45
21532 101
21549 111
21577 76
21612 20
21626 19
21656 52
21671 100
21694 77
21709 8
21734 117
21771 83
21814 36
21850 102
21889 2
21927 54
21966 88
21979 21
22021 123
22066 28
22084 50
22125 125
22154 119
22157 114
22162 12
22202 83
22242 69
22268 19
22298 43
22319 87
22324 63
22325 9
22361 32
22393 44
22416 63
22451 52
22481 100
22481 122
22487 16
22505 50
22534 24
22572 84
22614 50
22639 16
22645 117
22689 24
22716 65
22751 91
22762 112
22799 34
22839 81
22850 52
22851 93
22880 91
22909 64
22928 120
22936 1
22939 52
22945 81
22989 122
23030 83
23073 40
23093 3
23112 87
23151 46
23189 122
23212 114
23251 77
23288 90
23324 108
23367 124
23378 9
23394 19
23413 22
23449 26
23482 31
23517 118
23540 114
23549 44
23564 10
23572 101
23593 91
23606 77
23638 18
23667 52
23689 28
23700 108
23710 108
23738 68
23753 101
23776 79
23808 104
23821 92
23823 43
23863 25
23895 4
23940 86
23971 78
23989 57
24024 87
24061 111
24078 101
24112 115
24129 29
24169 98
24180 108
24186 63
24213 50
24214 91
24224 13
24269 108
24306 116
24339 85
24348 86
24351 63
24393 106
24401 76
24413 75
24436 68
24463 19
24475 23
24505 75
24522 88
24544 112
24586 47
24598 20
24622 75
24646 77
24673 119
24716 64
24732 43
24758 31
24803 52
24812 9
24835 87
24866 78
24882 115
24920 72
24937 105
24976 28
24997 45
25002 77
25012 90
25049 89
25067 122
25088 98
25120 60
25120 119
25138 39
25156 108
25192 94
25205 102
25217 69
25220 3
25260 81
25299 50
25314 98
25322 75
25328 19
25357 93
25363 12
25368 82
25402 35
25419 68
25454 80
25498 18
25535 49
25545 87
25582 110
25627 82
25634 125
25674 43
25685 106
25704 47
25720 66
25720 72
25740 27
25777 32
25805 115
25820 94
25859 85
25884 109
25908 98
25915 90
25952 114
25954 89
25988 6
26032 56
26065 47
26104 78
26114 6
26118 80
26126 82
26128 71
26137 90
26138 45
26150 26
26165 97
26208 57
26208 39
26212 32
26255 29
26262 114
26262 26
26274 93
26284 81
26308 115
26311 73
26311 24
26349 80
26362 95
26397 27
26439 113
26481 80
26499 27
26533 71
26561 94
26586 126
26631 9
26658 104
26662 41
26677 69
26702 32
26707 36
26731 5
26742 36
26750 103
26792 124
26829 26
26840 87
26845 124
26873 112
26886 22
26898 78
26906 94
26933 106
26956 6
26988 85
26994 105
27018 79
27058 35
27078 2
27080 45
27103 1
27134 57
27170 96
27194 52
27232 110
27276 99
27301 126
27322 113
27365 7
27383 119
27400 79
27415 66
27449 107
27488 5
27515 67
27526 38
27564 90
27588 40
27621 97
27657 127
27676 91
27711 57
27734 17
27766 6
27810 123
27837 91
27852 7
27872 93
27909 109
27916 110
27932 48
27970 58
28011 3
28040 42
28053 100
28063 23
28075 26
28079 82
28084 104
28118 5
28155 99
28192 110
28216 60
28218 24
28227 31
28271 38
28293 100
28314 86
28358 123
28364 125
28404 109
28430 100
28445 76
28476 36
28489 72
28493 44
28494 24
28517 19
28551 22
28588 12
28618 32
28656 107
28687 82
28730 31
28745 38
28746 110
28754 121
28764 89
28785 31
28817 17
28836 2
28864 34
28892 17
28937 16
28976 51
28984 71
28990 111
29007 30
29044 1
29045 20
29089 126
29127 46
29147 102
29180 14
29187 57
29216 53
29241 34
29258 96
29270 88
29285 4
29303 93
29319 28
29356 17
29370 99
29411 123
29421 44
29458 6
29495 24
29537 21
29582 59
29591 72
29612 86
29638 38
29642 82
29668 123
29686 11
29690 118
29699 12
29722 10
29765 18
29788 117
29817 61
29821 97
29830 95
29864 46
29891 51
29915 111
29951 102
29980 47
29998 55
30041 13
30079 113
30085 13
30097 124
30125 123
30167 71
30204 125
30232 101
30251 3
30259 35
30286 112
30326 53
30327 26
30335 75
30348 36
30364 42
30406 24
30407 7
30441 49
30446 107
30463 73
30486 113
30510 29
30544 47
30544 69
30586 70
30601 4
30621 8
30637 57
30676 69
30688 2
30690 110
30702 27
30703 79
30742 87
30778 78
30790 75
30832 51
30860 86
30896 43
30899 121
30922 119
30954 38
30988 52
31004 31
31013 74
31052 22
31089 9
31114 23
31124 106
31126 20
31165 51
31198 48
31226 101
31251 4
31286 11
31330 15
31335 44
31375 24
31381 103
31383 4
31414 85
31421 63
31428 98
31454 9
31470 40
31511 88
31517 72
31548 125
31575 109
31607 11
31633 107
31667 86
31679 10
31721 119
31723 69
31726 19
31735 13
31741 48
31745 72
31790 1
31835 57
31843 6
31849 79
31882 119
31906 70
31951 62
31964 69
31971 27
31998 19
32035 123
32078 87
32078 22
32121 50
32157 63
32165 43
32190 48
32214 100
32239 27
32248 4
32262 124
32272 41
32282 127
32325 109
32362 77
32376 101
32410 103
32450 17
32451 103
32464 84
32471 50
32476 6
32487 106
32516 73
32526 16
32552 44
32570 8
32600 32
32619 81
32664 83
32673 72
32706 61
32721 6
32752 91
32758 10
32761 59
32788 23
32812 103
32849 93
32849 29
32849 95
32891 107
32905 57
32918 43
32934 80
32946 57
32974 126
33008 80
33017 66
33020 29
33022 72
33044 26
33069 27
33106 117
33129 10
33163 56
33204 92
33204 14
33209 51
33234 2
33238 122
33269 102
33298 77
33299 67
33338 114
33355 96
33385 98
33387 62
33416 81
33451 122
33456 6
33465 87
33465 124
33480 39
33525 33
33556 24
33556 41
33562 4
33574 29
33611 63
33654 103
33668 73
33705 33
33748 99
33770 50
33777 10
33802 123
33842 41
33865 9
33870 14
33909 97
33910 11
33934 45
33944 29
33967 66
33989 36
34006 54
34045 123
34045 119
34052 61
34054 100
34074 82
34089 105
34114 4
34144 89
34153 94
34185 78
34230 114
34254 19
34268 83
34300 45
34338 104
34381 97
34426 46
34461 58
34461 54
34496 38
34513 53
34538 81
34542 34
34542 105
34584 72
34595 15
34637 67
34637 48
34682 127
34700 84
34701 67
34708 17
34718 5
34762 61
34767 18
34781 81
34819 44
34856 69
34865 34
34900 82
34912 59
34942 98
34966 25
34998 98
35028 104
35065 116
35086 123
35128 95
35157 117
35199 26
35223 115
35238 46
35248 60
35263 73
35282 60
35309 60
35331 1
35346 106
35386 26
35409 42
35421 115
35445 99
35460 29
35467 2
35500 58
35540 94
35570 20
35594 94
35606 54
35645 108
35669 51
35693 100
35735 60
35736 38
35777 17
35805 5
35836 66
35881 108
35884 5
35908 42
35927 43
35972 56
36006 26
36043 2
36065 104
36092 123
36117 26
36120 69
36145 74
36166 42
36182 95
36207 116
36207 51
36238 75
36239 67
36278 45
36284 96
36288 91
36309 98
36334 5
36355 22
36372 111
36392 108
36428 108
36461 8
36495 25
36503 32
36525 94
36555 44
36582 56
36591 20
36591 10
36631 85
36664 124
36702 53
36746 45
36785 94
36818 120
36831 41
36852 50
36888 5
36929 97
36958 44
36993 78
37010 108
37051 77
37082 102
37087 111
37109 94
37148 111
37159 19
37165 26
37206 73
37208 99
37219 41
37234 74
37248 105
37280 108
37300 39
37344 30
37363 48
37401 104
37421 71
37424 93
37463 8
37496 40
37515 79
37549 95
37592 61
37601 105
37617 112
37627 68
37667 38
37679 63
37684 71
37726 89
37763 46
37796 16
37824 1
37850 70
37866 102
37911 60
37925 59
37961 119
37974 79
37978 119
37978 14
38018 57
38044 21
38044 16
38058 30
38093 12
38138 21
38147 6
38172 98
38193 14
38223 29
38225 10
38229 124
38267 85
38281 5
38309 95
38316 112
38346 111
38353 80
38361 65
38388 51
38415 117
38427 103
38457 117
38502 61
38514 83
38525 12
38526 55
38568 89
38572 126
38578 2
38603 127
38642 29
38678 117
38710 37
38729 78
38760 117
38793 3
38828 1
38865 90
38875 90
38906 116
38906 37
38940 99
38969 27
39002 35
39016 33
39058 70
39096 84
39130 63
39168 104
39210 58
39222 107
39241 5
39278 113
39299 9
39319 70
39335 78
39356 108
39376 63
39385 107
39419 55
39433 50
39439 89
39461 59
39488 117
39515 103
39528 38
39545 37
39568 41
39594 73
39630 18
39667 117
39670 101
39694 89
39732 32
39773 4
39779 19
39804 115
39834 60
39868 114
39897 113
39921 48
39964 76
40003 36
40007 68
40032 24
40053 100
40061 6
40062 6
40089 81
40117 44
40150 3
40163 125
40169 49
40209 108
40229 60
40237 43
40245 66
40266 11
40305 111
40315 84
40329 23
40356 88
40363 49
40394 17
40422 100
40439 31
40467 60
40512 120
40531 98
40562 30
40566 105
40586 58
40620 14
40623 111
40655 118
40664 60
40705 124
40709 37
40737 20
40776 60
40802 87
40834 75
40866 60
40868 99
40897 35
40901 88
40943 25
40977 57
41014 22
41034 63
41054 119
41060 105
41102 90
41147 121
41191 11
41218 42
41247 70
41280 118
41302 17
41329 26
41350 25
41377 64
41413 24
41415 115
41439 124
41440 33
41474 95
41499 10
41525 56
41526 58
41565 105
41586 74
41616 116
41631 106
41636 30
41641 33
41685 50
41712 46
41751 73
41767 47
41810 38
41821 24
41821 53
41827 48
41840 80
41854 75
41885 110
41916 42
41926 76
41947 87
41956 118
41973 121
41976 91
41997 12
42022 89
42047 100
42076 93
42118 46
42150 92
42156 39
42197 76
42222 116
42260 63
42302 14
42313 63
42343 100
42381 25
42388 82
42388 119
42400 125
42412 122
42451 47
42495 99
42503 41
42541 73
42542 35
42569 120
42592 98
42624 77
42624 119
42664 68
42668 34
42685 7
42728 42
42742 78
42786 60
42802 93
42846 119
42876 90
42909 5
42938 26
42965 111
43007 30
43037 84
43038 116
43064 68
43096 121
43103 41
43109 110
43126 66
43155 127
43198 38
43241 28
43258 74
43299 121
43319 55
43330 117
43347 86
43353 34
43390 53
43413 46
43423 51
43425 40
43428 1
43445 85
43451 74
43462 33
43506 96
43506 8
43518 88
43536 94
43577 103
43581 20
43584 80
43621 18
43642 106
43643 28
43649 34
43676 28
43713 74
43733 29
43761 17
43797 71
43818 86
43831 99
43842 33
43862 117
43898 124
43936 45
43949 80
43994 110
44039 103
44064 82
44079 103
44089 33
44122 69
44125 10
44168 24
44188 78
44218 50
44220 24
44237 100
44275 64
44289 87
44334 123
44377 49
44410 94
44443 104
44482 50
44493 67
44515 49
44536 126
44578 108
44622 39
44624 92
44665 62
44706 104
44742 16
44759 91
44767 60
44767 95
44780 83
44812 84
44841 63
44852 39
44858 64
44863 66
44873 52
44900 30
44935 51
44947 120
44957 48
44999 32
45011 42
45055 115
45058 72
45064 27
45082 81
45106 67
45133 99
45156 20
45198 31
45226 57
45237 47
45252 57
45290 78
45327 13
45342 98
45344 54
45360 25
45398 88
45434 94
45455 114
45488 84
45525 10
45527 121
45537 98
45576 66
45588 21
45621 59
45639 13
45642 119
45662 8
45662 30
45677 93
45685 65
45690 30
45691 95
45709 105
45747 18
45765 90
45799 76
45823 118
45835 25
45855 120
45896 112
45896 21
45929 118
45947 87
45973 9
46012 68
46030 94
46044 92
46064 114
46096 72
46107 45
46146 25
46149 72
46180 47
46194 24
46225 78
46256 62
46295 11
46309 75
46331 29
46351 112
46391 91
46424 1
46434 40
46456 85
46501 61
46515 107
46558 77
46578 76
46607 55
46622 66
46659 3
46688 49
46711 104
46743 30
46751 7
46780 8
46794 61
46807 4
46831 54
46855 44
46863 16
46904 4
46915 104
46957 73
46995 2
47032 26
47067 106
47071 8
47080 32
47110 40
47111 11
47144 87
47179 105
47211 47
47224 124
47249 52
47293 5
47322 41
47353 19
47383 79
47388 52
47400 29
47420 85
47442 28
47447 89
47451 27
47485 25
47506 82
47538 79
47550 114
47557 49
47557 116
47590 85
47591 71
47611 33
47632 59
47636 102
47658 85
47687 58
47696 77
47707 118
47716 35
47746 82
47752 72
47767 102
47796 65
47807 27
47844 35
47857 119
47900 74
47941 36
47984 64
48009 124
48047 89
48062 9
48105 44
48114 50
48133 113
48144 54
48147 77
48151 123
48183 99
48213 94
48242 107
48272 93
48281 79
48308 74
48349 19
48389 127
48405 100
48425 38
48426 61
48458 101
48464 25
48492 92
48526 94
48529 8
48531 37
48536 49
48543 22
48567 75
48596 91
48635 124
48654 17
48685 88
48701 98
48734 115
48740 62
48760 89
48786 46
48811 86
48816 71
48820 89
48855 72
48876 92
48891 17
48915 28
48934 82
48943 61
48955 100
48988 119
49025 18
49030 55
49045 8
49045 79
49076 61
49120 16
49140 91
49150 46
49151 72
49151 67
49181 74
49197 91
49217 105
49261 120
49274 31
49318 74
49359 116
49378 68
49414 33
49425 77
49457 99
49482 54
49500 78
49527 14
49557 81
49558 124
49593 30
49603 54
49611 70
49615 35
49639 41
49684 64
49725 38
49767 50
49811 93
49830 63
49830 67
49858 75
49889 109
49898 70
49916 6
49931 83
49953 96
49991 80
50016 39
50059 117
50064 22
50099 81
50130 85
50164 6
50188 119
50226 121
50243 63
50271 39
50294 42
50328 119
50360 104
50365 68
50371 57
50402 65
50414 44
50456 12
50456 73
50463 126
50504 122
50528 85
50552 34
50569 119
50569 97
50574 9
50579 59
50623 118
50662 68
50668 120
50690 56
50717 121
50734 101
50744 58
50745 91
50781 45
50793 9
50836 122
50839 127
50867 88
50877 33
50907 111
50915 49
50921 13
50925 48
50967 47
50989 75
50996 126
51040 112
51045 71
51088 5
51100 60
51126 4
51132 100
51142 43
51151 101
51179 111
51183 11
51186 34
51188 25
51225 64
51267 21
51270 55
51272 68
51280 1
51320 16
51321 102
51333 55
51376 54
51380 12
51417 96
51427 21
51445 72
51467 96
51481 81
51500 49
51532 86
51576 76
51582 79
51591 11
51632 50
51648 16
51656 68
51694 81
51729 14
51773 64
51776 21
51803 39
51841 10
51877 85
51905 91
51941 108
51950 47
51986 53
51999 43
52034 34
52053 11
52073 63
52085 73
52117 81
52157 26
52191 19
52210 72
52245 100
52289 92
52290 61
52332 77
52346 121
52359 70
52373 54
52398 13
52438 117
52445 57
52450 111
52494 15
52531 45
52558 113
52577 35
52588 27
52600 48
52631 33
52657 52
52657 22
52671 124
52696 125
52714 28
52729 79
52732 20
52751 61
52795 126
52826 16
52833 104
52860 120
52878 86
52920 15
52945 4
52989 126
53019 102
53028 94
53052 9
53052 100
53077 118
53094 119
53102 23
53119 51
53158 80
53161 120
53186 28
53231 127
53269 57
53300 44
53329 43
53363 39
53395 40
53409 49
53444 92
53484 20
53523 7
53559 97
53562 118
53607 101
53640 126
53651 29
53656 59
53697 52
53731 49
53748 10
53791 24
53792 127
53823 23
53863 91
53866 102
53905 88
53940 97
53973 92
53999 31
54039 40
54068 120
54070 17
54085 32
54088 87
54110 35
54120 17
54146 125
54186 127
54193 8
54222 108
54257 2
54268 21
54272 121
54302 64
54302 22
54303 15
54341 114
54346 5
54351 49
54384 36
54391 78
54404 76
54412 69
54446 81
54491 66
54528 90
54567 58
54588 30
54626 10
54660 57
54697 101
54733 53
54752 6
54796 46
54830 102
54846 21
54858 73
54867 67
54905 12
54910 55
54910 89
54949 112
54973 43
55002 123
55036 73
55058 64
55069 6
55105 1
55113 13
55137 44
55173 126
55204 51
55222 51
55228 25
55250 90
55291 70
55324 42
55345 109
55358 55
55367 99
55405 5
55422 11
55442 126
55486 124
55522 105
55554 125
55598 64
55639 21
55653 88
55678 18
55696 108
55728 35
55749 119
55766 21
55788 15
55832 108
55832 105
55850 117
55870 40
55871 10
55899 117
55941 127
55953 77
55953 33
55984 83
55990 81
56033 31
56043 13
56087 63
56090 73
56113 80
56139 44
56140 73
56147 127
56147 12
56173 113
56194 14
56197 77
56231 83
56241 28
56286 114
56324 49
56351 18
56367 102
56378 125
56414 4
56448 54
56455 99
56487 79
56491 104
56503 2
56525 111
56559 95
56602 95
56633 40
56648 73
56689 100
56695 46
56720 99
56720 87
56733 87
56760 73
56803 26
56810 23
56841 51
56843 110
56858 69
56876 72
56887 36
56902 3
56903 42
56939 47
56967 60
56988 51
57002 10
57031 4
57070 80
57103 97
57104 92
57117 102
57150 76
57174 5
57180 78
57190 11
57227 103
57241 56
57245 45
57278 78
57278 68
57322 32
57352 77
57367 2
57393 127
57429 85
57441 38
57462 11
57495 79
57522 89
57566 79
57604 36
57643 80
57664 126
57688 52
57690 39
57716 34
57747 27
57772 11
57782 34
57823 29
57828 96
57828 52
57867 85
57905 117
57929 78
57967 74
58001 111
58033 67
58058 42
58075 12
58099 65
58107 59
58148 4
58162 110
58205 1
58229 28
58238 79
58241 59
58249 7
58270 60
58289 126
58331 70
58339 25
58372 127
58398 17
58429 102
58442 14
58463 91
58474 96
58479 85
58501 95
58507 98
58535 11
58577 47
58605 13
58648 127
58651 19
58694 67
58715 15
58730 18
58766 25
58800 24
58831 7
58858 17
58899 112
58943 12
58980 37
58982 57
59015 115
59034 61
59064 63
59096 7
59138 124
59149 48
59177 113
59207 35
59207 87
59240 47
59270 34
59308 17
59325 2
59342 74
59368 64
59385 77
59400 102
59425 107
59469 43
59494 55
59535 102
59549 9
59555 27
59584 28
59603 23
59613 87
59640 103
59651 59
59679 117
59713 69
59722 40
59746 90
59771 69
59776 104
59794 102
59811 24
59828 15
59862 73
59863 15
59908 110
59908 37
59935 52
59938 102
59968 126
60000 115
60003 5
60042 117
60057 125
60084 123
60108 99
60118 63
60157 53
60197 58
60214 63
60245 121
60246 124
60260 61
60265 35
60275 105
60289 114
60316 21
60358 61
60385 62
60422 48
60465 118
60498 51
60514 87
60538 4
60574 126
60574 44
60586 56
60600 15
60607 108
60652 70
60668 118
60711 30
60722 72
60742 74
60787 49
60788 67
60805 54
60845 96
60868 24
60909 105
60948 77
60969 110
60978 114
60982 118
60988 25
60999 33
61002 101
61020 83
61033 42
61064 99
61099 38
61131 76
61143 94
61151 26
61165 106
61175 3
61214 73
61240 9
61243 2
61245 8
61273 66
61313 111
61354 15
61374 55
61414 54
61447 118
61482 29
61527 77
61563 83
61578 37
61587 87
61625 104
61641 84
61650 101
61667 49
61692 82
61707 43
61731 109
61733 96
61754 3
61799 51
61832 12
61867 91
61879 116
61924 58
61953 114
61965 17
61973 62
61975 113
62012 66
62033 34
62033 87
62057 23
62057 24
62078 11
62110 33
62152 10
62187 100
62207 5
62209 7
62219 46
62252 105
62297 75
62313 73
62336 84
62378 57
62389 9
62395 66
62437 20
62443 32
62452 43
62474 81
62476 27
62477 46
62520 40
62534 103
62536 83
62543 58
62579 36
62583 66
62584 86
62610 86
62639 52
62673 72
62706 62
62723 123
62761 102
62773 43
62781 54
62826 114
62827 103
62836 68
62839 125
62855 121
62855 22
62892 24
62922 122
62951 18
62965 63
62971 36
63000 91
63012 82
63038 67
63073 82
63109 115
63148 10
63190 40
63230 126
63264 56
63289 88
63308 13
63347 67
63389 114
63398 44
63410 44
63443 50
63444 87
63483 109
63494 34
63519 118
63560 127
63579 93
63605 28
63644 8
63666 50
63690 71
63696 3
63719 30
63752 57
63766 84
63785 19
63785 69
63814 117
63856 61
63883 65
63898 22
63934 86
63963 118
63990 3
63999 15
64019 48
64036 23
64049 125
64053 25
64064 27
64108 69
64122 53
64141 41
64158 43
64196 26
64205 66
64221 114
64225 80
64246 65
64252 80
64279 81
64304 117
64315 115
64327 24
64343 97
64347 64
64377 87
64410 101
64415 6
64419 116
64437 79
64461 121
64484 37
64513 126
64551 98
64565 100
64607 50
64636 47
64658 65
64670 78
64704 38
64706 88
64714 101
64726 111
64762 76
64785 38
64793 96
64827 71
64830 28
64865 96
64904 8
64918 55
64921 59
64944 17
64986 84
65014 92
65049 94
65073 35
65095 7
65140 44
65161 86
65199 77
65202 59
65227 76
65230 57
65268 111
65291 54
65295 44
65318 84
65355 67
65396 33
65425 121
65449 19
65489 39
65534 70
65547 92
65573 23
65609 31
65646 67
65659 54
65703 127
65746 48
65762 84
65806 48
65828 114
65870 73
65885 57
65919 34
65943 11
65983 62
66016 49
66051 67
66092 35
66101 78
66126 111
66130 39
66152 104
66190 66
66199 85
66213 13
66234 43
66249 71
66257 54
66291 3
66319 90
66336 72
66349 85
66387 36
66422 122
66444 127
66475 115
66508 126
66522 103
66529 53
66559 110
66559 54
66560 59
66586 90
66594 37
66622 48
66635 61
66655 97
66683 16
66705 71
66735 126
66737 18
66775 78
66775 30
66812 31
66855 88
66888 9
66897 6
66902 89
66942 63
66974 13
66979 28
67006 10
67048 9
67080 71
67123 15
67152 86
67183 82
67192 5
67235 115
67238 5
67253 42
67263 79
67265 25
67265 110
67281 76
67287 62
67305 122
67336 88
67361 62
67392 34
67415 117
67431 106
67455 60
67477 39
67496 56
67539 107
67577 99
67622 113
67665 28
67705 66
67748 46
67774 23
67819 119
67851 45
67896 113
67898 117
67911 64
67944 112
67944 5
67977 72
67979 99
67990 3
68022 64
68024 104
68044 17
68078 121
68097 110
68108 12
68112 93
68130 100
68142 4
68171 52
68209 120
68224 18
68226 24
68269 69
68273 8
68290 19
68330 96
68370 108
68375 87
68420 45
68463 12
68480 98
68495 85
68511 58
68552 64
68566 83
68607 28
68613 119
68626 31
68650 14
68666 94
68684 59
68723 24
68746 62
68780 80
68800 93
68830 32
68861 80
68863 101
68891 99
68933 90
68954 77
68986 70
69019 35
69058 109
69064 25
69090 12
69095 22
69124 24
69143 47
69165 109
69189 33
69211 49
69256 22
69295 95
69302 105
69306 1
69348 99
69373 41
69415 29
69453 47
69464 29
69506 84
69510 52
69531 99
69544 51
69583 18
69603 72
69623 3
69658 87
69664 104
69681 27
69694 121
69723 7
69727 116
69759 84
69782 88
69789 41
69820 69
69847 116
69869 67
69911 101
69920 104
69942 44
69943 38
69966 30
70008 93
70026 11
70032 2
70034 42
70067 81
70083 121
70118 74
70144 68
70171 1
70215 98
70248 67
70258 43
70289 98
70320 91
70341 117
70343 77
70384 105
70421 3
70439 24
70461 31
70492 38
70514 7
70523 72
70547 60
70577 17
70579 74
70591 15
70595 15
70618 26
70644 14
70683 82
70695 8
70738 103
70748 3
70765 115
70806 24
70809 85
70850 31
70860 80
70870 125
70881 121
70905 80
70908 117
70936 52
70954 111
70962 6
71004 104
71004 121
71045 24
71065 47
71069 45
71074 81
71092 79
71116 28
71160 102
71196 85
71206 62
71212 92
71225 126
71237 127
71245 91
71277 116
71293 121
71329 87
71332 13
71339 12
71371 77
71400 115
71428 5
71442 123
71487 2
71513 109
71518 120
71546 8
71578 77
71587 75
71610 111
71654 26
71668 3
71690 39
71729 65
71744 36
71788 19
71788 91
71811 8
71851 9
71893 117
71933 85
71978 106
72014 71
72054 47
72095 59
72098 115
72099 80
72122 20
72127 91
72159 48
72176 54
72204 5
72208 104
72231 76
72240 18
72279 64
72317 115
72323 7
72358 4
72375 61
72402 113
72412 107
72412 50
72428 36
72463 119
72491 109
72498 83
72527 25
72557 101
72574 124
72595 97
72637 54
72682 17
72702 17
72722 31
72733 57
72771 4
72782 126
72792 42
72831 90
72839 115
72860 63
72872 37
72900 108
72926 75
72958 78
72977 70
73020 29
73053 71
73094 77
73105 3
73119 97
73124 125
73142 33
73158 112
73197 75
73235 29
73277 41
73311 61
73328 9
73329 104
73368 59
73393 71
73408 104
73448 75
73454 7
73462 29
73470 61
73489 32
73501 48
73531 22
73562 114
73563 89
73566 60
73594 24
73611 110
73648 59
73676 101
73687 113
73694 19
73732 10
73767 52
73809 93
73834 12
73842 59
73843 113
73886 36
73901 122
73908 66
73926 26
73943 31
73972 16
74011 41
74020 8
74049 113
74073 27
74099 85
74099 76
74114 26
74115 9
74126 13
74153 48
74187 88
74215 35
74249 20
74265 46
74298 37
74301 82
74331 107
74341 11
74377 117
74417 22
74417 63
74433 66
74463 26
74467 81
74495 16
74540 117
74540 41
74546 34
74561 68
74578 98
74595 25
74605 1
74639 45
74653 59
74668 61
74704 43
74715 29
74754 70
74776 93
74812 104
74831 35
74856 6
74882 85
74904 4
74906 40
74913 64
74943 62
74984 9
75029 49
75072 119
75095 31
75128 7
75130 3
75133 9
75174 123
75191 4
75197 94
75208 48
75232 24
75247 21
75266 46
75282 61
75307 55
75339 50
75353 44
75356 34
75397 10
75412 10
75452 56
75453 122
75471 32
75480 124
75506 69
75543 86
75570 124
75594 123
75626 118
75653 114
75664 120
75692 123
75708 85
75723 38
75765 51
75770 91
75802 115
75811 81
75831 64
75869 63
75904 91
75926 31
75936 3
75952 98
75973 73
76009 78
76041 51
76055 14
76056 113
76083 70
76104 99
76142 88
76146 6
76157 35
76181 63
76209 110
76240 28
76262 80
76272 4
76281 35
76290 125
76299 114
76306 121
76308 86
76344 33
76371 52
76377 123
76383 83
76420 102
76428 88
76447 31
76451 14
76463 53
76470 79
76472 71
76507 63
76533 44
76562 82
76570 113
76573 28
76594 85
76601 92
76619 108
76661 34
76682 42
76716 51
76734 77
76735 70
76749 80
76779 4
76820 35
76843 81
76879 79
76895 40
76898 72
76898 57
76899 80
76937 21
76947 46
76966 53
77000 100
77041 117
77073 12
77080 62
77098 77
77141 118
77144 71
77181 117
77198 99
77215 64
77225 62
77239 44
77271 72
77282 124
77293 92
77300 93
77314 56
77339 60
77382 53
77399 62
77402 29
77447 47
77476 80
77483 41
77516 61
77540 35
77581 67
77625 52
77664 98
77687 22
77705 8
77734 62
77736 56
77763 111
77777 67
77780 32
77805 73
77829 1
77853 39
77866 97
77911 89
77954 33
77975 93
78007 21
78052 13
78074 42
78095 15
78115 76
78141 40
78156 116
78188 115
78232 105
78257 31
78300 40
78321 7
78361 127
78402 47
78428 23
78464 123
78494 71
78524 50
78562 8
78601 63
78626 30
78652 7
78697 29
78710 125
78747 100
78782 6
78783 65
78820 15
78841 20
78846 28
78871 76
78872 59
78901 23
78907 93
78924 115
78961 119
78972 106
79012 105
79054 21
79090 21
79105 36
79127 122
79166 37
79168 17
79209 81
79216 12
79257 81
79300 13
79326 118
79352 81
79378 74
79414 9
79430 46
79450 122
79460 50
79465 105
79478 59
79522 118
79555 16
79586 110
79600 45
79601 47
79605 119
79634 5
79634 25
79636 71
79674 10
79711 48
79717 97
79726 35
79748 119
79790 102
79835 62
79879 126
79916 35
79919 53
79934 125
79942 108
79959 66
79987 126
80008 87
80014 106
80014 5
80030 37
80040 43
80060 16
80078 98
80091 119
80102 95
80113 41
80157 49
80158 60
80159 69
80183 89
80227 40
80263 68
80291 94
80293 127
80313 103
80317 110
80358 81
80371 120
80397 4
80411 31
80423 85
80432 108
80448 55
80458 6
80494 8
80527 125
80552 78
80560 59
80562 9
80586 102
80618 123
80656 65
80688 78
80705 104
80731 68
80743 121
80748 34
80772 11
80773 37
80818 55
80833 75
80858 15
80887 61
80914 119
80959 121
80975 29
80977 57
81020 5
81035 89
81054 88
81070 24
81073 127
81082 25
81119 26
81125 102
81127 37
81170 8
81208 85
81216 13
81218 77
81236 73
81238 38
81260 2
81276 23
81297 106
81336 63
81357 65
81395 20
81434 78
81460 55
81499 40
81507 49
81523 12
81565 10
81603 72
81611 108
81639 121
81682 64
81693 71
81705 112
81712 106
81752 121
81752 10
81754 89
81779 20
81824 53
81852 9
81886 126
81907 3
81923 56
81944 113
81989 95
81999 2
82012 9
82052 66
82060 94
82081 60
82116 12
82151 37
82189 20
82233 110
82233 101
82238 78
82239 49
82258 107
82268 104
82312 31
82340 120
82368 38
82394 30
82414 54
82442 78
82442 68
82470 98
82509 51
82548 83
82589 122
82606 87
82622 25
82622 117
82650 7
82692 105
82693 116
82721 16
82724 75
82769 97
82812 31
82835 77
82854 82
82879 98
82916 126
82951 4
82995 26
83029 91
83065 34
83070 97
83109 8
83113 50
83137 68
83167 23
83193 102
83206 3
83229 114
83251 79
83252 91
83278 120
83312 77
83349 111
83392 98
83400 74
83428 10
83449 86
83462 91
83466 6
83506 6
83519 80
83522 98
83552 108
83588 114
83627 56
83641 5
83680 85
83688 55
83712 42
83731 49
83732 9
83776 46
83795 40
83836 105
83873 104
83880 13
83909 17
83944 8
83947 44
83986 121
83995 105
84029 36
84054 56
84057 1
84070 60
84094 31
84101 62
84125 47
84139 102
84146 7
84157 78
84172 13
84177 71
84195 99
84211 42
84234 26
84277 80
84321 98
84357 48
84368 112
84399 85
84437 63
84465 26
84469 32
84482 13
84509 26
84529 40
84561 72
84579 5
84590 100
84612 69
84643 58
84679 27
84697 32
84731 14
84772 84
84775 104
84800 12
84820 93
84852 7
84892 64
84935 32
84941 117
84978 55
85011 60
85032 25
85075 100
85088 34
85125 111
85161 3
85192 73
85203 16
85206 122
85207 30
85233 90
85256 118
85274 72
85288 107
85311 21
85320 24
85357 52
85375 82
85377 78
85410 121
85447 31
85479 59
85518 6
85519 19
85531 127
85539 50
85553 48
85587 23
85591 2
85627 124
85655 127
85673 48
85675 105
85691 41
85727 29
85742 35
85749 111
85763 113
85800 120
85830 42
85867 40
85885 107
85905 60
85947 110
85948 55
85981 123
85986 30
85986 1
86027 109
86027 96
86028 37
86030 22
86063 61
86095 59
86122 91
86126 119
86136 95
86143 79
86153 21
86154 87
86182 55
86204 33
86213 12
86240 99
86265 106
86305 19
86314 113
86344 60
86380 29
86384 49
86425 41
86459 122
86464 93
86489 28
86493 40
86534 65
86557 7
86587 1
86624 82
86645 75
86670 93
86688 33
86727 76
86750 107
86757 5
86787 12
86826 21
86856 112
86893 3
86919 87
86951 22
86973 81
86980 92
87000 37
87036 17
87047 27
87079 125
87082 84
87120 15
87126 74
87156 101
87164 23
87183 95
87196 111
87202 17
87212 15
87223 16
87238 38
87247 115
87268 97
87311 65
87342 55
87367 21
87377 95
87387 4
87396 57
87436 27
87472 81
87488 106
87510 65
87553 125
87587 123
87608 7
87647 98
87667 77
87688 79
87722 72
87767 104
87810 37
87849 35
87863 75
87893 76
87936 59
87978 23
87998 95
88030 16
88073 86
88089 114
88129 77
88158 126
88177 123
88189 79
88201 44
88207 15
88229 59
88256 5
88288 40
88291 85
88315 87
88359 53
88374 13
88401 80
88425 77
88453 72
88459 93
88488 21
88523 5
88562 27
88591 13
88591 22
88610 73
88643 88
88648 72
88657 67
88694 28
88722 106
88727 66
88756 124
88779 114
88814 123
88849 20
88880 104
88903 85
88914 31
88926 110
88951 24
88968 26
89005 78
89040 39
89077 48
89121 61
89155 69
89181 21
89194 84
89232 59
89264 23
89304 21
89315 100
89336 49
89363 27
89366 115
89370 56
89400 34
89424 59
89439 49
89445 123
89449 5
89454 44
89471 112
89514 93
89527 39
89542 80
89583 88
89622 66
89650 98
89660 43
89703 75
89714 25
89723 75
89762 43
89788 105
89818 29
89837 119
89860 18
89874 27
89917 34
89949 55
89976 30
90018 54
90032 87
90073 66
90077 98
90084 82
90112 16
90152 71
90177 44
90201 111
90230 110
90240 23
90258 24
90272 50
90316 1
90343 5
90360 33
90385 101
90416 109
90440 65
90484 57
90529 59
90541 46
90544 86
90589 100
90630 88
90671 29
90676 108
90711 86
90725 73
90746 60
90767 84
90801 120
90841 85
90885 127
90903 81
90908 104
90931 120
90948 7
90984 92
91027 120
91063 85
91072 49
91096 111
91131 32
91150 81
91191 34
91211 111
91212 33
91226 35
91267 51
91283 63
91302 27
91333 56
91334 17
91379 103
91414 12
91453 42
91483 71
91511 19
91545 15
91547 114
91548 56
91571 12
91603 58
91616 59
91632 33
91649 48
91654 5
91667 15
91711 48
91726 16
91746 50
91764 93
91805 22
91840 69
91853 10
91874 36
91874 122
91905 113
91934 19
91970 48
91989 28
91993 96
91997 47
92033 37
92072 33
92088 53
92091 24
92120 5
92160 36
92160 61
92179 78
92186 18
92229 95
92266 43
92311 103
92311 59
92316 74
92352 121
92374 63
92376 81
92419 67
92456 98
92497 104
92521 57
92538 73
92567 90
92588 79
92596 40
92617 61
92631 113
92665 99
92703 19
92739 79
92775 114
92791 48
92834 113
92861 73
92864 2
92895 103
92900 54
92932 120
92957 77
92977 25
92989 117
93009 111
93013 39
93015 8
93057 87
93079 109
93091 94
93132 90
93161 111
93192 25
93203 37
93244 114
93268 36
93271 104
93290 7
93318 124
93342 124
93362 19
93378 117
93383 35
93414 124
93434 76
93437 109
93456 83
93465 44
93506 49
93542 58
93578 72
93586 89
93599 57
93622 91
93650 122
93682 64
93699 63
93742 32
93770 47
93809 94
93815 3
93833 118
93848 4
93883 100
93906 109
93922 85
93954 86
93973 6
93986 30
93994 44
94030 27
94073 5
94084 119
94108 9
94152 9
94173 114
94195 124
94213 127
94225 115
94257 6
94277 90
94299 48
94299 6
94330 42
94360 52
94389 58
94426 76
94428 116
94429 46
94437 17
94481 20
94505 44
94526 8
94546 107
94566 3
94585 50
94586 81
94619 95
94658 84
94659 39
94695 57
94708 76
94748 46
94751 99
94784 93
94803 15
94807 18
94843 122
94860 67
94874 32
94912 49
94937 110
94978 123
95014 37
95031 122
95064 121
95097 37
95138 119
95139 22
95169 24
95180 15
95190 99
95195 117
95235 108
95265 46
95306 66
95343 99
95346 82
95386 11
95404 45
95428 114
95444 96
95475 53
95519 106
95540 109
95558 56
95570 2
95576 76
95614 121
95621 94
95642 39
95680 4
95717 37
95758 42
95792 43
95811 88
95853 99
95875 32
95902 98
95903 74
95932 22
95935 39
95943 52
95979 34
96000 55
96029 21
96049 114
96079 30
96114 18
96142 100
96153 32
96167 91
96172 13
96209 83
96229 1
96251 51
96293 98
96304 5
96336 5
96345 18
96387 56
96413 48
96430 92
96448 9
96450 6
96478 79
96479 5
96513 120
96531 61
96570 117
96573 73
96583 27
96585 17
96589 82
96619 82
96628 12
96636 125
96671 88
96706 56
96736 8
96771 17
96812 15
96835 91
96859 60
96897 80
96908 6
96930 89
96946 97
96984 58
96998 80
97004 60
97017 74
97030 45
97065 50
97079 108
97122 104
97125 72
97139 122
97180 23
97219 89
97259 17
97290 60
97321 123
97341 20
97384 84
97411 99
97423 23
97455 48
97488 29
97498 50
97528 68
97534 38
97568 40
97589 85
97596 13
97616 32
97650 97
97662 43
97672 33
97705 65
97742 37
97758 53
97800 83
97809 62
97850 15
97881 96
97915 65
97941 117
97971 105
98014 34
98054 98
98061 89
98074 27
98076 19
98084 126
98125 19
98144 119
98175 101
98205 3
98220 29
98252 39
98282 19
98304 2
98348 105
98376 118
98403 101
98411 99
98446 83
98460 44
98491 74
98524 56
98534 73
98534 90
98558 106
98586 47
98619 28
98629 102
98657 69
98697 60
98737 116
98742 92
98753 111
98753 51
98794 123
98832 32
98860 103
98867 49
98879 45
98887 111
98932 40
98963 114
98967 121
98999 2
99038 45
99080 8
99115 7
99125 43
99152 92
99170 4
99206 94
99215 57
99230 111
99243 102
99262 112
99302 89
99306 116
99344 94
99382 4
99420 73
99430 113
99431 104
99467 66
99499 113
99541 28
99573 83
99600 120
99633 94
99648 84
99659 117
99663 54
99698 100
99734 111
99763 28
99791 59
99820 80
99826 3
99855 37
99883 119
99924 51
99968 48
100013 57
100023 113
100047 97
100073 91
100098 22
100135 86
100138 5
100159 127
100165 57
100176 104
100180 52
100193 116
100211 102
100221 25
100234 89
100243 34
100260 52
100262 85
100289 19
100301 75
100310 111
100329 52
100372 15
100383 90
100403 124
100442 35
100455 49
100458 62
100487 8
100496 104
100537 71
100542 106
100550 102
100552 95
100596 60
100629 62
100635 67
100680 55
100706 80
100706 48
100707 41
100730 113
100733 34
100756 85
100784 61
100788 89
100804 84
100808 45
100838 86
100867 50
100904 118
100904 43
100919 68
100947 120
100955 59
100995 18
101033 85
101049 99
101054 13
101061 61
101074 99
101105 103
101150 69
101174 4
101219 120
101233 90
101236 57
101251 79
101256 76
101291 110
101331 114
101358 123
101381 72
101426 63
101442 37
101486 90
101487 64
101528 76
101539 102
101574 98
101614 71
101628 46
101649 2
101688 16
101706 34
101720 124
101739 32
101739 80
101759 46
101790 105
101802 76
101832 89
101876 96
101919 33
101927 40
101955 50
101967 79
101998 95
102023 14
102024 47
102036 72
102058 101
102076 2
102087 81
102129 57
102170 125
102172 76
102175 62
102203 81
102224 95
102237 123
102244 17
102287 121
102309 84
102353 17
102385 125
102402 113
102434 8
102439 69
102465 100
102468 64
102468 89
102485 66
102492 22
102518 118
102558 49
102583 67
102603 46
102634 106
102656 38
102697 107
102729 85
102763 123
102788 45
102810 23
102839 61
102842 72
102850 8
102881 87
102920 86
102936 92
102941 105
102951 9
102953 62
102975 116
103002 82
103029 81
103031 120
103031 67
103069 20
103096 1
103104 111
103124 109
103142 41
103145 81
103165 80
103203 50
103232 89
103257 120
103264 39
103268 19
103306 114
103329 69
103333 125
103335 1
103344 126
103345 13
103379 96
103400 61
103437 11
103439 37
103483 78
103528 120
103557 91
103598 53
103622 74
103646 45
103689 27
103692 9
103714 97
103748 32
103753 110
103779 61
103816 45
103856 74
103878 95
103904 70
103911 95
103922 14
103922 67
103940 79
103945 107
103953 53
103957 123
103965 52
103985 46
103999 69
104037 39
104047 20
104048 117
104089 114
104121 45
104123 55
104128 70
104152 7
104165 23
104204 25
104242 76
104280 10
104322 13
104332 65
104346 117
104354 112
104386 22
104430 24
104460 93
104495 10
104512 39
104555 44
104599 94
104626 11
104670 47
104671 46
104700 87
104733 122
104751 73
104787 30
104810 24
104844 75
104847 20
104870 114
104894 23
104924 48
104924 32
104943 84
104944 24
104972 74
105004 56
105006 76
105025 114
105068 53
105096 102
105119 59
105130 42
105145 64
105174 66
105174 10
105194 122
105194 120
105224 105
105269 10
105303 91
105312 19
105318 95
105359 107
105373 13
105416 126
105420 35
105421 22
105441 4
105445 44
105470 103
105512 10
105538 21
105581 78
105607 70
105621 123
105642 126
105662 5
105675 49
105688 26
105709 45
105730 107
105774 71
105819 11
105847 67
105869 36
105878 6
105889 13
105917 20
105929 4
105948 119
105993 16
105997 119
106006 73
106024 61
106038 6
106068 83
106097 55
106124 84
106164 33
106167 82
106206 53
106228 72
106244 50
106262 43
106284 126
106329 103
106333 122
106374 85
106401 115
106434 32
106463 32
106498 53
106531 22
106543 83
106566 10
106596 26
106607 24
106624 46
106649 74
106659 48
106665 19
106668 37
106706 36
106713 19
106730 16
106731 31
106770 92
106781 123
106802 110
106827 45
106849 118
106882 90
106888 115
106890 29
106919 28
106934 123
106944 95
106960 56
106990 94
107032 40
107059 20
107080 19
107114 15
107146 50
107174 120
107176 78
107186 3
107200 44
107203 62
107217 56
107232 69
107259 126
107271 33
107274 105
107276 87
107308 28
107311 23
107311 109
107318 60
107320 117
107357 58
107365 73
107389 70
107426 114
107449 115
107477 108
107506 74
107542 50
107548 5
107591 124
107604 42
107625 2
107632 35
107663 72
107692 72
107731 25
107741 41
107748 80
107792 14
107824 114
107831 105
107842 8
107853 9
107877 80
107882 33
107910 15
107918 126
107937 46
107976 8
108018 46
108055 14
108056 113
108100 115
108143 7
108154 18
108185 72
108200 36
108216 80
108253 4
108270 8
108270 70
108271 64
108280 41
108299 20
108321 54
108343 114
108386 121
108406 126
108416 123
108449 69
108461 66
108493 108
108532 56
108574 51
108613 44
108618 43
108648 125
108661 74
108678 62
108699 66
108713 18
108733 110
108765 20
108809 107
108848 41
108859 86
108878 116
108904 107
108947 31
108985 31
108997 18
109042 107
109047 88
109088 87
109111 47
109150 119
109171 93
109204 102
109247 76
109267 112
109286 118
109320 70
109357 40
109398 13
109398 27
109414 28
109453 58
109488 108
109505 28
109527 60
109534 2
109537 101
109559 5
109563 57
109575 117
109593 36
109637 64
109677 34
109700 78
109729 23
109749 32
109770 92
109803 92
109808 99
109830 79
109860 49
109868 107
109905 42
109946 40
109987 118
110027 25
110041 48
110086 100
110116 114
110147 70
110156 18
110195 42
110239 124
110241 39
110246 79
110272 55
110302 90
110313 18
110358 92
110377 103
110380 83
110418 7
110432 94
110464 31
110507 55
110549 67
110572 83
110612 61
110638 18
110679 37
110694 92
110696 108
110710 42
110734 35
110734 15
110750 107
110791 28
110823 20
110863 28
110900 43
110917 78
110930 35
110973 25
110994 96
111014 50
111027 17
111035 120
111070 12
111090 84
111124 22
111166 97
111184 36
111192 96
111221 87
111252 70
111274 9
111313 23
111327 76
111352 78
111358 93
111374 28
111386 23
111412 125
111439 51
111477 125
111513 11
111516 81
111532 26
111563 66
111597 94
111616 109
111633 94
111674 52
111702 117
111705 117
111742 11
111765 19
111808 85
111827 4
111865 22
111899 50
111911 49
111925 93
111931 126
111950 78
111953 103
111975 23
111998 47
112005 97
112037 35
112070 65
112083 119
112083 107
112098 29
112141 96
112177 114
112214 57
112227 119
112239 73
112241 22
112274 26
112309 64
112321 28
112352 42
112375 33
112408 104
112451 39
112478 39
112505 41
112546 97
112552 44
112583 60
112584 49
112622 106
112633 3
112649 76
112692 108
112701 89
112712 38
112757 12
112766 62
112787 123
112825 112
112859 123
112882 41
112891 61
112925 26
112969 21
113014 98
113014 86
113052 24
113060 50
113074 46
113114 77
113118 17
113119 108
113129 51
113154 104
113170 96
113182 57
113206 70
113231 38
113249 74
113262 32
113282 37
113312 82
113331 6
113368 10
113375 73
113395 2
113406 8
113415 15
113431 37
113433 78
113454 34
113479 32
113518 34
113527 34
113569 82
113579 69
113604 46
113648 58
113676 97
113696 74
113722 86
113734 22
113772 41
113817 97
113853 109
113877 119
113898 79
113939 8
113945 19
113949 121
113953 106
113975 50
114020 45
114062 115
114071 98
114076 86
114114 98
114157 43
114174 121
114188 80
114215 89
114241 50
114245 123
114258 79
114266 84
114296 101
114308 57
114323 59
114351 15
114366 87
114409 108
114447 94
114451 82
114496 72
114518 78
114563 16
114581 25
114598 105
114623 46
114645 30
114667 10
114706 126
114746 79
114779 43
114820 102
114844 113
114856 101
114871 49
114900 115
114931 43
114941 24
114975 72
114985 58
115018 19
115036 15
115039 99
115077 110
115081 32
115108 52
115125 90
115158 63
115202 27
115228 111
115244 41
115288 31
115288 73
115297 119
115311 68
115312 64
115335 50
115376 58
115378 14
115403 113
115441 21
115456 29
115465 116
115509 4
115535 15
115536 11
115552 3
115566 40
115594 27
115599 77
115617 26
115651 33
115655 121
115675 53
115676 33
115720 74
115754 16
115772 96
115801 23
115838 31
115858 54
115881 43
115908 67
115922 55
115960 9
115980 77
116021 112
116065 3
116073 47
116090 123
116114 93
116118 97
116123 61
116141 97
116159 39
116195 86
116237 39
116260 9
116283 53
116305 114
116350 108
116386 18
116413 52
116438 103
116444 90
116459 114
116490 109
116534 2
116543 88
116560 55
116576 117
116594 29
116637 16
116668 23
116673 48
116676 65
116719 1
116738 33
116762 103
116796 98
116799 102
116825 103
116862 47
116870 59
116910 23
116948 14
116949 19
116980 28
117024 70
117043 23
117060 70
117082 48
117127 53
117147 64
117187 47
117230 5
117270 118
117274 13
117285 70
117314 79
117339 20
117376 125
117378 3
117379 117
117399 1
117426 50
117443 3
117477 105
117493 104
117510 47
117544 112
117557 70
117596 90
117605 52
117605 94
117633 66
117646 25
117674 42
117705 32
117734 116
117740 38
117781 14
117815 120
117841 124
117881 42
117923 109
117931 76
117957 54
117994 107
117997 110
118013 3
118023 44
118062 122
118085 117
118093 67
118100 62
118118 9
118163 21
118185 93
118193 17
118207 116
118212 115
118224 48
118255 69
118270 96
118277 68
118302 42
118320 6
118342 36
118348 87
118382 80
118424 32
118469 64
118478 51
118507 88
118522 118
118539 120
118569 27
118614 105
118637 47
118668 61
118703 126
118722 44
118751 68
118769 71
118795 89
118808 67
118830 29
118872 56
118888 40
118890 53
118892 32
118913 98
118929 116
118956 61
118956 5
118987 62
119024 49
119037 10
119067 108
119079 105
119110 85
119141 79
119160 22
119163 78
119165 81
119202 75
119236 117
119263 56
119282 67
119312 22
119313 7
119355 98
119374 57
119378 6
119407 111
119442 102
119484 6
119484 117
119514 100
119515 113
119530 97
119560 58
119602 48
119602 42
119607 5
119632 118
119677 57
119707 35
119736 39
119775 50
119780 44
119817 67
119843 40
119878 67
119915 28
119920 113
119926 117
119930 75
119962 85
119997 89
120035 116
120079 92
120110 33
120155 60
120200 3
120212 24
120219 74
120232 52
120274 99
120298 70
120329 42
120354 4
120389 115
120396 40
120401 95
120411 58
120451 67
120468 34
120482 76
120495 92
120540 107
120565 59
120592 76
120621 30
120650 27
120689 99
120729 119
120767 6
120806 17
120827 99
120849 34
120874 4
120876 39
120883 107
120913 17
120949 90
120957 35
120965 77
120995 34
121027 24
121054 29
121097 114
121132 96
121165 90
121199 103
121212 32
121240 11
121244 126
121254 60
121256 37
121294 123
121302 13
121328 40
121356 37
121370 73
121393 115
121416 76
121424 100
121437 14
121439 91
121481 62
121490 66
121514 111
121548 1
121571 64
121609 96
121634 109
121657 25
121660 61
121679 38
121700 119
121738 47
121749 34
121769 34
121771 33
121801 68
121818 108
121861 117
121877 19
121912 50
121926 83
121961 98
121989 41
122004 29
122026 5
122041 20
122049 95
122058 35
122097 101
122135 7
122158 108
122172 32
122176 110
122215 120
122232 31
122273 44
122291 18
122325 127
122333 58
122344 30
122377 52
122418 31
122430 14
122430 121
122454 50
122494 87
122523 7
122531 41
122554 124
122570 54
122599 27
122624 75
122658 11
122679 75
122689 12
122694 90
122722 1
122761 48
122768 37
122794 90
122826 107
122834 94
122875 24
122884 112
122893 7
122935 117
122957 7
122996 71
123038 3
123078 90
123093 74
123128 11
123165 39
123208 6
123230 91
123262 109
123262 121
123269 85
123283 41
123297 25
123321 4
123348 46
123372 58
123381 121
123418 93
123446 29
123481 88
123517 99
123551 122
123576 124
123578 22
123594 13
123594 4
123623 1
123634 120
123652 8
123696 41
123710 22
123713 57
123746 23
123785 34
123794 24
123827 28
123844 64
123845 90
123871 81
123875 28
123904 84
123930 17
123962 46
123965 104
123978 50
124008 33
124053 30
124073 84
124089 4
124112 7
124129 59
124147 126
124169 86
124179 115
124192 68
124193 123
124236 88
124250 117
124294 103
124316 33
124343 115
124351 99
124351 97
124370 94
124371 3
124372 127
124393 51
124401 53
124441 55
124443 30
124464 127
124500 51
124513 52
124534 45
124542 71
124567 73
124579 70
124581 83
124611 73
124630 96
124655 20
124695 87
124726 59
124740 117
124782 46
124827 62
124837 80
124844 12
124858 88
124871 56
124915 104
124932 101
124963 1
124989 83
124998 4
124999 84
125043 51
125062 27
125099 26
125130 15
125155 62
125172 102
125209 110
125238 86
125258 37
125299 21
125323 35
125323 109
125349 73
125391 27
125406 24
125427 10
125462 81
125470 6
125482 74
125486 80
125508 123
125524 49
125527 99
125552 88
125586 52
125597 127
125638 37
125677 106
125722 105
125742 75
125769 117
125793 9
125813 107
125848 35
125854 6
125884 116
125905 60
125929 21
125939 46
125963 106
125976 100
125997 42
126004 14
126048 91
126057 4
126093 72
126112 17
126150 123
126190 37
126208 4
126227 49
126241 108
126277 67
126279 87
126301 117
126342 74
126378 98
126414 81
126427 23
126464 118
126495 30
126522 44
126533 11
126546 46
126562 119
126579 54
126605 41
126638 111
126656 15
126662 105
126690 102
126727 45
126753 20
126785 35
126806 111
126851 124
126895 114
126938 10
126976 25
127005 72
127007 71
127024 72
127047 69
127078 125
127108 26
127128 29
127172 30
127190 40
127225 42
127246 38
127271 14
127316 73
127327 61
127359 127
127387 12
127429 3
127453 4
127485 85
127505 84
127508 122
127521 62
127549 21
127581 27
127622 118
127651 52
127660 110
127681 95
127686 76
127698 98
127725 62
127768 126
127795 99
127799 97
127803 26
127809 1
127809 75
127853 56
127865 119
127907 121
127934 28
127967 14
128009 90
128022 17
128039 125
128059 17
128098 18
128098 109
128142 6
128158 26
128187 27
128232 89
128269 35
128296 84
128299 19
128337 25
128373 1
128373 23
128387 105
128399 21
128418 9
128453 115
128481 18
128517 6
128543 36
128585 100
128601 124
128610 62
128637 37
128639 111
128668 77
128671 86
128677 69
128690 39
128691 96
128707 81
128737 7
128759 12
128778 85
128794 60
128828 64
128862 108
128877 19
128883 14
128899 61
128903 22
128929 25
128932 68
128956 61
128999 58
129031 87
129047 93
129062 42
129070 51
129108 46
129133 13
129148 95
129187 115
129194 102
129236 120
129237 59
129260 47
129302 62
129340 74
129342 10
129356 10
129397 50
129415 80
129415 118
129420 7
129455 109
129471 67
129473 19
129481 12
129490 15
129528 50
129549 90
129560 117
129583 6
129596 119
129619 83
129663 46
129675 2
129715 22
129746 61
129772 4
129785 115
129789 45
129814 75
129857 76
129869 18
129914 124
129957 12
129991 58
130035 75
130036 72
130078 61
130116 69
130130 9
130175 47
130185 90
130197 8
130209 92
130217 67
130220 88
130265 84
130268 110
130303 38
130325 8
130346 15
130367 104
130409 90
130434 66
130456 22
130482 45
130507 29
130535 76
130543 76
130548 42
130566 53
130577 7
130621 66
130631 91
130665 53
130671 60
130682 101
130692 30
130717 56
130756 24
130784 64
130816 56
130844 52
130876 44
130886 8
130917 78
130959 97
130967 77
131006 74
131008 6
131014 119
131036 119
131061 62
131062 86
131091 49
131110 78
131142 109
131181 98
131205 105
131215 42
131240 102
131283 44
131321 114
131364 32
131409 104
131424 26
131459 68
131484 103
131501 112
131543 27
131582 40
131624 67
131649 19
131656 126
131694 69
131704 63
131734 68
131752 72
131766 90
131782 35
131816 64
131849 85
131855 92
131891 6
131933 69
131946 106
131991 81
132016 108
132032 21
132033 73
132033 77
132046 119
132075 41
132119 31
132156 25
132170 39
132207 102
132212 80
132216 90
132220 41
132225 74
132260 58
132265 40
132284 70
132290 12
132291 90
132301 94
132324 107
132335 117
132337 64
132364 23
132382 119
132423 100
132458 98
132482 46
132499 97
132523 16
132563 48
132588 74
132611 106
132634 22
132670 76
132701 46
132710 80
132743 127
132763 37
132799 124
132822 112
132841 117
132869 30
132901 87
132933 87
132959 88
132997 115
133031 73
133062 124
133086 7
133113 74
133136 29
133142 52
133155 66
133197 88
133198 54
133212 95
133218 5
133239 18
133267 64
133278 91
133320 5
133327 32
133357 3
133371 97
133403 56
133413 46
133457 84
133497 105
133529 110
133569 124
133573 32
133610 106
133634 11
133646 3
133666 39
133678 123
133679 60
133708 87
133747 50
133754 90
133767 94
133788 60
133803 15
133819 113
133828 62
133853 40
133857 61
133886 79
133915 22
133922 118
133947 35
133960 32
133993 83
134034 3
134046 65
134075 44
134087 77
134132 19
134172 94
134181 63
134225 14
134252 69
134269 89
134289 98
134315 29
134326 40
134330 58
134338 45
134358 36
134381 72
134414 66
134423 10
134449 75
134470 56
134481 96
134495 94
134497 15
134514 64
134535 42
134559 68
134571 16
134577 12
134617 70
134657 87
134677 62
134700 103
134718 79
134741 105
134778 16
134799 38
134828 108
134844 21
134870 34
134900 39
134921 58
134940 32
134952 64
134976 69
135007 22
135018 89
135063 8
135102 20
135119 49
135121 64
135153 96
135181 86
135219 20
135221 70
135250 95
135259 14
135262 115
135305 27
135350 106
135355 35
135358 72
135384 81
135402 89
135405 24
135414 39
135423 22
135433 41
135467 9
135509 87
135547 68
135586 34
135627 16
135628 122
135659 83
135694 61
135739 94
135749 53
135751 89
135791 16
135816 103
135833 6
135834 23
135871 70
135905 119
135932 83
135973 34
135974 120
136014 103
136017 79
136026 52
136061 94
136085 56
136100 19
136115 13
136148 77
136190 7
136196 77
136209 108
136251 14
136251 123
136269 86
136295 54
136325 59
136334 73
136375 65
136379 57
136401 93
136409 37
136421 1
136431 31
136447 38
136491 17
136509 114
136516 16
136548 113
136573 32
136595 6
136635 49
136673 42
136679 65
136695 33
136714 90
136736 113
136764 32
136779 47
136814 2
136817 67
136850 65
136860 59
136894 117
136912 93
136924 114
136952 99
136990 14
137008 98
137047 73
137050 123
137092 82
137101 108
137127 47
137156 107
137180 57
137187 5
137214 44
137227 23
137258 32
137271 59
137316 71
137346 25
137348 55
137391 10
137410 106
137431 37
137437 82
137463 82
137487 112
137503 107
137543 123
137558 123
137562 82
137565 60
137590 14
137633 91
137639 6
137677 90
137686 94
137723 88
137743 73
137774 74
137813 88
137852 124
137863 110
137893 58
137919 37
137923 74
137964 110
137972 94
138011 38
138017 3
138017 38
138035 80
138037 117
138066 80
138071 79
138075 14
138112 82
138118 68
138137 101
138176 29
138216 34
138217 60
138241 84
138252 41
138255 91
138280 71
138323 48
138360 41
138368 51
138410 47
138421 13
138458 54
138464 67
138469 5
138478 97
138478 36
138484 42
138520 72
138553 29
138589 118
138623 116
138648 111
138681 7
138693 72
138709 99
138741 96
138741 106
138784 38
138816 23
138818 120
138835 119
138867 104
138889 31
138920 20
138940 70
138959 99
138986 97
139001 103
139029 57
139061 11
139080 60
139098 83
139132 18
139148 52
139184 37
139197 26
139220 116
139244 47
139272 76
139289 112
139334 11
139378 125
139381 78
139390 116
139404 36
139434 117
139477 87
139490 116
139490 79
139528 63
139554 64
139568 36
139579 107
139607 89
139641 53
139677 18
139716 125
139747 13
139776 96
139788 61
139815 100
139851 102
139870 105
139904 27
139922 19
139922 85
139963 122
139974 125
140006 82
140007 78
140048 35
140050 126
140064 125
140097 5
140112 108
140125 62
140166 91
140186 2
140208 12
140223 9
140263 6
140263 117
140297 11
140321 40
140321 11
140351 43
140364 13
140403 46
140409 38
140449 122
140449 123
140453 20
140462 101
140484 73
140495 17
140501 79
140507 14
140509 75
140545 80
140562 81
140564 29
140567 29
140588 34
140628 61
140635 37
140657 52
140669 107
140693 118
140694 44
140738 127
140779 86
140809 103
140819 108
140848 64
140886 125
140906 66
140916 90
140938 17
140982 124
141004 109
141005 52
141037 7
141044 31
141058 103
141073 15
141091 94
141133 25
141148 45
141186 30
141221 1
141265 3
141265 85
141309 102
141327 39
141330 62
141346 95
141373 118
141412 101
141445 107
141452 82
141488 78
141522 28
141529 68
141542 82
141579 111
141593 125
141634 77
141677 30
141712 31
141742 89
141773 34
141813 59
141834 53
141843 104
141871 24
141912 64
141941 76
141984 115
142017 2
142019 119
142026 99
142061 80
142089 30
142114 101
142117 101
142130 14
142167 3
142170 77
142173 88
142192 74
142229 125
142247 109
142287 79
142288 75
142311 59
142350 70
142388 19
142404 13
142404 9
142433 41
142441 123
142455 47
142470 14
142488 61
142513 112
142557 6
142595 117
142626 27
142656 58
142689 89
142727 16
142730 122
142768 40
142795 125
142799 126
142829 74
142867 85
142895 81
142927 26
142942 79
142957 61
142968 85
142984 38
143008 44
143023 1
143040 56
143077 23
143118 86
143135 65
143144 126
143178 75
143182 18
143205 102
143223 77
143254 46
143255 16
143296 47
143306 90
143332 47
143357 109
143378 49
143409 2
143445 3
143476 14
143504 14
143510 89
143537 46
143559 85
143582 60
143600 126
143618 36
143637 9
143661 96
143686 32
143694 98
143702 53
143745 46
143746 26
143768 67
143806 1
143831 116
143873 12
143917 42
143926 13
143954 117
143966 81
143973 88
143998 11
144042 78
144050 66
144089 20
144106 100
144113 118
144148 72
144176 8
144197 51
144197 42
144197 82
144241 7
144247 127
144268 61
144293 122
144294 45
144312 9
144319 20
144326 35
144343 37
144345 83
144363 38
144383 103
144425 123
144429 53
144458 113
144484 78
144490 78
144492 104
144528 22
144551 68
144585 118
144606 34
144615 17
144618 100
144648 55
144679 115
144706 25
144721 31
144729 19
144747 8
144767 100
144803 36
144837 14
144868 27
144913 118
144916 33
144957 93
144993 57
145015 47
145054 54
145075 87
145105 81
145150 48
145156 28
145195 61
145217 8
145228 79
145248 57
145287 53
145304 68
145344 118
145377 9
145416 7
145456 11
145495 34
145502 115
145507 21
145510 36
145541 37
145566 94
145583 82
145602 98
145641 4
145676 80
145709 25
145730 8
145733 65
145766 16
145772 28
145816 38
145836 26
145865 90
145881 106
145891 107
145904 64
145938 88
145969 11
146002 16
146032 117
146037 83
146053 18
146061 56
146106 85
146112 101
146137 111
146167 31
146212 4
146239 33
146281 10
146296 7
146330 63
146345 84
146389 96
146401 70
146403 109
146437 95
146461 60
146498 65
146502 122
146528 92
146559 44
146600 40
146622 25
146639 113
146682 58
146686 77
146730 116
146771 59
146805 21
146823 124
146862 109
146869 56
146908 114
146943 10
146943 62
146988 92
146999 90
147043 35
147052 14
147088 93
147093 64
147106 43
147141 10
147179 60
147201 113
147213 113
147254 68
147294 83
147324 90
147362 20
147389 6
147414 58
147440 69
147458 86
147482 80
147492 99
147496 38
147498 87
147531 46
147550 98
147572 45
147600 49
147643 112
147668 68
147675 16
147704 28
147709 125
147733 102
147758 57
147801 10
147831 65
147872 87
147911 74
147949 110
147986 91
148002 42
148044 101
148060 11
148075 65
148118 87
148139 126
148165 106
148198 102
148219 97
148232 78
148236 45
148265 62
148273 29
148281 125
148312 34
148337 43
148364 124
148398 32
148417 59
148462 91
148504 14
148515 112
148539 124
148574 77
148611 12
148647 112
148669 53
148674 76
148705 19
148735 8
148778 115
148819 79
148840 17
148854 82
148882 96
148927 50
148951 73
148996 26
149034 31
149065 34
149086 20
149127 90
149132 116
149133 47
149178 42
149189 40
149232 91
149237 111
149261 45
149288 34
149288 79
149291 100
149319 47
149329 100
149371 31
149402 63
149440 65
149447 112
149483 81
149525 124
149543 5
149584 65
149586 12
149631 55
149647 53
149660 106
149663 70
149681 80
149715 108
149739 78
149751 15
149766 33
149791 123
149817 119
149841 116
149845 4
149857 3
149861 118
149877 52
149917 11
149918 115
149963 18
149985 117
150023 108
150061 51
150098 9
150100 88
150106 119
150145 17
150156 94
150175 19
150213 28
150215 88
150221 32
150253 39
150268 89
150305 38
150327 76
150327 82
150345 114
150346 104
150385 25
150391 113
150413 111
150448 69
150486 26
150526 60
150544 92
150561 68
150566 71
150609 62
150617 16
150642 79
150657 24
150696 113
150705 26
150714 56
150740 43
150768 97
150799 26
150826 68
150856 43
150878 126
150898 15
150940 42
150968 49
151008 31
151048 75
151078 68
151093 95
151121 23
151129 17
151151 91
151188 32
151212 34
151235 18
151236 4
151271 105
151298 118
151339 99
151369 56
151379 96
151413 106
151445 20
151481 27
151515 56
151525 111
151551 1
151553 31
151593 9
151633 11
151669 7
151705 66
151740 69
151780 64
151789 15
151817 7
151818 83
151851 64
151891 56
151908 37
151935 79
151967 40
151982 55
152021 35
152033 116
152059 84
152095 84
152097 42
152120 71
152156 59
152179 69
152210 125
152219 44
152229 98
152230 97
152263 126
152276 118
152282 86
152324 113
152351 14
152361 113
152403 103
152415 53
152456 41
152497 34
152517 99
152555 57
152586 56
152619 82
152664 46
152694 85
152738 14
152753 73
152756 7
152759 118
152785 64
152830 94
152862 18
152874 42
152898 10
152934 5
152956 56
152994 49
153012 6
153043 125
153088 116
153119 7
153154 8
153154 7
153161 13
153178 6
153185 17
153205 60
153205 99
153221 109
153253 6
153279 126
153292 19
153323 122
153324 13
153364 102
153403 64
153443 105
153453 4
153497 8
153536 64
153564 74
153569 17
153602 2
153644 40
153664 86
153688 92
153715 113
153738 27
153754 53
153798 113
153819 61
153854 108
153857 61
153882 11
153904 87
153912 80
153927 119
153948 47
153983 101
153996 125
154002 75
154024 56
154026 78
154063 7
154066 7
154088 70
154104 33
154148 107
154184 126
154185 49
154202 122
154232 2
154275 36
154288 77
154299 43
154329 124
154340 4
154373 7
154418 5
154458 68
154500 56
154517 63
154557 74
154570 48
154570 37
154600 36
154610 76
154619 111
154619 44
154622 19
154626 69
154651 6
154692 89
154733 114
154774 49
154784 48
154797 64
154800 121
154821 107
154836 48
154837 89
154846 89
154868 114
154901 120
154925 54
154952 66
154975 48
154994 16
155008 66
155027 103
155067 123
155094 42
155138 126
155157 86
155194 20
155230 96
155257 85
155267 44
155286 59
155324 26
155363 126
155364 12
155388 119
155404 13
155442 124
155473 8
155480 33
155517 9
155546 37
155569 75
155595 51
155632 20
155664 13
155669 104
155695 47
155713 28
155734 19
155736 76
155776 114
155801 79
155846 34
155875 114
155896 4
155936 4
155939 96
155962 50
155974 4
156015 8
156040 81
156043 48
156061 54
156076 31
156099 108
156115 44
156155 122
156186 77
156198 66
156228 67
156232 4
156236 84
156266 87
156277 79
156291 59
156291 97
156293 26
156295 91
156307 10
156344 95
156363 105
156388 18
156431 95
156470 6
156509 71
156553 122
156574 70
156583 33
156623 19
156666 107
156700 24
156741 71
156741 41
156753 115
156788 11
156790 72
156825 57
156843 114
156883 1
156890 21
156923 51
156954 107
156963 112
156980 6
157005 115
157015 127
157028 41
157065 60
157065 112
157090 59
157108 31
157112 32
157127 40
157152 112
157165 2
157171 91
157210 101
157227 88
157262 47
157272 43
157283 64
157290 102
157318 95
157342 105
157360 16
157393 108
157407 13
157442 29
157472 61
157481 98
157512 40
157549 40
157571 35
157580 48
157594 35
157625 93
157640 2
157648 116
157666 30
157707 112
157721 4
157726 19
157735 89
157744 75
157762 77
157782 56
157800 99
157826 5
157837 9
157845 79
157867 88
157883 123
157896 54
157911 66
157911 84
157950 57
157983 103
158011 34
158047 113
158078 32
158117 113
158149 125
158161 85
158201 81
158217 120
158260 59
158268 82
158283 82
158322 5
158334 63
158340 27
158346 104
158359 98
158398 106
158428 44
158455 53
158470 102
158474 57
158477 50
158477 6
158493 82
158513 5
158517 99
158560 104
158583 64
158620 38
158645 19
158658 125
158670 78
158674 65
158703 72
158744 22
158774 59
158776 124
158801 56
158824 117
158857 18
158877 2
158879 125
158918 94
158943 70
158976 103
158986 126
159029 1
159065 71
159066 87
159066 40
159108 116
159121 115
159147 89
159170 40
159193 41
159199 102
159221 2
159230 92
159257 106
159263 6
159275 51
159313 67
159315 46
159332 47
159360 10
159392 69
159411 119
159438 19
159464 104
159495 98
159531 108
159562 4
159588 94
159626 4
159634 39
159670 109
159712 15
159748 56
159771 9
159797 21
159817 71
159819 22
159839 125
159867 113
159903 59
159929 11
159936 92
159939 22
159943 39
159968 49
159993 19
160017 50
160057 59
160079 22
160122 40
160157 92
160191 76
160196 52
160202 113
160229 47
160260 25
160297 61
160315 125
160354 104
160390 3
160397 76
160408 106
160417 65
160417 111
160456 4
160457 54
160478 9
160507 34
160531 33
160539 39
160548 40
160556 78
160596 77
160625 58
160654 109
160664 23
160685 108
160730 52
160746 47
160791 51
160819 74
160848 87
160851 25
160862 98
160904 68
160937 12
160945 72
160951 104
160969 113
160985 27
161014 73
161041 107
161053 67
161072 43
161108 70
161127 33
161171 23
161200 84
161210 56
161224 55
161241 108
161265 45
161274 72
161313 75
161352 98
161388 61
161407 52
161416 83
161421 56
161454 63
161479 29
161495 114
161527 27
161564 81
161595 52
161597 36
161639 123
161674 5
161719 59
161744 68
161787 31
161805 22
161828 76
161853 90
161896 48
161928 12
161938 28
161979 16
162001 24
162029 125
162041 31
162041 23
162083 76
162107 81
162113 32
162127 10
162154 83
162191 111
162191 21
162230 24
162244 32
162275 121
162292 103
162327 57
162368 126
162396 14
162436 3
162446 83
162472 30
162472 12
162508 54
162547 51
162591 21
162624 48
162640 41
162685 87
162714 54
162755 18
162797 90
162824 44
162840 17
162847 61
162872 58
162876 78
162893 73
162915 62
162948 80
162973 107
163013 95
163016 115
163033 29
163041 101
163060 13
163105 87
163133 23
163163 77
163185 85
163209 103
163244 2
163281 56
163288 110
163313 25
163324 119
163325 12
163341 43
163379 80
163380 94
163422 15
163431 120
163470 121
163507 60
163538 90
163554 30
163574 35
163613 15
163656 24
163693 92
163723 56
163754 3
163761 124
163786 51
163790 98
163835 91
163836 76
163872 19
163907 57
163943 77
163954 15
163972 26
163998 31
163999 102
164009 10
164045 45
164048 40
164059 121
164084 18
164104 99
164138 53
164167 29
164174 5
164210 65
164234 97
164250 65
164252 82
164287 32
164292 21
164320 70
164359 2
164373 116
164410 2
164411 16
164434 24
164478 77
164505 71
164533 91
164574 74
164576 107
164596 72
164636 33
164660 27
164691 97
164706 15
164741 60
164749 69
164756 116
164785 38
164802 29
164812 87
164832 80
164868 11
164871 108
164902 55
164907 24
164934 40
164947 104
164975 109
165017 21
165052 87
165052 69
165075 102
165109 58
165122 121
165133 41
165141 119
165183 8
165226 102
165229 84
165246 61
165250 57
165273 30
165282 71
165322 78
165332 93
165375 67
165420 76
165459 105
165500 24
165545 95
165553 105
165564 25
165605 38
165605 39
165612 49
165642 115
165652 115
165683 80
165712 118
165747 120
165760 82
165768 67
165805 22
165813 72
165858 126
165894 52
165902 37
165920 84
165920 17
165961 66
165982 38
166022 98
166055 108
166069 40
166074 50
166111 20
166135 55
166172 59
166208 93
166244 46
166285 98
166323 83
166354 32
166369 51
166395 43
166422 33
166456 96
166483 125
166499 87
166510 2
166555 106
166577 33
166596 51
166620 108
166640 39
166665 102
166675 25
166682 80
166723 25
166725 109
166769 17
166811 115
166835 96
166843 99
166865 70
166871 98
166872 85
166873 38
166916 79
166937 119
166952 38
166991 43
167031 62
167036 113
167068 22
167076 71
167116 82
167120 5
167129 83
167164 81
167192 83
167214 36
167219 126
167253 50
167294 126
167314 83
167357 72
167368 41
167380 90
167414 60
167445 16
167476 78
167487 101
167509 39
167527 7
167527 13
167572 13
167584 52
167602 81
167621 12
167628 2
167665 71
167675 114
167715 61
167728 93
167740 63
167770 57
167807 74
167823 32
167826 1
167859 25
167865 90
167888 103
167902 100
167934 27
167960 25
167962 126
167993 112
168002 65
168012 25
168046 59
168059 19
168104 72
168105 30
168131 123
168147 106
168156 78
168167 56
168184 11
168219 30
168252 17
168265 82
168271 78
168300 62
168310 30
168337 119
168377 42
168404 126
168412 120
168415 37
168445 72
168466 116
168507 79
168514 40
168555 96
168583 47
168604 33
168631 15
168633 105
168661 15
168680 82
168701 87
168734 2
168754 65
168759 70
168788 126
168793 109
168804 55
168815 4
168851 71
168872 87
168909 24
168923 41
168940 123
168974 86
169006 35
169012 68
169039 52
169075 48
169094 5
169112 53
169129 65
169136 21
169161 68
169178 105
169183 37
169202 39
169203 91
169230 17
169273 9
169301 123
169339 64
169346 89
169357 57
169380 103
169399 102
169407 41
169415 8
169434 92
169459 39
169497 83
169539 3
169570 80
169613 82
169627 84
169630 81
169641 69
169682 72
169685 35
169686 8
169700 113
169704 98
169735 30
169769 63
169803 117
169821 86
169833 9
169858 109
169870 61
169874 127
169909 90
169912 21
169931 84
169956 57
169970 82
170014 121
170041 34
170068 41
170095 66
170128 83
170164 60
170183 41
170192 31
170227 61
170231 112
170245 3
170283 82
170316 44
170344 100
170345 113
170375 94
170403 19
170431 70
170443 90
170477 91
170513 103
170526 110
170557 97
170574 59
170604 71
170608 16
170634 62
170669 82
170683 30
170712 52
170752 63
170785 15
170810 3
170812 25
170842 91
170876 80
170881 47
170881 121
170923 24
170929 88
170959 44
170972 55
170975 18
170990 108
170998 120
171005 44
171034 107
171059 114
171086 59
171103 95
171117 1
171123 52
171167 125
171176 74
171202 115
171218 111
171262 44
171291 84
171334 124
171344 41
171345 114
171355 45
171355 13
171357 122
171402 34
171406 24
171441 102
171471 46
171507 46
171512 54
171556 118
171567 47
171579 4
171602 106
171617 38
171654 79
171698 95
171718 8
171741 48
171786 89
171805 120
171843 113
171882 56
171900 67
171905 3
171926 89
171940 64
171960 45
171996 63
172033 115
172066 63
172079 75
172104 85
172133 115
172177 82
172187 6
172212 45
172216 57
172242 15
172268 15
172271 66
172280 56
172290 121
172309 8
172336 49
172363 38
172401 33
172440 32
172447 54
172447 57
172457 120
172466 125
172472 87
172500 57
172538 44
172556 52
172561 40
172603 29
172615 26
172645 94
172656 48
172689 113
172704 120
172749 126
172767 40
172799 36
172828 2
172828 109
172836 112
172873 59
172877 16
172916 14
172951 60
172967 118
172974 91
172988 62
173026 40
173071 32
173096 20
173140 55
173178 83
173183 104
173210 43
173223 89
173262 118
173293 85
173297 126
173318 93
173347 40
173358 67
173392 88
173423 64
173450 89
173452 48
173497 43
173515 18
173535 120
173544 91
173565 52
173586 3
173594 33
173636 17
173640 51
173670 17
173713 22
173719 111
173747 82
173753 113
173791 6
173831 13
173856 126
173872 87
173911 125
173914 5
173924 48
173950 46
173951 4
173967 39
173996 35
174038 3
174044 10
174088 23
174103 64
174120 15
174153 21
174177 100
174218 93
174261 11
174301 21
174344 67
174377 59
174397 13
174439 85
174471 110
174480 92
174481 79
174504 94
174525 115
174557 114
174571 87
174586 88
174597 14
174635 29
174678 84
174714 16
174741 17
174754 93
174795 71
174809 26
174847 51
174869 9
174883 1
174904 23
174916 4
174944 96
174961 122
174986 75
175024 11
175050 82
175085 112
175129 73
175156 125
175174 86
175209 124
175220 6
175258 13
175296 106
175309 23
175335 98
175359 86
175364 44
175409 21
175421 74
175459 116
175474 47
175496 70
175525 5
175555 53
175585 116
175592 75
175631 119
175636 7
175646 42
175658 123
175678 16
175722 81
175728 21
175738 75
175753 98
175760 37
175801 80
175843 74
175864 37
175886 46
175918 86
175961 2
175964 6
175968 46
175999 115
176044 115
176055 96
176080 67
176118 125
176149 20
176186 118
176220 84
176227 47
176270 73
176298 70
176320 41
176329 110
176346 72
176349 30
176370 7
176380 100
176424 32
176428 51
176430 35
176457 84
176465 96
176498 69
176534 38
176570 102
176609 19
176636 19
176643 125
176663 66
176676 96
176693 116
176693 82
176714 35
176755 108
176789 97
176790 85
176826 45
176835 56
176859 1
176887 38
176892 63
176898 11
176902 116
176918 106
176928 115
176971 13
176997 35
177037 107
177060 68
177074 61
177092 93
177111 29
177135 60
177150 115
177174 62
177193 102
177193 77
177234 32
177260 102
177305 38
177328 120
177340 92
177368 65
177397 71
177408 106
177422 42
177463 32
177488 27
177518 90
177538 73
177569 82
177596 90
177608 67
177644 42
177673 66
177704 124
177706 72
177738 7
177769 110
177790 3
177815 75
177824 126
177854 55
177888 65
177920 48
177934 76
177965 37
177986 100
178022 4
178051 28
178068 117
178110 70
178142 6
178161 4
178200 19
178227 91
178229 96
178264 38
178272 96
178285 9
178324 58
178343 58
178385 120
178411 49
178441 87
178483 61
178518 93
178532 36
178567 47
178600 30
178631 76
178646 68
178653 61
178664 25
178680 25
178692 1
178716 62
178751 68
178758 9
178789 64
178800 66
178838 124
178845 50
178866 39
178908 117
178920 89
178965 79
179001 108
179035 114
179061 115
179096 38
179110 126
179117 49
179131 15
179160 43
179189 10
179199 13
179234 33
179257 64
179282 43
179317 78
179341 82
179384 90
179426 108
179434 107
179434 27
179469 86
179505 81
179506 4
179550 104
179569 127
179580 30
179589 48
179623 87
179646 72
179651 10
179678 99
179702 94
179734 20
179772 19
179774 77
179780 69
179820 91
179831 89
179875 11
179901 126
179928 45
179958 64
179979 12
180007 21
180010 124
180025 43
180050 42
180084 84
180118 28
180159 20
180193 94
180193 92
180220 65
180256 111
180271 116
180285 94
180314 98
180330 91
180369 52
180395 127
180409 65
180413 44
180446 77
180454 62
180485 57
180506 73
180515 119
180536 69
180570 73
180604 79
180621 27
180629 122
180650 97
180677 51
180716 35
180737 13
180738 45
180781 65
180822 111
180856 16
180884 61
180887 104
180905 105
180928 121
180954 79
180989 65
180994 14
181008 82
181024 108
181035 51
181065 50
181090 72
181112 114
181147 109
181172 5
181196 51
181231 36
181271 2
181276 92
181289 48
181316 72
181334 47
181336 91
181364 92
181381 49
181410 127
181433 78
181476 38
181517 69
181530 72
181541 12
181560 76
181582 78
181599 91
181638 125
181658 73
181687 31
181729 92
181749 93
181754 127
181785 121
181792 107
181820 93
181861 15
181887 90
181914 35
181951 11
181982 56
182000 99
182041 78
182054 70
182056 27
182101 71
182110 18
182128 56
182173 57
182173 15
182185 106
182221 34
182250 29
182281 95
182299 74
182327 87
182369 26
182386 10
182415 126
182422 7
182447 53
182459 30
182504 8
182512 82
182554 77
182580 95
182617 83
182647 8
182672 61
182695 111
182706 46
182740 6
182758 23
182765 42
182779 111
182785 109
182809 6
182820 123
182853 26
182892 14
182924 65
182961 107
182996 91
183039 19
183075 72
183089 22
183094 110
183123 59
183150 19
183162 95
183192 114
183229 35
183238 85
183257 34
183282 78
183320 94
183347 109
183374 3
183377 1
183394 84
183430 16
183462 111
183469 17
183483 42
183510 97
183551 48
183567 30
183608 25
183650 51
183667 107
183705 86
183742 94
183756 21
183781 52
183819 28
183826 58
183845 122
183847 121
183884 22
183916 109
183927 57
183950 116
183987 94
183997 88
184016 41
184030 6
184045 93
184086 113
184117 84
184159 23
184183 99
184223 33
184232 27
184252 87
184288 74
184301 24
184320 26
184337 50
184354 116
184367 119
184367 36
184378 118
184406 83
184423 27
184453 123
184479 57
184493 51
184535 27
184569 119
184610 60
184619 68
184619 122
184636 50
184655 9
184660 22
184699 31
184742 67
184751 54
184783 29
184815 97
184860 88
184899 102
184938 127
184954 33
184955 83
185000 39
185009 102
185041 86
185050 78
185060 4
185087 63
185121 75
185149 127
185193 31
185232 6
185254 39
185272 71
185283 66
185320 118
185324 102
185349 105
185383 68
185388 48
185410 24
185435 60
185470 14
185475 67
185496 85
185530 124
185558 76
185601 47
185639 118
185669 50
185681 1
185686 93
185727 99
185759 80
185763 58
185806 12
185818 34
185842 1
185862 104
185872 18
185909 1
185930 54
185941 106
185986 113
186029 8
186030 35
186057 111
186068 63
186105 88
186114 68
186129 55
186153 68
186180 20
186210 87
186215 2
186218 118
186252 72
186255 50
186295 49
186333 124
186362 8
186367 71
186381 110
186414 88
186456 91
186457 112
186489 38
186498 101
186542 119
186581 92
186595 19
186603 86
186634 117
186656 7
186668 40
186684 109
186729 29
186739 104
186760 81
186798 90
186816 107
186856 72
186862 40
186893 28
186916 67
186931 56
186972 123
187010 88
187051 92
187083 87
187085 51
187115 122
187141 57
187151 73
187172 117
187191 38
187215 101
187258 30
187301 10
187324 45
187343 106
187375 48
187378 63
187378 126
187388 95
187424 117
187446 102
187469 4
187493 55
187520 88
187564 44
187590 105
187591 58
187620 122
187653 50
187697 2
187706 106
187709 127
187718 22
187749 85
187764 117
187784 78
187808 27
187830 27
187852 29
187866 78
187871 75
187894 22
187936 98
187978 79
187992 2
188016 64
188052 125
188074 35
188085 103
188117 35
188118 10
188122 75
188156 50
188200 117
188215 75
188216 32
188238 56
188250 67
188255 33
188261 109
188269 112
188299 107
188339 27
188344 25
188354 108
188376 30
188393 12
188409 118
188420 66
188426 66
188453 94
188477 116
188504 83
188512 116
188512 13
188529 125
188569 92
188594 10
188617 44
188647 12
188666 19
188666 21
188705 116
188744 74
188763 124
188783 62
188792 42
188793 99
188815 67
188857 79
188857 55
188876 91
188912 75
188929 20
188947 41
188976 10
188997 41
189015 90
189021 54
189038 113
189060 52
189083 75
189089 92
189107 59
189138 76
189176 10
189217 80
189246 43
189267 14
189297 124
189331 67
189348 50
189348 3
189363 32
189382 105
189423 113
189456 108
189470 24
189503 4
189515 84
189542 21
189586 117
189599 106
189620 6
189645 70
189656 86
189666 15
189694 65
189702 97
189728 68
189760 50
189770 74
189770 82
189790 44
189820 121
189849 87
189854 31
189889 82
189933 13
189940 11
189984 119
190012 42
190047 63
190075 82
190080 79
190085 5
190115 3
190158 58
190187 77
190225 118
190252 42
190281 80
190286 127
190297 113
190311 121
190342 40
190347 4
190347 90
190360 74
190387 90
190407 22
190407 99
190423 107
190462 51
190473 58
190487 55
190529 8
190553 15
190588 118
190598 112
190641 78
190675 94
190679 88
190681 60
190686 75
190699 39
190737 110
190741 63
190781 29
190809 22
190831 60
190840 35
190850 60
190856 68
190857 32
190896 51
190931 127
190953 103
190988 104
191011 97
191023 113
191041 27
191059 56
191104 9
191147 16
191174 39
191188 31
191226 81
191231 53
191265 117
191302 31
191330 39
191352 54
191362 109
191376 125
191381 110
191411 34
191433 126
191457 13
191488 2
191492 127
191492 73
191498 65
191516 1
191543 78
191561 4
191603 53
191623 66
191631 115
191676 72
191713 30
191724 10
191750 98
191786 3
191795 14
191829 108
191862 111
191899 40
191937 69
191981 68
191986 123
191993 74
192001 25
192026 5
192069 24
192103 100
192110 80
192111 25
192124 111
192144 78
192160 8
192177 117
192200 88
192232 32
192258 85
192295 74
192295 125
192313 14
192329 38
192361 45
192366 89
192396 22
192409 72
192450 10
192469 79
192469 95
192514 69
192550 18
192573 79
192613 90
192623 25
192668 22
192693 115
192695 76
192713 125
192721 125
192763 112
192776 6
192787 3
192812 52
192847 70
192870 64
192872 21
192894 79
192939 62
192978 118
193019 12
193046 2
193059 58
193069 100
193095 98
193100 80
193109 9
193149 97
193172 121
193202 103
193234 17
193269 84
193298 79
193308 10
193344 34
193352 83
193367 57
193387 3
193409 99
193443 117
193488 2
193530 39
193537 15
193558 33
193579 125
193607 58
193647 109
193650 72
193690 123
193709 103
193714 67
193730 21
193766 61
193800 91
193810 74
193811 110
193823 34
193868 86
193880 9
193886 100
193887 25
193908 84
193918 51
193941 8
193969 7
193970 83
193976 86
193998 57
194017 56
194044 3
194050 111
194091 97
194127 107
194133 25
194138 111
194143 23
194185 48
194221 91
194258 120
194265 35
194294 54
194333 105
194369 109
194386 81
194410 109
194410 76
194450 26
194489 20
194529 101
194556 117
194582 55
194621 126
194645 121
194659 62
194680 61
194681 12
194691 98
194708 119
194730 30
194757 118
194800 27
194839 120
194857 76
194892 48
194907 25
194923 108
194945 126
194989 64
195004 120
195011 88
195016 2
195028 16
195071 100
195082 108
195087 93
195116 55
195155 24
195188 42
195226 75
195228 80
195244 118
195280 100
195298 45
195338 30
195368 8
195383 100
195403 30
195439 13
195479 61
195507 19
195513 55
195540 99
195548 102
195557 94
195598 81
195639 21
195649 73
195680 7
195715 84
195752 87
195785 110
195821 24
195852 51
195894 56
195926 54
195965 31
195990 68
196019 63
196039 55
196053 112
196053 101
196091 78
196115 112
196131 78
196166 17
196201 49
196224 96
196269 50
196281 38
196304 100
196349 15
196357 121
196383 76
196423 10
196465 101
196497 23
196531 57
196548 111
196572 97
196592 103
196605 16
196640 8
196674 49
196719 2
196721 35
196745 75
196762 127
196784 91
196814 94
196856 8
196898 69
196918 125
196929 8
196971 110
196979 14
197007 2
197037 50
197062 40
197064 83
197072 75
197072 108
197115 8
197147 11
197171 115
197173 127
197215 71
197235 2
197258 43
197288 78
197323 127
197367 42
197400 69
197408 45
197432 49
197477 113
197505 79
197537 41
197576 31
197578 12
197621 73
197638 36
197649 121
197649 119
197667 90
197687 112
197712 88
197749 83
197766 4
197786 1
197793 56
197830 29
197830 37
197873 30
197893 71
197921 12
197947 58
197951 4
197996 4
197997 16
198041 13
198044 110
198046 37
198090 91
198097 34
198126 37
198157 118
198196 126
198222 38
198260 119
198300 51
198323 71
198359 2
198390 43
198404 2
198414 70
198441 113
198447 90
198481 5
198505 87
198521 86
198539 78
198542 13
198580 100
198595 110
198618 14
198661 50
198688 19
198701 43
198721 32
198730 84
198772 101
198816 102
198836 91
198861 77
198862 15
198878 110
198915 83
198960 40
199000 108
199044 117
199079 81
199100 64
199122 121
199152 66
199162 60
199186 67
199197 13
199241 89
199286 124
199326 100
199327 1
199365 92
199409 116
199415 10
199422 95
199465 19
199506 6
199540 94
199566 47
199582 124
199583 59
199608 74
199632 61
199666 45
199676 77
199693 54
199697 89
199727 66
199755 57
199767 69
199784 56
199803 51
199822 28
199861 95
199896 4
199928 98
199957 122
199989 45
200027 39
200054 31
200074 72
200099 83
200144 26
200147 66
200188 73
200211 67
200241 112
200286 63
200290 50
200308 54
200352 19
200381 45
200403 80
200408 3
200431 38
200447 29
200466 57
200491 59
200535 4
200562 77
200577 75
200595 71
200636 56
200666 17
200711 47
200712 113
200729 40
200770 40
200815 42
200851 110
200882 113
200903 108
200923 117
200935 71
200950 58
200993 82
201025 69
201053 11
201089 55
201092 125
201135 5
201142 64
201156 111
201175 86
201186 15
201226 122
201251 83
201278 81
201318 64
201337 58
201346 85
201372 54
201417 38
201424 39
201454 90
201486 74
201502 64
201515 85
201517 6
201537 62
201556 11
201599 73
201601 120
201624 101
201626 94
201642 77
201678 97
201720 95
201749 121
201787 40
201794 27
201820 112
201854 52
201893 31
201934 5
201955 48
201974 95
202010 23
202012 66
202036 17
202074 30
202114 65
202154 53
202196 120
202205 125
202210 106
202255 61
202296 84
202336 82
202342 111
202354 55
202383 105
202427 19
202449 31
202452 17
202479 70
202489 123
202502 34
202518 58
202561 59
202574 25
202580 15
202623 38
202636 50
202636 27
202668 11
202673 32
202701 52
202726 110
202736 121
202741 7
202777 23
202819 34
202828 16
202864 118
202878 83
202918 66
202954 85
202963 57
202970 71
203014 39
203044 37
203054 36
203083 54
203123 50
203147 88
203159 107
203175 80
203186 33
203223 63
203265 79
203287 79
203288 123
203311 34
203350 44
203360 119
203402 19
203442 25
203450 97
203482 89
203500 34
203544 28
203566 22
203575 81
203594 101
203607 50
203622 11
203629 17
203647 108
203650 35
203657 95
203687 82
203703 10
203714 25
203756 19
203781 114
203793 56
203801 79
203820 40
203865 112
203871 20
203879 117
203906 62
203908 98
203950 72
203952 49
203989 87
203999 91
204027 94
204049 3
204094 121
204110 3
204110 59
204110 20
204132 33
204168 19
204201 115
204226 2
204242 58
204258 117
204294 102
204302 59
204340 108
204365 103
204379 91
204394 23
204422 8
204463 1
204506 117
204534 90
204569 10
204577 114
204592 88
204614 103
204622 11
204646 38
204664 71
204669 104
204674 112
204674 57
204704 41
204704 1
204740 122
204745 97
204755 91
204763 32
204792 12
204820 98
204851 7
204890 92
204904 90
204931 51
204970 53
204983 70
204997 111
205015 13
205051 114
205077 34
205085 80
205107 73
205124 58
205141 8
205147 89
205149 105
205171 50
205202 62
205216 49
205258 66
205278 53
205323 60
205340 56
205380 40
205416 97
205434 39
205464 91
205481 81
205526 113
205567 22
205597 17
205597 70
205633 3
205663 112
205703 25
205715 23
205735 65
205744 7
205744 62
205772 120
205790 111
205790 41
205818 19
205843 125
205862 71
205862 86
205885 64
205909 76
205938 104
205952 15
205987 4
206002 47
206009 94
206030 103
206031 51
206048 26
206076 39
206115 17
206160 100
206170 56
206188 119
206222 82
206239 88
206266 95
206300 82
206335 38
206338 10
206338 47
206369 55
206389 102
206392 77
206424 24
206426 50
206433 125
206447 7
206486 38
206530 16
206541 90
206553 38
206592 79
206596 109
206617 37
206628 70
206640 8
206654 47
206690 90
206718 13
206734 69
206748 24
206777 107
206818 65
206842 105
206849 62
206875 13
206905 1
206922 82
206940 110
206978 87
207019 20
207020 113
207065 57
207065 85
207109 7
207145 111
207170 82
207177 94
207206 57
207231 74
207254 12
207283 11
207315 5
207319 27
207344 110
207382 64
207423 5
207433 121
207445 75
207476 26
207498 6
207518 57
207561 115
207569 118
207614 92
207628 17
207667 35
207687 127
207704 99
207727 4
207744 25
207778 47
207795 17
207825 62
207858 59
207893 58
207931 26
207942 67
207956 110
207979 46
207995 69
208016 14
208023 81
208060 58
208105 73
208114 5
208129 27
208135 4
208166 40
208168 40
208171 86
208209 70
208246 37
208272 76
208309 73
208351 61
208371 122
208400 125
208443 17
208451 46
208473 3
208485 45
208525 114
208539 3
208549 114
208560 41
208587 58
208632 94
208633 103
208659 127
208666 54
208681 79
208700 122
208738 108
208762 49
208777 7
208802 3
208807 91
208839 63
208868 65
208902 85
208920 13
208920 94
208962 125
208972 37
209014 17
209038 4
209071 121
209096 17
209111 15
209124 115
209143 108
209152 43
209186 100
209210 50
209227 4
209239 52
209241 122
209248 18
209277 111
209321 66
209341 59
209354 40
209382 84
209413 62
209420 27
209453 44
209485 87
209485 23
209498 52
209541 108
209566 56
209606 8
209637 53
209643 12
209657 90
209676 93
209707 6
209750 57
209790 64
209819 79
209842 41
209861 96
209905 48
209944 31
209952 29
209997 86
210002 41
210042 75
210064 103
210069 72
210084 108
210116 108
210148 64
210167 15
210178 32
210205 29
210235 115
210270 116
210284 62
210317 49
210323 122
210336 37
210343 98
210346 91
210372 107
210387 85
210419 82
210449 113
210485 115
210497 56
210526 12
210550 34
210570 113
210600 122
210615 57
210630 37
210673 27
210685 47
210690 4
210703 23
210747 22
210776 54
210803 16
210806 57
210806 20
210838 10
210872 81
210890 10
210914 97
210920 29
210959 125
210978 99
211001 1
211043 5
211061 117
211077 68
211116 78
211130 11
211149 57
211172 91
211215 94
211222 73
211244 84
211289 21
211328 74
211346 30
211375 74
211396 20
211402 117
211428 56
211428 10
211448 25
211449 110
211488 11
211512 54
211540 38
211569 88
211573 64
211593 109
211630 49
211656 30
211675 105
211694 80
211735 91
211745 106
211786 118
211794 126
211802 66
211833 81
211833 88
211833 37
211873 35
211900 61
211943 60
211965 10
211986 100
211992 25
212025 99
212026 57
212034 10
212040 45
212067 126
212085 92
212089 117
212103 119
212123 97
212147 106
212147 121
212181 117
212181 103
212215 94
212233 16
212264 60
212293 17
212321 11
212341 90
212343 56
212386 58
212414 65
212414 13
212451 58
212465 62
212496 105
212522 43
212541 75
212572 47
212595 70
212602 87
212630 91
212664 10
212668 85
212689 92
212696 36
212734 18
212751 26
212768 127
212811 74
212811 34
212836 69
212837 78
212854 4
212883 36
212905 32
212909 72
212935 97
212948 23
212961 107
212985 108
212985 78
213025 45
213038 24
213057 121
213075 70
213088 57
213093 121
213120 73
213126 13
213135 4
213166 59
213189 99
213209 65
213225 34
213236 99
213253 93
213259 119
213281 111
213301 67
213325 32
213360 93
213402 54
213447 85
213491 57
213508 80
213528 126
213541 58
213561 74
213564 88
213604 118
213630 31
213668 97
213696 84
213727 2
213757 60
213785 123
213828 55
213857 34
213879 108
213886 79
213917 125
213945 97
213963 87
213977 111
214022 80
214046 26
214054 123
214070 76
214070 82
214080 95
214081 6
214121 75
214136 117
214163 124
214189 48
214213 102
214216 86
214242 72
214268 70
214272 10
214317 47
214329 30
214354 31
214399 1
214426 127
214440 34
214445 21
214462 15
214490 51
214523 121
214555 91
214576 23
214582 69
214623 113
214643 114
214680 3
214688 8
214697 25
214739 26
214748 15
214757 24
214794 119
214836 113
214873 43
214876 111
214889 94
214898 68
214932 18
214935 83
214942 111
214980 54
215003 87
215010 98
215054 107
215067 69
215082 3
215088 45
215099 63
215126 126
215134 57
215178 120
215184 28
215221 108
215228 96
215262 8
215275 110
215316 16
215342 23
215347 7
215352 71
215382 81
215409 70
215439 29
215442 77
215468 109
215498 47
215512 85
215543 55
215583 81
215614 76
215646 58
215668 5
215694 22
215708 100
215731 110
215766 96
215777 114
215786 95
215821 79
215841 14
215872 63
215889 11
215891 13
215901 14
215910 38
215915 119
215939 51
215949 117
215959 70
215960 49
215965 39
216008 32
216039 29
216070 63
216112 12
216123 42
216125 125
216135 20
216163 117
216185 27
216222 104
216259 6
216285 52
216313 22
216331 107
216341 36
216367 19
216403 101
216437 115
216441 47
216474 17
216475 79
216486 35
216491 26
216493 75
216515 101
216545 109
216546 71
216547 9
216574 125
216606 34
216630 53
216659 25
216697 24
216711 108
216729 68
216767 14
216779 54
216794 4
216816 68
216851 9
216873 33
216902 64
216923 3
216968 46
217009 22
217036 11
217059 1
217092 59
217107 15
217120 120
217151 101
217156 31
217172 46
217196 120
217232 82
217277 125
217292 92
217292 113
217313 16
217314 53
217341 51
217380 48
217405 3
217416 11
217421 43
217426 102
217450 27
217461 9
217495 15
217515 35
217532 89
217565 98
217573 18
217589 69
217595 52
217602 62
217618 74
217630 84
217646 7
217649 94
217666 35
217685 90
217694 88
217696 112
217729 36
217768 88
217787 55
217827 42
217837 80
217860 52
217860 63
217873 41
217889 119
217907 49
217927 85
217955 69
217958 71
217964 14
217982 22
218007 105
218029 112
218068 25
218093 54
218129 111
218146 91
218150 120
218169 16
218171 69
218177 56
218211 31
218219 34
218236 111
218273 110
218273 104
218315 90
218344 113
218356 115
218393 96
218428 15
218434 118
218461 102
218461 89
218477 117
218485 78
218528 39
218572 6
218580 75
218623 92
218627 123
218637 6
218642 68
218663 91
218688 123
218727 106
218762 55
218780 1
218788 57
218793 97
218816 110
218832 94
218850 3
218866 99
218888 93
218925 25
218964 6
218986 97
218997 116
219005 99
219049 118
219068 30
219078 37
219112 126
219141 96
219186 35
219217 18
219225 85
219250 33
219252 101
219263 82
219307 53
219332 96
219339 64
219344 100
219375 27
219409 74
219420 78
219442 112
219479 66
219499 127
219510 12
219542 81
219578 109
219604 101
219632 71
219659 13
219663 81
219707 56
219746 82
219781 61
219811 17
219818 41
219837 90
219850 120
219850 81
219893 109
219896 119
219926 91
219937 94
219940 39
219977 73
220015 48
220031 63
220072 50
220101 6
220120 45
220144 34
220144 125
220164 19
220173 126
220178 7
220203 11
220204 100
220235 92
220264 119
220269 115
220293 45
220332 34
220345 124
220388 15
220404 61
220431 67
220453 123
220495 88
220507 86
220514 6
220524 44
220539 100
220566 56
220569 29
220608 88
220638 62
220671 23
220701 115
220720 13
220756 91
220797 113
220831 81
220845 119
220874 43
220915 50
220951 40
220954 61
220954 68
220985 65
221010 19
221031 94
221037 67
221072 57
221117 75
221126 41
221133 117
221148 65
221187 90
221220 49
221230 104
221269 63
221288 89
221300 121
221331 26
221376 56
221384 25
221390 39
221418 43
221451 33
221470 106
221485 108
221516 117
221536 89
221541 2
221572 116
221588 65
221606 112
221620 27
221661 75
221691 47
221730 53
221746 45
221789 61
221798 25
221833 126
221877 55
221889 112
221902 25
221915 69
221957 106
221965 26
221990 84
222020 94
222025 20
222070 38
222086 32
222130 60
222163 114
222203 123
222205 63
222225 80
222241 27
222261 30
222290 75
222332 35
222357 46
222402 101
222408 89
222428 94
222436 24
222450 85
222460 8
222474 26
222491 15
222497 112
222541 111
222542 120
222558 59
222577 104
222604 17
222611 62
222620 93
222651 23
222655 114
222681 124
222707 70
222746 126
222758 17
222763 76
222795 90
222827 119
222854 94
222864 24
222898 74
222936 72
222938 125
222982 125
222982 3
223014 123
223027 83
223039 102
223043 81
223048 73
223084 20
223118 2
223133 19
223170 20
223170 110
223189 25
223205 69
223248 4
223282 87
223297 89
223331 115
223368 89
223386 12
223414 49
223425 109
223454 32
223481 88
223491 82
223527 24
223565 35
223602 74
223606 23
223617 96
223626 95
223641 115
223682 120
223725 11
223740 89
223756 109
223760 10
223779 126
223801 35
223814 5
223857 20
223867 73
223903 19
223930 29
223967 101
223980 55
224016 91
224043 89
224069 20
224098 19
224119 38
224156 28
224195 46
224203 17
224208 70
224208 4
224222 89
224223 56
224256 99
224297 40
224324 38
224324 103
224339 5
224354 91
224384 70
224397 79
224423 8
224441 27
224446 30
224462 45
224476 92
224502 11
224543 8
224552 1
224586 16
224591 11
224607 18
224613 16
224624 42
224656 13
224701 23
224707 24
224728 1
224746 104
224768 25
224807 18
224833 45
224866 4
224879 41
224900 9
224901 120
224943 96
224977 109
224979 17
224991 76
225024 90
225035 90
225059 90
225068 23
225104 5
225126 62
225138 92
225174 66
225215 109
225237 44
225238 112
225274 118
225303 13
225306 1
225328 49
225369 18
225397 83
225438 79
225455 81
225467 17
225493 36
225524 84
225547 55
225577 17
225593 113
225614 29
225639 87
225644 33
225689 115
225715 104
225745 45
225762 71
225786 120
225831 67
225862 119
225907 84
225944 56
225966 7
225998 96
226038 85
226076 120
226093 40
226118 63
226127 13
226127 58
226168 73
226191 1
226192 56
226214 42
226245 24
226259 54
226276 59
226286 45
226327 72
226355 14
226358 90
226373 101
226415 18
226448 93
226469 121
226500 9
226513 119
226544 14
226568 51
226571 25
226608 36
226633 25
226667 53
226684 94
226719 117
226720 123
226751 49
226764 8
226798 18
226842 44
226864 76
226881 85
226898 107
226940 83
226942 69
226949 29
226992 120
227030 97
227042 126
227085 27
227088 70
227098 42
227139 62
227165 56
227199 126
227236 13
227255 124
227299 51
227342 26
227353 27
227385 52
227417 54
227452 14
227462 39
227462 111
227485 98
227491 40
227532 32
227534 6
