3 20
14 88
27 19
35 94
64 120
95 101
104 97
111 91
129 72
148 126
192 13
218 107
258 100
264 66
295 126
317 98
325 105
358 67
391 48
392 49
425 69
450 19
482 23
527 103
561 125
563 85
603 120
635 76
640 101
647 7
648 50
672 12
685 15
713 10
720 69
752 103
767 22
796 120
804 68
807 39
850 57
872 79
903 19
947 109
978 58
983 72
1008 34
1017 19
1031 29
1062 74
1070 33
1097 116
1100 39
1113 89
1155 73
1179 50
1184 9
1206 20
1223 84
1226 48
1271 11
1301 112
1322 113
1353 12
1392 46
1414 106
1455 120
1461 73
1489 83
1511 78
1549 1
1583 46
1594 65
1636 57
1669 34
1691 112
1724 118
1750 99
1763 12
1783 82
1819 35
1833 127
1870 113
1870 10
1876 42
1919 35
1950 67
1994 15
2022 66
2029 49
2029 21
2042 122
2054 124
2073 124
2115 22
2148 40
2151 28
2186 3
2194 95
2225 8
