8 47
12 82
43 41
76 121
110 2
138 79
139 100
154 96
188 83
196 59
202 78
208 83
238 95
270 81
289 88
305 24
325 110
327 39
357 37
402 123
420 120
452 62
468 110
470 59
506 40
542 4
567 46
592 24
621 8
663 69
689 96
718 40
752 8
773 121
786 63
797 33
811 28
826 60
851 127
878 106
921 11
931 123
970 81
1015 45
1033 102
1063 39
1080 45
1118 53
1155 29
1187 90
1225 43
1227 92
1262 27
1268 66
1275 116
1317 62
1330 113
1368 83
1395 78
1418 83
1432 4
1477 65
1518 106
1551 89
1586 27
1603 94
1627 81
1631 6
1650 95
1685 58
1699 88
1701 127
1707 48
1709 102
1751 101
1776 49
1793 84
1829 3
1872 126
1882 125
1917 35
1962 83
1982 76
2022 90
2038 39
2041 119
2058 10
2094 50
2115 77
2152 105
2158 17
2199 81
2226 2
2245 44
2272 47
2296 109
2339 125
2355 21
2362 59
2385 35
