31 103
44 124
74 88
104 81
112 9
143 49
157 103
201 75
240 47
271 51
316 56
321 7
321 56
359 116
360 24
388 100
401 41
422 107
440 4
442 28
444 92
447 83
489 61
530 110
533 72
537 99
580 73
598 94
640 24
640 116
651 84
696 84
706 17
747 40
763 126
771 31
810 116
810 55
811 41
814 126
823 93
842 81
881 41
893 88
928 62
957 62
1002 111
1038 64
1057 98
1072 100
1076 33
1102 42
1133 5
1169 43
1208 52
1236 95
1254 51
1259 10
1264 4
1277 73
1286 20
1291 104
1314 12
1347 6
1347 77
1347 82
1387 85
1407 20
1410 80
1453 73
1472 52
1494 106
1503 18
1525 66
1564 121
1598 118
1629 26
1657 50
1688 87
1688 44
1726 63
1767 79
1811 101
1846 66
1890 50
1918 107
1937 120
1952 99
1974 82
1995 23
2038 101
2067 91
2106 19
2140 114
2158 52
2158 77
2190 64
2214 11
2222 48
2228 127
