38 85
77 5
121 123
132 57
166 19
179 5
220 45
235 102
235 94
277 22
278 79
303 71
329 72
365 102
381 85
382 76
419 58
464 55
486 16
503 64
545 89
569 110
600 67
628 6
664 3
664 37
682 85
701 84
739 119
757 1
784 121
788 117
792 37
798 28
815 95
815 89
844 125
855 76
861 81
861 120
882 3
895 7
939 17
958 101
986 10
1010 17
1029 18
1070 17
1083 14
1107 24
1118 99
1153 83
1179 126
1193 83
1211 87
1250 110
1250 3
1258 108
1281 107
1286 115
1321 80
1334 22
1344 20
1376 59
1414 73
1426 120
1444 41
1455 4
1455 73
1460 5
1484 54
1509 120
1549 72
1562 4
1581 106
1621 12
1655 53
1675 122
1687 40
1705 57
1712 125
1728 91
1772 31
1804 119
1811 121
1813 117
1851 121
1851 116
1852 23
1864 54
1908 79
1945 67
1976 37
2012 118
2015 34
2035 34
2075 68
2085 44
2085 67
2100 11
2107 90
2150 122
2175 91
2204 26
2227 59
2227 36
2234 87
2257 61
2286 25
2303 10
2306 115
2320 3
2365 45
2382 63
2384 107
2419 7
2423 77
2434 32
2457 26
2467 105
2472 103
2490 43
2508 9
2546 117
2565 85
2593 33
2602 39
2633 68
2659 96
2671 30
2703 112
2710 124
2726 97
2736 72
2740 7
2771 97
2773 41
2783 69
2796 111
2837 11
2856 75
2865 86
2886 41
2899 97
2914 33
2941 31
2952 25
2978 23
2989 3
3013 88
3044 87
3086 39
3101 114
3120 61
3125 108
3153 102
3181 109
3225 81
3231 112
3256 99
3282 122
3291 56
3322 66
3363 74
3392 103
3436 38
3460 83
3498 8
3507 39
3524 111
3538 104
3561 38
3586 26
3617 110
3645 101
3652 76
3663 109
3680 92
3694 54
3718 122
3759 23
3802 83
3823 29
3848 5
3862 108
3884 21
3906 53
3944 31
3957 100
3990 79
4029 99
4066 35
4084 123
4127 80
4137 3
4169 91
4190 94
4231 14
4255 95
4271 20
4300 117
4345 6
4357 119
4394 38
4396 60
4416 85
4422 61
4462 95
4484 86
4506 33
4518 92
4523 110
4568 12
4601 98
4638 48
4682 92
4701 59
4711 66
4725 79
4736 55
4757 109
4785 118
4786 75
4808 59
4821 47
4843 77
4869 78
4906 48
4918 46
4921 123
4944 76
4948 73
4992 96
4994 75
4998 83
5028 3
5067 31
5072 4
5094 123
5126 90
5159 41
5197 29
5233 69
5275 76
5276 7
5295 89
5328 98
5361 34
5391 18
5415 29
5452 107
5455 5
5487 39
5496 53
5517 76
5545 73
5570 75
5572 85
5573 95
5612 22
5633 46
5656 122
5666 104
5677 73
5709 50
5750 101
5767 64
5784 68
5801 44
5812 76
5823 126
5859 11
5877 14
5893 4
5912 77
5939 20
5956 51
5978 37
5984 5
6029 40
6061 83
6077 26
6089 124
6098 53
6113 6
6121 101
6165 32
6170 3
6185 60
6204 25
6246 63
6275 50
6306 51
6328 126
6365 77
6394 72
6414 25
6447 114
6478 97
6492 38
6536 48
6576 68
6582 36
6611 124
6627 8
6632 51
6663 77
6673 26
6710 113
6733 14
6762 45
6767 113
6787 11
6808 6
6846 41
6864 17
6879 124
6901 45
6939 7
6976 118
7001 21
7001 46
7031 126
7074 49
7090 22
7111 3
7122 88
7155 9
7179 126
7223 69
7254 107
7282 67
7307 101
7328 73
7328 123
7371 45
7407 95
7437 44
7454 33
7485 41
7516 68
7550 63
7576 35
7588 111
7618 34
7642 3
7659 55
7698 98
7720 89
7743 52
7759 15
7781 114
7795 127
7840 104
7883 100
7889 96
7916 85
7931 52
7950 107
7986 82
8006 43
8025 43
8051 89
8061 7
8086 6
8103 91
8140 72
8147 112
8182 126
8219 39
8225 50
8256 37
8259 119
8281 52
8311 27
8328 55
8366 17
8382 32
8426 23
8454 90
8457 38
8461 64
8470 110
8508 124
8532 41
8540 27
8554 78
8579 83
8596 125
8607 41
8618 119
8655 108
8667 82
8670 54
8683 23
8716 24
8721 100
8759 28
8779 58
8803 14
8820 105
8861 61
8901 84
8940 9
8946 7
8980 55
8986 60
9000 59
9032 16
9037 84
9076 96
9116 111
9119 45
9146 108
9161 115
9169 90
9206 20
9214 122
9256 56
9294 121
9316 61
9325 41
9353 5
9398 75
9414 90
9429 52
9440 96
9476 60
9510 45
9545 73
9581 96
9610 14
9619 7
9654 79
9668 84
9692 82
9698 49
9732 64
9743 72
9775 45
9791 16
9803 78
9817 54
9833 59
9848 9
9866 94
9883 76
9921 43
9958 33
9977 66
10010 23
10036 84
10041 119
10060 40
10079 95
10111 54
10126 122
10135 89
10147 102
10182 21
10204 107
10235 14
10265 110
10273 23
10293 54
10314 67
10335 101
10336 74
10347 20
10348 110
10393 22
10417 35
10457 38
10485 32
10508 67
10521 87
10538 68
10538 118
10582 69
10605 59
10638 96
10657 102
10667 112
10689 15
10699 62
10733 47
10744 49
10745 61
10758 89
10780 40
10789 101
10822 50
10847 2
10888 26
10901 37
10939 105
10950 23
10956 5
10982 30
10990 103
11004 40
11036 110
11043 97
11059 89
11086 16
11097 63
11101 92
11131 83
11161 58
11173 7
11184 85
11228 44
11254 1
11294 92
11334 81
11352 4
11355 106
11399 105
11417 2
11451 82
11475 62
11482 48
11517 44
11520 82
11560 66
11588 106
11599 29
11639 120
11646 1
11676 119
11684 109
11726 93
11743 61
11751 120
11751 33
11752 15
11763 92
11764 64
11773 42
11774 123
11801 57
11804 100
11827 84
11842 87
11845 66
11887 116
11889 35
11920 24
11954 20
11959 110
12000 125
12012 23
12055 87
12092 107
12127 11
12167 85
12176 117
12180 101
12194 33
12201 86
12207 120
12222 61
12255 23
12273 47
12303 33
12316 67
12354 85
12398 42
12401 14
12441 21
12472 2
12493 71
12535 7
12549 87
12569 106
12602 112
12631 63
12667 54
12690 103
12725 33
12758 39
12798 95
12809 95
12848 22
12858 34
12901 15
12932 39
12951 10
12961 75
13005 41
13014 27
13026 71
13037 105
13056 32
13100 42
13144 87
13153 10
13191 110
13209 17
13224 109
13252 103
13282 10
13287 126
13308 73
13311 109
13328 112
13361 69
13366 105
13404 17
13408 23
13435 109
13455 32
13465 115
13479 11
13502 39
13535 36
13580 87
13621 86
13643 80
13675 32
13717 23
13750 8
13782 84
13805 51
13834 66
13847 54
13867 19
13912 108
13914 45
13956 86
13995 120
14024 96
14040 109
14063 94
14088 76
14123 103
14126 61
14149 37
14176 35
14221 124
14260 120
14274 108
14305 114
14345 125
14353 30
14380 91
14420 21
14428 113
14438 87
14456 96
14463 4
14476 2
14504 19
14511 15
14555 97
14578 50
14598 72
14604 102
14633 83
14647 85
14649 73
14678 96
14678 5
14681 11
14709 47
14733 83
14751 98
14785 100
14821 84
14836 34
14850 2
14858 52
14865 109
14902 25
14904 10
14947 113
14947 68
14975 56
14987 114
15027 95
15038 23
15049 107
15073 70
15114 53
15120 55
15146 76
15161 94
15162 114
15181 126
15194 8
15234 76
15242 65
15279 54
15312 102
15344 4
15386 6
15391 70
15392 76
15419 38
15432 43
15446 50
15484 64
15523 7
15534 99
15572 4
15573 4
15610 31
15653 70
15695 109
15697 127
15701 127
15729 78
15755 3
15761 66
15761 114
15805 81
15824 124
15836 91
15877 114
15898 106
15939 26
15984 89
16024 1
16058 94
16085 87
16110 38
16151 42
16170 118
16177 52
16219 62
16252 77
16289 61
16289 120
16298 6
16325 98
16360 44
16375 65
16379 56
16391 109
16418 3
16439 44
16441 112
16442 26
16448 83
16476 96
16498 106
16504 47
16512 38
16520 30
16539 88
16562 9
16566 47
16583 88
16628 56
16632 31
16654 9
16681 65
16686 92
16712 83
16756 59
16793 84
16823 94
16847 105
16862 111
16902 106
16914 114
16939 18
16940 123
16983 24
17013 3
17039 114
17047 119
17065 5
17067 23
17092 95
17104 113
17124 73
17126 18
17163 104
17167 104
17179 106
17190 74
17192 54
17201 11
17218 7
17233 24
17272 110
17291 68
17294 41
17313 102
17351 101
17377 13
17404 63
17439 45
17452 69
17467 19
17489 28
17511 39
17513 78
17528 17
17549 90
17586 92
17598 122
17638 97
17676 31
17701 109
17744 60
17763 111
17769 119
17775 90
17781 113
17788 86
17809 5
17846 8
17873 124
17886 102
17890 53
17892 13
17905 105
17949 26
17954 125
17978 11
18020 15
18028 123
18069 66
18102 120
18125 125
18127 8
18141 60
18153 46
18173 82
18213 123
18219 122
18263 22
18277 109
18307 16
18350 62
18372 116
18414 123
18423 121
18454 102
18457 26
18467 46
18486 62
18498 73
18519 70
18530 87
18571 108
18580 104
18607 111
18638 16
18645 109
18690 98
18726 41
18746 81
18771 3
18780 31
18820 121
18865 87
18900 80
18904 100
18908 104
18930 81
18975 19
19001 36
19024 127
19052 6
19061 16
19099 53
19112 124
19133 9
19145 18
19175 107
19192 69
19215 107
19236 84
19238 97
19271 107
19289 88
19290 125
19332 72
19346 98
19380 112
19415 112
19460 75
19505 86
19532 35
19534 86
19569 50
19575 107
19581 111
19621 98
19621 103
19632 29
19637 41
19667 5
19683 2
19697 67
19713 24
19741 48
19763 13
19790 85
19804 72
19824 18
19834 111
19846 44
19871 7
19889 1
19904 76
19942 13
19949 46
19982 25
20015 33
20049 122
20081 40
20096 103
20122 6
20131 22
20135 2
20170 31
20189 14
20209 10
20215 106
20239 5
20264 123
20280 88
20307 86
20331 98
20368 52
20396 22
20438 24
20465 72
20497 10
20520 117
20538 105
20555 40
20567 22
20567 81
20604 12
20623 87
20653 101
20663 98
20694 90
20725 1
20764 66
20772 30
20808 81
20818 46
20834 34
20836 30
20865 5
20876 87
20901 82
20933 69
20965 46
20983 50
21017 53
21062 97
21097 79
21135 116
21180 67
21208 80
21232 37
21249 61
21288 23
21290 55
21308 99
21334 118
21338 86
21375 77
21412 57
21418 127
21456 104
21491 63
21534 29
21576 29
21578 119
21598 77
21635 124
21642 7
21675 17
21717 122
21725 11
21762 96
21801 9
21834 14
21865 33
21884 124
21885 29
21916 31
21946 57
21963 111
21964 117
21967 113
21972 104
21981 26
22024 5
22057 110
22099 29
22108 88
22151 57
22186 113
22209 92
22243 109
22285 20
22304 96
22334 91
22352 33
22368 102
22381 4
22415 55
22437 102
22449 83
22461 43
22488 67
22519 89
22535 32
22579 74
22582 119
22582 114
22619 36
22648 19
22663 114
22695 78
22700 64
22718 47
22739 38
22757 101
22779 89
22823 73
22853 102
22869 42
22907 6
22926 69
22929 77
22971 6
22978 17
23000 19
23024 97
23036 94
23062 120
23070 114
23081 115
23105 3
23128 36
23131 1
23163 58
23175 107
23177 85
23208 109
23209 59
23222 125
23253 71
23263 82
23288 80
23311 103
23322 57
23366 10
23379 32
23408 124
23449 123
23467 78
23478 72
23480 8
23497 64
23517 69
23538 29
23554 32
23567 33
23594 106
23605 50
23607 109
23640 59
23670 2
23699 9
23731 5
23767 111
23786 17
23827 26
23850 1
23856 118
23877 18
23895 43
23930 57
23974 118
24013 114
24025 118
24038 117
24059 113
24092 103
24122 29
24144 113
24160 53
24194 53
24205 99
24220 16
24253 21
24275 70
24309 41
24310 81
24343 97
24387 105
24398 12
24411 32
24443 98
24479 68
24488 31
24504 26
24522 16
24567 49
24588 25
24600 118
24643 16
24680 14
24714 120
24759 90
24781 94
24813 105
24816 56
24849 124
24853 108
24871 9
24875 89
24906 117
24946 50
24983 1
25023 50
25030 42
25055 63
25065 25
25095 124
25132 127
25140 60
25183 65
25228 16
25253 118
25279 27
25285 67
25328 76
25367 40
25411 95
25425 97
25451 52
25453 119
25466 27
25495 92
25513 85
25546 27
25570 125
25590 12
25615 104
25627 91
25640 118
25670 68
25686 11
25699 54
25724 29
25757 46
25762 10
25766 34
25800 98
25823 13
25866 14
25890 95
25893 11
25912 113
25917 70
25923 45
25937 116
25946 82
25979 107
26015 61
26017 115
26046 54
26080 38
26096 39
26133 2
26133 103
26149 103
26155 6
26196 50
26198 8
26202 76
26202 85
26243 33
26246 108
26279 84
26281 67
26324 27
26361 124
26393 76
26393 37
26438 29
26472 55
26488 69
26498 85
26531 116
26539 5
26583 78
26583 65
26625 81
26645 79
26675 29
26681 11
26684 100
26720 91
26744 43
26753 114
26763 118
26766 103
26810 77
26811 115
26815 103
26860 67
26905 69
26917 121
26932 34
26962 1
26999 64
27026 92
27027 83
27061 10
27090 92
27100 84
27112 50
27155 20
27186 105
27212 84
27256 39
27274 54
27314 84
27337 111
27373 85
27411 27
27435 66
27465 33
27485 4
27511 107
27553 104
27553 81
27577 8
27618 32
27632 123
27647 76
27651 76
27695 91
27714 90
27743 82
27743 66
27777 47
27780 36
27788 113
27792 113
27806 120
27838 86
27840 37
27848 59
27873 36
27903 68
27916 56
27956 59
27957 76
27991 106
27996 43
28026 61
28046 53
28081 127
28123 90
28168 75
28204 119
28215 54
28244 116
28246 68
28257 71
28283 85
28311 125
28350 51
28383 8
28414 121
28457 32
28459 60
28461 93
28503 59
28526 88
28527 68
28534 88
28555 42
28581 2
28599 66
28636 126
28656 84
28694 61
28738 72
28753 111
28772 75
28811 39
28812 104
28822 62
28848 42
28861 86
28882 126
28897 103
28918 17
28953 28
28978 88
29023 57
29051 7
29076 85
29120 95
29127 34
29133 68
29133 31
29160 40
29163 86
29196 22
29235 110
29278 65
29299 13
29329 16
29364 40
29384 127
29428 72
29430 30
29442 67
29452 121
29479 78
29495 79
29503 83
29504 17
29536 29
29581 55
29599 45
29629 16
29629 7
29657 73
29682 74
29700 113
29744 110
29744 55
29777 100
29779 36
29820 114
29836 17
29856 94
29866 115
29873 58
29880 12
29887 33
29917 109
29917 45
29961 83
30006 79
30043 121
30068 117
30072 69
30096 58
30122 23
30127 99
30147 40
30187 103
30188 93
30211 120
30227 81
30238 125
30260 88
30271 71
30314 31
30332 15
30360 18
30405 34
30425 32
30441 94
30474 116
30487 74
30525 26
30526 83
30537 55
30560 45
30594 36
30596 62
30605 27
30639 47
30675 74
30677 14
30719 30
30757 11
30800 95
30816 18
30829 89
30832 8
30845 79
30871 84
30913 60
30954 96
30957 69
30970 49
30973 111
31008 110
31023 56
31046 59
31075 5
31113 72
31126 113
31158 124
31190 108
31196 95
31239 111
31254 87
31258 39
31276 66
31291 58
31312 98
31327 73
31353 14
31395 103
31419 105
31445 11
31471 28
31489 24
31515 7
31535 95
31539 53
31545 91
31554 88
31560 69
31582 87
31596 92
31631 103
31669 101
31680 53
31689 110
31699 57
31733 88
31737 86
31762 114
31800 87
31826 50
31859 40
31888 59
31913 29
31924 1
31962 66
31999 78
32023 39
32024 60
32036 10
32055 123
32088 86
32100 14
32100 96
32138 10
32149 4
32186 58
32228 56
32264 87
32276 93
32276 41
32313 83
32321 14
32349 76
32349 34
32358 25
32392 72
32417 51
32455 31
32471 123
32504 73
32544 73
32574 70
32594 124
32601 54
32616 64
32624 113
32642 11
32645 15
32647 102
32657 19
32662 60
32706 34
32746 40
32762 118
32762 68
32773 69
32780 16
32819 89
32830 110
32862 17
32867 51
32872 48
32915 95
32938 73
32983 30
32987 1
33017 5
33047 125
33048 101
33058 13
33089 8
33115 40
33127 102
33166 65
33208 102
33216 110
33239 68
33283 120
33304 50
33342 85
33368 38
33396 37
33396 111
33424 120
33437 42
33440 50
33449 5
33465 79
33480 57
33481 84
33510 68
33513 9
33528 92
33540 109
33546 51
33583 9
33601 65
33640 82
33675 84
33693 83
33695 76
33714 24
33736 82
33780 126
33785 56
33794 36
33809 20
33848 28
33882 21
33925 86
33965 31
33971 25
33998 106
34022 77
34047 45
34086 43
34104 26
34110 105
34146 27
34172 2
34187 68
34197 37
34233 36
34234 55
34277 19
34279 96
34306 38
34349 70
34359 24
34386 1
34427 84
34446 109
34483 15
34492 66
34513 77
34543 81
34548 53
34575 21
34598 83
34601 17
34623 125
34655 107
34674 30
34701 108
34739 51
34762 47
34805 22
34833 14
34849 20
34874 32
34875 2
34910 41
34933 87
34961 125
34994 2
34997 107
35027 126
35032 67
35039 96
35062 92
35064 75
35075 108
35120 52
35147 10
35147 1
35177 26
35186 13
35219 81
35233 31
35233 54
35259 10
35273 117
35288 44
35309 67
35342 74
35362 106
35391 48
35394 104
35411 89
35427 46
35440 50
35459 125
35492 26
35496 81
35506 8
35542 1
35586 31
35600 35
35603 97
35644 102
35687 87
35692 43
35731 85
35735 23
35762 77
35805 29
35822 33
35845 13
35876 12
35876 42
35876 99
35886 119
35916 2
35945 45
35955 75
35966 77
35985 100
36026 60
36061 85
36064 47
36083 33
36115 7
36156 113
36177 120
36187 104
36207 105
36236 13
36237 43
36246 31
36278 104
36304 115
36336 61
36347 122
36350 103
36389 60
36389 23
36405 80
36409 93
36452 59
36496 92
36519 107
36521 42
36552 123
36590 54
36623 15
36634 69
36650 91
36678 101
36690 21
36705 14
36738 15
36742 5
36784 30
36789 125
36803 91
36805 71
36833 96
36855 46
36896 95
36917 100
36942 112
36952 48
36952 28
36957 44
36981 13
36994 51
37003 122
37003 53
37030 4
37031 97
37038 43
37056 8
37068 85
37079 34
37101 77
37140 50
37159 69
37179 36
37222 77
37266 47
37301 50
37325 12
37354 63
37364 38
37373 83
37418 125
37430 82
37450 78
37473 81
37512 127
37523 61
37544 16
37546 35
37567 20
37605 14
37617 119
37648 122
37667 5
37671 3
37680 106
37680 109
37719 63
37763 19
37788 44
37827 79
37868 86
37879 7
37901 81
37941 39
37962 120
37998 12
38019 13
38025 89
38041 74
38069 21
38083 85
38126 44
38161 34
38161 61
38175 33
38186 35
38209 32
38252 13
38262 21
38298 13
38323 87
38323 86
38341 48
38354 65
38368 23
38396 121
38400 92
38414 103
38414 31
38423 55
38446 116
38459 110
38486 7
38508 22
38528 57
38561 108
38578 43
38582 88
38608 117
38608 65
38608 100
38623 122
38648 97
38691 46
38715 68
38753 102
38766 38
38790 44
38831 96
38869 46
38870 76
38911 5
38920 39
38959 68
38992 26
39012 109
39043 127
39071 27
39085 6
39089 1
39112 76
39112 63
39153 21
39164 90
39191 117
39191 91
39198 101
39222 114
39233 14
39233 109
39253 110
39257 18
39302 65
39345 77
39367 101
39412 81
39450 25
39460 32
39482 98
39495 114
39519 99
39552 78
39565 71
39610 6
39616 107
39660 120
39672 10
39703 111
39739 18
39754 35
39779 27
39788 13
39821 94
39861 72
39889 108
39916 99
39958 43
39986 68
40030 52
40048 77
40066 46
40068 117
40098 120
40140 74
40168 59
40182 117
40188 5
40232 127
40244 54
40273 42
40317 7
40332 40
40370 97
40396 123
40436 5
40461 103
40488 59
40498 100
40499 114
40540 103
40540 98
40546 67
40586 48
40629 105
40674 74
40706 92
40709 110
40727 13
40743 62
40764 125
40804 60
40848 30
40854 119
40871 5
40906 90
40949 89
40965 122
41000 32
41034 51
41063 96
41088 76
41091 69
41124 31
41168 65
41210 38
41220 85
41227 85
41246 13
41271 23
41298 67
41316 46
41358 88
41388 47
41428 88
41472 58
41497 25
41500 118
41509 38
41524 113
41565 54
41604 117
41604 118
41621 35
41631 11
41671 49
41683 45
41714 36
41730 68
41765 122
41794 62
41826 42
41827 9
41867 51
41875 29
41889 64
41894 124
41915 35
41956 112
41973 12
41992 29
41996 92
42008 52
42047 82
42079 63
42100 121
42130 124
42145 5
42167 15
42181 92
42189 16
42213 31
42218 122
42252 26
42258 35
42302 93
42337 50
42368 12
42403 109
42424 28
42434 17
42460 11
42478 52
42508 98
42514 49
42514 110
42556 110
42594 35
42631 12
42651 99
42670 102
42701 80
42729 43
42740 20
42784 15
42820 93
42821 126
42841 79
42843 30
42873 85
42897 56
42920 27
42961 58
43000 125
43008 123
43020 26
43029 107
43029 13
43073 10
43084 122
43087 30
43111 17
43131 124
43149 46
43167 126
43181 42
43184 62
43187 89
43200 73
43203 96
43208 121
43220 106
43262 5
43288 102
43332 97
43373 63
43378 18
43419 99
43428 47
43443 113
43447 89
43473 114
43480 101
43492 33
43496 4
43533 34
43552 72
43552 59
43582 28
43617 13
43629 5
43662 118
43671 56
43679 83
43701 116
43711 62
43750 80
43793 43
43814 56
43837 64
43855 98
43867 26
43888 118
43913 72
43953 53
43983 14
44018 73
44063 59
44098 75
44111 3
44125 95
44152 66
44169 67
44197 32
44233 66
44264 43
44290 1
44291 81
44314 2
44343 7
44367 51
44385 14
44408 51
44424 94
44446 4
44456 37
44495 64
44511 51
44525 58
44552 2
44578 53
44582 8
44587 91
44599 3
44609 47
44637 124
44644 114
44671 23
44704 99
44732 53
44739 17
44758 100
44803 109
44808 20
44813 90
44834 23
44859 49
44885 100
44928 36
44928 52
44958 99
44979 66
45002 69
45025 35
45045 127
45052 96
45091 85
45108 127
45148 97
45191 56
45193 57
45202 38
45246 64
45273 25
45301 81
45321 56
45330 4
45346 35
45373 39
45381 102
45407 96
45429 64
45462 38
45499 17
45523 113
45540 112
45584 118
45617 59
45639 99
45670 12
45712 98
45734 113
45764 101
45769 78
45807 82
45829 22
45867 110
45904 47
45910 106
45922 49
45945 90
45987 44
46018 96
46038 33
46049 97
46061 40
46077 101
46106 70
46127 117
46164 16
46202 123
46203 19
46232 115
46270 112
46301 21
46323 92
46341 85
46371 66
46411 123
46452 17
46494 20
46506 12
46513 41
46544 102
46547 28
46577 88
46615 68
46636 62
46677 46
46693 11
46725 11
46763 28
46764 54
46805 3
46823 25
46861 99
46880 113
46914 53
46939 57
46942 91
46987 126
47001 38
47040 72
47046 68
47082 42
47107 31
47141 73
47186 89
47186 109
47231 6
47250 113
47294 45
47305 53
47325 10
47331 13
47373 70
47382 36
47383 15
47417 63
47431 86
47476 110
47503 104
47517 84
47550 40
47569 110
47595 82
47607 3
47629 120
47639 50
47650 41
47687 99
47728 120
47733 56
47745 15
47777 109
47819 122
47828 20
47835 39
47848 125
47879 45
47905 125
47920 41
47942 65
47976 108
48005 47
48030 119
48056 97
48065 65
48099 76
48132 82
48162 123
48162 13
48170 97
48181 124
48182 7
48226 69
48238 56
48245 61
48249 82
48284 124
48299 3
48307 113
48341 26
48381 21
48413 87
48429 109
48455 59
48457 80
48480 16
48503 109
48546 83
48546 11
48547 81
48589 7
48598 28
48620 62
48630 110
48656 74
48658 71
48694 72
48723 114
48737 21
48772 52
48779 18
48808 42
48834 98
48869 73
48899 32
48932 95
48976 120
48996 71
49009 26
49021 43
49048 41
49070 102
49086 74
49095 102
49126 15
49142 73
49164 64
49188 52
49214 28
49231 63
49264 26
49274 83
49275 105
49281 102
49316 2
49344 58
49347 113
49366 35
49390 4
49414 94
49453 99
49477 1
49482 41
49521 73
49534 33
49547 53
49588 80
49628 2
49629 64
49644 112
49659 52
49662 88
49700 6
49704 11
49746 118
49756 38
49769 52
49779 102
49816 2
49858 109
49872 110
49896 20
49903 94
49940 11
49985 105
50011 37
50043 56
50084 96
50101 11
50113 8
50117 40
50154 23
50159 46
50177 57
50202 29
50206 16
50251 90
50285 121
50313 4
50339 16
50372 53
50388 46
50399 87
50434 10
50457 40
50463 37
50494 96
50516 65
50559 60
50572 106
50586 49
50586 60
50628 62
50668 119
50691 23
50716 69
50753 28
50792 22
50800 74
50824 72
50834 97
50863 116
50899 7
50942 18
50946 20
50954 67
50956 107
50981 27
51000 86
51006 43
51011 4
51043 70
51079 28
51117 109
51160 64
51190 22
51194 118
51196 2
51238 113
51246 65
51254 104
51294 22
51330 67
51333 60
51374 26
51411 16
51419 55
51450 20
51470 69
51479 13
51502 115
51538 64
51572 40
51589 127
51590 83
51616 55
51621 3
51637 37
51682 24
51703 50
51727 37
51731 110
51739 34
51775 106
51810 123
51844 53
51871 102
51882 107
51925 2
51966 65
52004 100
52029 74
52066 6
52075 21
52082 35
52125 32
52161 101
52204 48
52242 71
52284 106
52298 10
52318 94
52336 89
52349 37
52384 105
52425 64
52429 25
52473 127
52492 1
52499 40
52528 123
52573 65
52585 38
52598 99
52631 24
52660 59
52669 104
52693 66
52694 32
52698 77
52711 93
52722 58
52727 68
52742 115
52776 70
52793 28
52807 25
52836 21
52850 99
52887 62
52911 63
52948 34
52980 89
53024 126
53038 15
53078 42
53090 78
53096 91
53122 36
53127 106
53132 103
53136 120
53177 117
53190 72
53212 69
53228 32
53249 107
53255 35
53293 71
53306 76
53311 127
53344 97
53353 72
53369 41
53407 58
53422 14
53442 71
53465 32
53507 14
53519 39
53528 85
53573 87
53618 24
53648 23
53659 80
53665 91
53678 30
53700 75
53732 20
53745 115
53790 112
53801 61
53818 3
53847 65
53876 97
53878 81
53911 78
53937 83
53944 105
53966 9
53985 84
53995 1
54039 121
54054 16
54091 95
54107 122
54127 72
54163 17
54187 4
54191 106
54206 67
54226 83
54262 47
54282 28
54309 126
54349 38
54378 85
54414 58
54428 4
54464 76
54498 33
54512 73
54544 6
54577 96
54593 108
54622 75
54642 50
54687 91
54714 123
54742 13
54766 113
54798 61
54803 41
54828 42
54865 111
54866 11
54872 30
54893 120
54916 46
54920 59
54944 91
54947 36
54991 51
55021 100
55053 119
55086 118
55123 123
55145 107
55176 107
55220 123
55240 94
55280 50
55307 79
55344 4
55384 116
55409 23
55430 49
55449 67
55470 75
55507 80
55514 117
55554 6
55569 15
55607 35
55631 40
55656 116
55656 40
55674 30
55685 124
55723 49
55723 80
55728 20
55739 102
55757 49
55757 74
55786 89
55792 31
55796 72
55806 26
55825 13
55849 80
55894 68
55912 62
55929 11
55940 65
55959 16
56003 21
56025 109
56043 5
56087 15
56129 89
56135 108
56165 15
56165 93
56192 36
56199 46
56210 127
56237 87
56277 96
56288 81
56313 8
56332 122
56342 91
56368 32
56386 62
56408 14
56428 52
56438 118
56439 86
56457 76
56477 6
56495 24
56538 99
56541 118
56544 115
56548 26
56573 51
56595 49
56613 54
56646 4
56687 12
56730 81
56760 4
56789 74
56812 61
56847 80
56865 14
56871 14
56892 12
56921 89
56955 84
56959 8
56963 4
57005 126
57029 59
57052 68
57062 121
57082 21
57097 58
57127 10
57134 4
57136 33
57150 79
57173 79
57192 9
57202 3
57243 74
57271 16
57297 111
57338 93
57341 52
57353 81
57390 22
57406 36
57422 57
57447 33
57472 66
57473 20
57483 87
57520 4
57535 1
57571 52
57602 81
57614 103
57623 127
57639 70
57684 12
57728 4
57756 55
57801 27
57842 81
57873 3
57898 102
57933 100
57935 113
57957 105
57997 89
58002 120
58023 96
58035 44
58057 17
58093 4
58137 45
58181 119
58207 55
58249 11
58292 23
58300 114
58332 95
58364 95
58374 89
58403 99
58417 29
58444 98
58455 31
58477 61
58514 96
58535 124
58538 126
58558 83
58581 14
58624 44
58667 46
58703 97
58727 43
58749 127
58759 45
58767 18
58812 107
58839 1
58867 106
58869 124
58895 86
58920 55
58931 43
58963 28
58987 32
59005 86
59018 10
59030 68
59065 38
59089 18
59119 123
59164 22
59174 98
59195 75
59228 52
59258 124
59291 15
59316 87
59341 57
59373 17
59394 115
59411 78
59449 84
59479 8
59517 10
59560 79
59594 92
59627 108
59660 84
59686 72
59710 116
59719 19
59722 16
59733 8
59755 74
59769 70
59773 96
59773 27
59794 37
59824 60
59837 96
59868 106
59892 28
59928 33
59972 121
59985 93
60015 33
60056 54
60098 4
60142 48
60158 84
60173 11
60217 103
60229 50
60254 115
60260 72
60292 91
60307 33
60325 28
60325 72
60367 60
60386 81
60424 62
60468 11
60474 114
60519 55
60546 92
60553 12
60574 116
60583 81
60605 117
60639 108
60673 111
60705 81
60733 27
60774 109
60797 15
60823 63
60844 44
60848 103
60848 111
60854 89
60874 42
60890 21
60911 41
60951 60
60987 76
61021 74
61058 65
61095 49
61113 86
61128 5
61159 46
61182 93
61227 104
61238 10
61250 98
61282 104
61299 32
61325 7
61359 36
61385 115
61394 58
61396 121
61401 28
61418 40
61450 39
61452 24
61460 118
61476 98
61483 74
61507 27
61541 58
61581 78
61625 92
61626 64
61654 107
61697 51
61723 64
61730 1
61733 11
61762 12
61783 19
61825 80
61826 60
61865 97
61887 95
61900 24
61945 91
61956 12
61993 76
62025 3
62025 48
62033 83
62050 63
62077 65
62102 100
62109 118
62144 43
62164 38
62206 21
62239 30
62281 36
62295 34
62310 56
62346 15
62365 36
62380 33
62401 39
62438 94
62452 72
62488 20
62515 47
62541 85
62543 11
62569 25
62604 88
62633 33
62639 119
62650 30
62678 59
62700 121
62719 107
62743 125
62760 120
62786 101
62814 33
62846 6
62859 104
62884 50
62893 62
62907 27
62952 76
62979 90
62995 63
62997 76
63028 40
63052 65
63060 65
63067 48
63069 45
63071 20
63079 39
63096 88
63126 119
63131 119
63136 60
63148 38
63158 82
63166 120
63167 113
63193 92
63223 65
63229 63
63249 78
63255 61
63269 107
63313 51
63334 127
63346 86
63358 68
63371 112
63394 126
63432 108
63435 3
63458 69
63492 93
63511 16
63536 92
63539 24
63543 114
63545 18
63580 2
63610 10
63616 70
63659 67
63690 113
63728 99
63735 89
63778 46
63822 88
63831 90
63873 17
63900 53
63936 33
63944 112
63945 90
63956 96
63974 109
64017 62
64018 102
64058 107
64058 82
64086 90
64087 20
64102 44
64121 19
64158 63
64160 38
64188 44
64218 103
64261 99
64282 76
64327 113
64368 14
64400 64
64410 103
64413 88
64424 59
64464 123
64481 4
64523 98
64545 3
64579 123
64617 119
64621 103
64659 46
64672 77
64705 28
64707 106
64739 95
64755 66
64797 21
64833 39
64853 19
64882 31
64902 124
64920 33
64925 76
64939 55
64972 34
64990 122
65021 9
65023 3
65041 30
65043 72
65087 76
65095 69
65129 121
65145 4
65169 116
65210 2
65236 119
65243 10
65266 33
65292 103
65309 96
65347 51
65352 108
65385 7
65411 12
65432 96
65469 47
65510 80
65551 29
65570 110
65605 6
65643 14
65675 16
65711 33
65718 104
65745 38
65760 58
65762 14
65763 81
65767 124
65789 124
65793 45
65817 124
65862 67
65874 99
65885 61
65900 3
65903 70
65905 52
65918 124
65919 70
65933 85
65943 34
65959 1
65983 29
66028 27
66041 11
66086 69
66119 22
66164 118
66169 95
66209 76
66232 11
66258 114
66301 70
66343 109
66351 11
66365 38
66397 84
66401 84
66445 107
66488 109
66533 2
66571 57
66575 122
66601 65
66628 74
66666 81
66685 100
66711 101
66733 33
66768 69
66791 92
66826 115
66856 21
66896 39
66935 101
66971 3
66980 57
67003 77
67004 74
67023 70
67068 67
67080 51
67095 38
67125 69
67158 68
67172 29
67177 58
67177 79
67210 87
67232 114
67277 122
67307 14
67319 84
67319 57
67359 97
67372 122
67395 93
67397 80
67404 22
67434 26
67435 50
67449 64
67477 2
67481 80
67509 61
67512 8
67514 120
67546 93
67570 11
67582 67
67610 83
67638 28
67662 113
67702 127
67724 103
67733 8
67766 62
67770 24
67772 54
67804 9
67827 41
67836 67
67841 56
67868 39
67906 118
67911 30
67955 60
67980 108
68025 23
68049 35
68081 1
68105 121
68117 25
68157 17
68168 111
68209 100
68236 72
68250 89
68291 6
68318 97
68327 96
68356 56
68370 39
68414 26
68434 32
68464 110
68489 69
68513 71
68557 64
68559 85
68577 41
68622 117
68653 70
68690 52
68720 65
68736 69
68740 67
68740 48
68741 91
68762 19
68766 15
68796 75
68812 27
68832 26
68850 111
68888 51
68915 46
68938 42
68967 32
68985 54
68993 117
69020 119
69040 92
69052 38
69092 118
69118 102
69160 124
69166 126
69205 111
69214 62
69243 58
69268 80
69286 126
69293 79
69327 47
69331 72
69336 120
69374 100
69389 83
69421 124
69423 125
69458 81
69478 57
69499 15
69507 113
69549 126
69574 95
69597 29
69633 75
69664 55
69691 89
69704 105
69745 115
69780 18
69793 88
69809 47
69852 75
69889 58
69896 69
69909 111
69923 43
69950 43
69961 111
69988 40
69991 87
70028 69
70066 31
70095 125
70136 42
70167 67
70206 98
70251 22
70274 121
70318 74
70322 69
70360 43
70381 124
70408 46
70410 65
70449 82
70486 8
70513 126
70533 89
70553 34
70570 4
70594 70
70614 55
70642 27
70671 95
70696 24
70727 40
70756 49
70757 23
70760 110
70762 44
70807 35
70826 40
70846 110
70848 105
70865 83
70869 64
70894 42
70907 53
70945 96
70988 20
71025 105
71058 64
71098 113
71119 93
71119 38
71121 83
71131 106
71138 47
71140 92
71179 93
71183 11
71205 44
71235 80
71244 114
71268 23
71309 81
71311 63
71332 35
71353 78
71382 56
71407 5
71438 117
71463 55
71502 126
71542 15
71549 37
71561 21
71564 65
71578 30
71596 17
71632 125
71649 41
71674 2
71719 6
71719 34
71740 75
71760 87
71797 92
71835 33
71843 30
71844 53
71846 103
71851 10
71860 127
71898 37
71922 87
71937 122
71954 79
71981 18
72019 23
72036 101
72070 32
72074 126
72109 41
72135 79
72139 35
72150 21
72186 23
72207 117
72225 117
72247 38
72289 1
72326 113
72336 93
72381 110
72418 103
72428 110
72438 107
72458 62
72460 73
72502 91
72535 68
72576 33
72602 92
72625 123
72654 53
72681 36
72698 28
72730 32
72757 64
72775 119
72812 71
72835 13
72864 84
72875 10
72877 41
72881 20
72891 119
72900 95
72926 76
72945 97
72964 112
72994 14
72998 6
73019 31
73055 112
73086 74
73086 32
73101 99
73143 43
73159 61
73185 117
73208 100
73237 3
73278 119
73292 29
73305 86
73321 81
73365 23
73409 29
73429 54
73434 56
73455 24
73495 126
73513 83
73532 59
73549 118
73572 32
73579 41
73617 8
73630 62
73655 31
73692 125
73712 61
73746 45
73779 36
73798 6
73834 85
73858 112
73879 101
73897 63
73923 15
73932 70
73958 34
73995 74
74026 59
74051 20
74093 107
74098 86
74103 33
74110 50
74146 118
74188 28
74211 121
74236 1
74260 104
74261 39
74282 83
74303 53
74322 87
74329 58
74369 112
74407 39
74415 79
74448 14
74469 99
74505 26
74535 21
74554 12
74597 8
74624 54
74641 106
74656 31
74693 12
74723 60
74763 110
74796 19
74825 82
74861 69
74888 16
74911 62
74930 8
74967 120
75008 57
75040 28
75071 60
75083 72
75093 85
75098 71
75138 38
75139 65
75166 95
75176 16
75176 96
75194 88
75202 97
75210 125
75241 35
75250 109
75270 5
75309 88
75324 53
75361 123
75363 122
75368 39
75404 1
75440 23
75485 10
75515 44
75533 120
75534 53
75536 77
75562 1
75584 84
75589 113
75599 15
75630 90
75660 101
75672 9
75700 11
75721 67
75727 33
75745 75
75779 48
75802 119
75834 25
75854 88
75855 100
75856 55
75860 109
75877 20
75906 35
75938 37
75939 127
75977 82
76008 78
76039 57
76069 89
76113 46
76129 108
76130 49
76167 98
76191 60
76191 110
76233 104
76268 8
76280 1
76294 85
76332 119
76335 102
76368 71
76404 127
76447 73
76473 91
76482 30
76496 84
76522 16
76524 67
76545 79
76581 52
76597 32
76607 109
76631 127
76651 79
76694 20
76698 47
76739 20
76768 115
76802 46
76809 7
76811 115
76838 122
76876 60
76916 26
76950 53
76980 115
77009 100
77034 110
77044 108
77055 100
77079 26
77103 44
77140 71
77147 38
77169 73
77210 118
77255 39
77259 25
77272 55
77302 19
77308 115
77312 72
77350 125
77388 98
77420 100
77458 92
77499 116
77526 109
77557 55
77560 97
77585 100
77607 98
77646 87
77660 15
77680 44
77689 122
77729 11
77745 91
77760 15
77761 29
77761 108
77761 25
77768 18
77808 38
77819 123
77864 71
77903 49
77948 19
77990 113
78011 24
78054 26
78076 68
78095 81
78138 18
78142 9
78159 111
78190 20
78227 6
78248 21
78291 112
78313 18
78356 117
78372 53
78374 103
78400 77
78434 96
78436 11
78475 50
78500 107
78541 92
78565 7
78599 32
78628 57
78656 20
78676 72
78704 57
78705 66
78709 51
78714 16
78737 112
78768 44
78769 33
78801 99
78817 87
78836 78
78860 6
78875 37
78901 108
78907 16
78943 75
78984 26
79022 91
79060 102
79088 21
79090 65
79122 48
79139 63
79178 108
79192 79
79198 59
79242 65
79280 87
79310 21
79328 20
79371 61
79374 95
79406 111
79413 55
79416 3
79455 41
79490 79
79518 119
79533 52
79560 22
79598 20
79635 88
79662 99
79703 52
79747 35
79761 98
79792 3
79804 10
79818 93
79851 68
79856 15
79881 17
79915 29
79924 46
79947 43
79948 75
79983 49
80023 87
80030 124
80045 123
80055 68
80071 53
80115 28
80121 127
80130 12
80163 98
80183 74
80217 110
80240 97
80285 18
80293 9
80326 92
80363 99
80404 20
80424 26
80444 80
80465 76
80474 33
80486 89
80496 22
80535 16
80544 31
80545 36
80569 82
80579 125
80580 22
80609 22
80650 59
80665 2
80681 116
80716 60
80733 32
80738 50
80779 116
80805 36
80833 63
80834 111
80847 78
80854 108
80891 75
80901 125
80938 82
80974 73
81005 44
81020 120
81041 71
81060 93
81103 52
81120 55
81152 104
81194 127
81215 113
81248 70
81280 76
81284 25
81299 79
81334 94
81337 52
81347 12
81383 119
81389 106
81391 62
81400 38
81421 122
81448 59
81489 41
81529 73
81567 77
81587 111
81625 8
81658 48
81680 64
81685 60
81687 11
81704 71
81715 48
81736 72
81736 114
81746 123
81774 113
81807 102
81817 125
81828 88
81845 107
81858 33
81903 101
81920 80
81950 27
81954 94
81988 72
81997 11
81998 21
82028 71
82032 25
82057 105
82079 13
82090 30
82125 5
82148 67
82159 87
82197 95
82238 73
82239 88
82272 76
82278 88
82307 3
82340 106
82362 59
82387 112
82391 93
82433 62
82456 59
82472 123
82478 63
82507 49
82524 97
82549 47
82570 124
82598 87
82605 99
82645 50
82689 92
82707 65
82728 9
82745 29
82767 4
82785 27
82810 62
82818 40
82828 87
82847 102
82866 63
82911 10
82928 65
82968 108
82979 38
83013 89
83028 89
83052 96
83075 76
83096 105
83116 41
83118 55
83120 47
83146 114
83177 58
83207 69
83251 71
83269 58
83292 74
83324 101
83356 29
83374 23
83384 9
83388 64
83410 110
83413 14
83441 22
83452 115
83453 94
83478 6
83505 1
83510 72
83513 62
83557 19
83577 62
83595 17
83597 49
83635 74
83653 82
83692 103
83703 104
83725 2
83750 15
83756 48
83757 12
83757 68
83788 89
83826 70
83868 115
83895 24
83899 93
83907 31
83911 79
83941 52
83982 124
83994 76
84007 5
84033 25
84062 16
84101 84
84123 38
84145 84
84186 23
84216 37
84216 29
84257 16
84282 106
84296 19
84326 16
84362 93
84365 71
84393 1
84412 13
84452 127
84487 28
84494 102
84509 8
84544 36
84553 85
84572 88
84572 24
84586 110
84624 110
84664 26
84673 98
84696 41
84705 52
84733 8
84748 45
84792 28
84827 46
84854 42
84874 76
84884 89
84918 26
84953 4
84994 63
85038 28
85081 27
85114 40
85146 39
85155 51
85170 94
85176 68
85210 13
85249 40
85274 1
85274 45
85292 35
85323 30
85355 113
85361 40
85376 30
85392 44
85396 13
85397 22
85433 110
85475 110
85520 80
85541 80
85566 39
85594 58
85594 87
85611 48
85613 15
85653 71
85682 100
85696 126
85709 109
85709 119
85709 85
85752 65
85763 42
85803 108
85830 21
85861 4
85867 35
85876 88
85908 14
85939 112
85978 78
86016 106
86030 18
86030 42
86060 58
86072 31
86111 72
86143 17
86167 111
86180 62
86219 123
86251 118
86253 9
86291 65
86332 87
86372 91
86398 51
86433 84
86454 83
86458 23
86462 105
86495 99
86502 77
86525 20
86555 29
86589 4
86613 106
86613 65
86630 19
86660 6
86695 68
86702 11
86711 111
86715 113
86753 60
86776 3
86804 1
86839 117
86842 121
86857 105
86884 43
86927 22
86964 66
87007 91
87025 71
87062 104
87106 16
87129 94
87153 15
87153 125
87192 97
87212 74
87215 28
87240 16
87247 92
87249 102
87279 101
87295 72
87323 68
87346 41
87354 91
87391 84
87412 39
87428 57
87472 81
87491 36
87508 76
87534 31
87571 54
87610 2
87633 6
87660 112
87686 87
87689 24
87706 103
87739 3
87781 104
87801 14
87838 55
87849 79
87875 19
87908 38
87950 79
87971 8
88012 62
88026 57
88036 106
88051 98
88071 82
88099 96
88137 90
88181 22
88220 94
88220 75
88238 104
88264 79
88271 80
88298 24
88312 1
88338 7
88340 84
88349 126
88363 117
88388 53
88432 15
88452 7
88483 71
88503 100
88534 32
88553 75
88563 20
88607 74
88649 111
88658 90
88660 28
88677 79
88683 1
88691 57
88724 9
88744 35
88760 42
88805 15
88850 123
88875 40
88889 4
88922 52
88933 44
88968 83
89007 85
89038 63
89066 12
89100 37
89106 93
89116 114
89131 92
89141 122
89186 103
89201 67
89212 24
89236 42
89265 23
89272 95
89279 72
89296 8
89303 93
89328 3
89335 65
89362 110
89369 70
89409 12
89453 54
89473 86
89478 30
89498 77
89523 100
89542 17
89553 6
89580 48
89615 37
89632 29
89677 82
89702 8
89721 57
89752 110
89789 73
89827 113
89828 95
89849 121
89863 107
89879 28
89908 104
89937 123
89938 101
89965 116
89979 73
89998 16
90001 118
90046 125
90050 29
90090 106
90129 43
90163 106
90178 39
90218 82
90242 107
90254 43
90293 60
90324 92
90328 72
90343 121
90382 2
90424 121
90431 106
90467 55
90481 8
90524 71
90562 97
90577 102
90609 17
90625 71
90639 59
90645 84
90648 83
90693 26
90719 120
90752 118
90792 124
90812 66
90830 108
90846 95
90883 71
90909 14
90921 65
90958 113
90986 91
91027 97
91044 83
91076 60
91116 52
91160 38
91176 114
91206 66
91235 99
91263 94
91289 71
91300 114
91304 57
91339 31
91343 89
91355 25
91398 29
91434 91
91470 120
91506 11
91528 101
91528 93
91571 104
91577 107
91619 5
91640 18
91675 103
91692 42
91694 123
91737 66
91762 66
91768 111
91793 123
91803 36
91836 64
91846 21
91859 26
91886 90
91923 38
91932 85
91932 107
91935 100
91958 98
91962 116
91965 108
91983 90
92025 121
92030 46
92071 21
92081 65
92100 119
92106 72
92142 19
92163 53
92178 2
92179 45
92207 103
92244 27
92258 64
92269 116
92292 68
92297 84
92300 43
92341 79
92385 119
92402 118
92447 26
92448 49
92473 3
92497 14
92535 2
92578 47
92615 3
92635 12
92651 92
92679 86
92717 55
92741 90
92773 61
92803 48
92834 7
92861 18
92886 3
92927 58
92949 94
92972 31
93012 34
93055 79
93088 87
93133 62
93140 64
93179 34
93193 16
93206 65
93237 106
93258 92
93263 80
93284 72
93324 30
93364 105
93390 58
93430 19
93443 19
93471 4
93475 20
93480 58
93519 23
93539 46
93565 81
93605 9
93622 1
93662 105
93681 68
93681 81
93722 63
93762 96
93763 80
93799 75
93819 17
93858 3
93860 86
93876 73
93914 13
93941 120
93957 86
93961 70
93969 3
93976 22
93984 76
94023 11
94037 123
94046 99
94047 39
94063 124
94078 33
94111 82
94124 71
94151 6
94193 68
94215 58
94232 7
94269 85
94309 61
94327 115
94359 45
94382 86
94412 93
94440 71
94475 79
94510 89
94530 117
94571 27
94571 20
94571 19
94584 59
94626 6
94645 20
94687 88
94723 47
94734 103
94762 41
94773 13
94793 84
94826 12
94829 7
94845 127
94881 48
94894 10
94900 58
94945 57
94951 95
94964 40
94972 1
94980 15
94992 23
95035 87
95080 82
95110 23
95151 116
95169 30
95206 118
95211 48
95231 74
95267 67
95297 111
95333 27
95356 88
95367 35
95389 7
95389 81
95405 48
95407 39
95448 89
95450 71
95451 110
95472 110
95514 100
95543 41
95555 101
95565 123
95593 59
95626 3
95654 71
95660 52
95687 59
95721 57
95737 18
95751 41
95787 69
95793 34
95819 64
95843 35
95863 101
95898 50
95917 58
95956 125
95978 105
95999 61
95999 127
96003 49
96019 55
96024 32
96063 74
96080 65
96092 71
96133 113
96153 93
96170 60
96183 80
96203 48
96222 95
96247 103
96283 94
96293 112
96321 71
96357 93
96383 23
96388 56
96418 58
96449 96
96475 35
96488 109
96498 96
96539 3
96559 40
96568 104
96591 117
96606 53
96619 62
96654 45
96674 62
96698 103
96709 2
96723 26
96733 114
96766 44
96770 118
96789 27
96793 14
96833 74
96876 84
96896 3
96920 58
96949 67
96983 5
96984 98
97025 5
97043 30
97060 25
97100 13
97141 81
97144 79
97168 21
97211 65
97215 56
97225 80
97225 5
97227 120
97229 75
97262 76
97274 39
97280 73
97306 68
97310 64
97352 65
97357 73
97401 16
97444 14
97473 100
97504 89
97547 79
97591 81
97624 73
97660 100
97686 97
97703 20
97722 51
97735 78
97753 47
97779 127
97803 109
97843 39
97843 112
97852 58
97859 64
97880 14
97882 39
97887 2
97911 74
97932 47
97935 107
97954 42
97991 9
98001 6
98043 81
98083 127
98091 117
98100 16
98135 39
98158 35
98170 3
98171 99
98205 57
98206 16
98208 48
98250 66
98264 125
98292 2
98312 64
98320 19
98340 115
98365 15
98409 1
98436 19
98471 55
98485 79
98527 60
98555 96
98563 87
98594 89
98620 82
98653 103
98661 94
98692 96
98723 60
98758 64
98782 90
98791 31
98792 63
98793 120
98816 89
98846 33
98872 61
98914 36
98954 1
98957 40
98993 108
99018 75
99033 106
99053 35
99087 1
99114 39
99155 117
99163 55
99174 3
99192 75
99211 101
99244 114
99279 15
99293 55
99295 23
99336 71
99354 37
99389 40
99394 92
99406 30
99445 50
99464 54
99484 114
99511 35
99547 3
99562 7
99607 62
99624 107
99666 106
99691 1
99730 43
99738 16
99766 82
99786 126
99789 17
99809 56
99820 2
99865 12
99893 4
99926 56
99951 65
99951 113
99974 37
99974 4
100019 40
100029 96
100041 107
100085 13
100097 127
100122 31
100136 92
100174 89
100196 76
100215 63
100251 113
100261 65
100263 9
100269 70
100304 104
100344 124
100361 71
100381 70
100381 83
100425 123
100462 77
100474 21
100513 93
100516 122
100534 115
100560 17
100572 121
100611 35
100628 112
100638 24
100665 16
100699 48
100726 100
100755 80
100771 31
100806 89
100842 11
100878 6
100911 86
100953 91
100961 123
100986 107
101007 94
101039 16
101075 28
101075 88
101113 35
101123 15
101128 105
101132 9
101170 15
101195 102
101212 110
101249 118
101259 30
101266 40
101288 15
101330 99
101348 85
101380 67
101408 121
101441 117
101480 100
101488 89
101529 100
101569 50
101596 100
101608 20
101636 77
101641 89
101663 73
101707 61
101727 9
101758 23
101765 31
101770 59
101777 5
101802 97
101810 23
101816 37
101838 58
101876 127
101910 36
101939 102
101948 125
101958 119
101968 91
101991 115
101998 21
102016 67
102049 87
102065 34
102082 123
102127 55
102141 56
102161 73
102184 49
102207 6
102226 29
102260 24
102294 115
102298 21
102320 4
102346 30
102371 55
102379 33
102398 75
102414 56
102415 73
102452 13
102461 104
102504 47
102549 1
102588 92
102613 71
102618 54
102658 32
102688 10
102710 121
102732 52
102776 93
102788 19
102817 79
102854 54
102861 4
102870 26
102900 31
102943 16
102952 7
102993 59
103026 55
103042 40
103055 48
103083 126
103127 42
103152 13
103160 27
103196 112
103237 111
103278 105
103297 38
103333 45
103365 120
103399 113
103419 69
103421 78
103444 5
103479 10
103494 122
103499 124
103514 102
103553 89
103579 40
103613 117
103635 110
103675 66
103720 119
103750 118
103761 63
103781 84
103824 17
103869 97
103881 91
103897 108
103938 30
103960 112
104004 17
104016 46
104028 44
104045 50
104061 119
104091 95
104095 57
104125 119
104143 120
104146 80
104148 78
104163 67
104192 100
104220 27
104247 27
104292 97
104324 21
104362 40
104370 67
104389 121
104422 29
104454 85
104495 70
104505 46
104515 15
104557 41
104566 127
104591 50
104603 81
104646 119
104673 126
104680 100
104691 60
104691 82
104718 71
104763 106
104776 45
104784 120
104788 25
104799 107
104831 17
104836 30
104855 19
104882 76
104894 81
104895 22
104897 97
104921 12
104965 118
105005 36
105030 103
105038 63
105078 32
105088 18
105115 13
105127 28
105138 19
105171 83
105207 125
105247 110
105255 47
105285 5
105285 53
105288 16
105298 27
105314 9
105348 116
105370 24
105407 104
105435 55
105463 103
105470 92
105477 34
105482 112
105485 102
105506 16
105508 82
105534 121
105569 63
105595 23
105632 75
105654 49
105677 39
105711 11
105751 13
105768 96
105803 31
105836 94
105874 65
105916 42
105952 31
105985 11
105994 68
106014 13
106018 124
106039 60
106055 40
106089 125
106129 43
106164 77
106195 111
106226 50
106246 110
106249 99
106252 75
106279 98
106292 27
106327 24
106357 89
106391 35
106412 29
106433 119
106469 40
106500 28
106515 19
106529 105
106554 95
106598 31
106600 41
106608 104
106641 121
106683 94
106688 93
106709 93
106746 58
106786 60
106802 93
106838 117
106845 22
106858 103
106883 123
106887 91
106912 16
106932 127
106944 61
106983 123
106996 62
107028 8
107052 70
107066 68
107071 7
107077 12
107103 50
107145 91
107175 58
107175 46
107189 122
107207 96
107248 8
107293 56
107315 53
107359 118
107395 116
107408 59
107440 48
107451 74
107458 115
107484 82
107507 5
107537 91
107553 116
107595 69
107613 73
107658 114
107680 38
107696 89
107716 55
107760 90
107772 61
107809 25
107836 125
107869 22
107877 112
107895 9
107904 97
107943 66
107960 96
107965 88
107994 39
108005 120
108034 76
108044 16
108064 101
108065 62
108067 22
108100 32
108133 62
108172 47
108214 87
108215 1
108234 122
108255 67
108269 114
108295 16
108317 38
108358 79
108363 50
108408 49
108445 48
108456 58
108495 88
108514 88
108543 29
108560 46
108581 8
108612 121
108643 17
108665 122
108681 87
108686 16
108691 14
108735 112
108775 35
108807 114
108842 123
108860 10
108887 111
108906 41
108930 48
108952 75
108993 28
109025 9
109028 35
109050 63
109080 82
109117 86
109133 55
109177 61
109196 88
109238 19
109246 13
109282 110
109290 39
109295 98
109315 98
109319 2
109360 41
109365 70
109408 122
109424 33
109459 89
109504 12
109530 116
109542 81
109571 91
109604 115
109629 91
109669 51
109690 10
109731 35
109754 76
109783 45
109810 118
109843 36
109844 24
109879 120
109882 93
109908 64
109923 108
109935 65
109961 85
109975 20
109995 82
109995 88
109997 75
110040 110
110057 55
110092 3
110115 34
110115 117
110151 11
110152 27
110190 106
110207 73
110249 111
110289 25
110334 108
110353 125
110354 75
110399 80
110440 127
110479 56
110481 80
110482 123
110500 10
110511 61
110514 87
110534 80
110567 43
110591 14
110610 41
110649 86
110670 44
110693 80
110719 81
110733 8
110735 58
110765 60
110788 103
110801 28
110814 88
110844 102
110880 56
110919 41
110956 80
110970 22
110994 60
111036 81
111042 100
111067 34
111075 2
111077 94
111120 43
111140 95
111180 19
111199 72
111216 8
111225 55
111270 70
111302 89
111339 60
111348 93
111391 125
111422 107
111423 31
111451 92
111484 26
111514 1
111538 79
111543 69
111584 103
111596 4
111617 7
111622 119
111642 115
111687 75
111696 110
111739 24
111763 81
111800 67
111821 109
111847 59
111880 45
111894 17
111907 59
111946 16
111961 65
111978 43
111991 36
111991 30
112006 119
112043 86
112079 52
112114 8
112154 16
112155 38
112187 30
112213 23
112232 59
112261 2
112287 23
112314 40
112316 112
112330 58
112364 54
112403 70
112434 74
112450 107
112465 49
112490 127
112501 68
112507 2
112524 104
112560 20
112591 22
112609 52
112626 125
112631 60
112635 26
112662 120
112695 54
112714 38
112745 9
112748 65
112760 100
112766 65
112778 123
112805 79
112812 18
112820 70
112844 81
112851 78
112881 57
112881 107
112889 86
112925 35
112945 90
112950 63
112975 117
112987 52
112995 120
113032 123
113071 104
113076 26
113085 89
113105 39
113107 60
113112 42
113121 121
113166 123
113207 36
113241 19
113268 32
113310 56
113325 121
113347 65
113389 35
113429 49
113459 100
113465 49
113480 18
113504 109
113547 2
113581 85
113622 121
113627 77
113667 34
113671 97
113710 33
113730 27
113743 32
113771 42
113790 10
113835 82
113865 18
113892 39
113900 15
113911 91
113940 121
113963 105
113971 2
113980 107
114007 114
114009 1
114037 6
114041 48
114056 11
114096 48
114097 57
114126 126
114141 96
114163 21
114168 53
114191 86
114231 82
114255 29
114265 127
114302 36
114327 112
114333 30
114349 90
114365 23
114399 44
114430 25
114461 110
114461 127
114476 57
114511 4
114545 20
114557 4
114558 9
114593 20
114603 5
114603 4
114609 69
114645 20
114668 28
114704 22
114716 22
114739 34
114774 71
114808 122
114852 10
114896 103
114912 112
114920 70
114955 122
114962 66
114973 93
114981 26
114992 3
115007 7
115010 25
115026 35
115027 55
115035 65
115043 102
115056 27
115063 110
115068 95
115086 80
115099 84
115141 16
115145 89
115172 33
115187 90
115195 93
115235 10
115257 113
115285 57
115315 81
115353 102
115388 53
115399 112
115437 84
115475 95
115481 42
115505 70
115526 47
115561 7
115604 106
115610 13
115619 40
115620 31
115642 20
115669 63
115698 60
115713 25
115729 53
115771 42
115778 48
115800 88
115837 111
115878 92
115893 113
115909 41
115951 73
115980 125
115983 47
115987 30
116028 54
116069 98
116073 81
116093 117
116106 34
116127 116
116158 31
116172 32
116194 71
116234 69
116269 39
116295 89
116314 28
116357 86
116401 64
116417 20
116422 103
116436 85
116468 43
116489 3
116533 60
116553 124
116595 28
116595 67
116604 19
116613 84
116642 34
116680 96
116699 124
116732 88
116740 11
116755 63
116785 10
116811 49
116812 53
116813 10
116814 47
116859 103
116859 47
116871 89
116916 58
116916 79
116943 56
116977 28
116995 40
116998 39
117001 27
117015 70
117045 97
117068 65
117107 124
117120 52
117152 46
117170 84
117178 45
117199 21
117224 60
117253 57
117276 126
117301 49
117329 96
117330 80
117356 91
117366 39
117397 51
117437 5
117480 40
117524 30
117537 12
117546 120
117546 10
117577 93
117610 2
117623 58
117653 118
117691 18
117709 16
117753 76
117759 35
117794 4
117805 74
117832 70
117867 79
117874 62
117880 45
117923 109
117957 109
117990 31
118020 101
118040 27
118047 49
118053 65
118056 120
118096 79
118100 1
118116 110
118156 18
118166 116
118183 28
118203 80
118212 77
118242 51
118259 34
118285 71
118298 38
118326 68
118351 49
118363 105
118383 107
118414 20
118420 19
118425 124
118442 42
118465 114
118471 21
118507 8
118511 126
118549 27
118550 61
118558 71
118592 116
118605 53
118629 115
118657 2
118677 55
118700 110
118705 78
118721 88
118737 37
118769 67
118769 55
118811 27
118816 92
118841 45
118863 17
118865 62
118895 94
118914 110
118915 66
118926 29
118937 25
118961 114
118975 60
119018 32
119021 15
119055 21
119072 106
119083 92
119083 28
119102 76
119116 108
119138 115
119150 107
119195 50
119234 123
119261 96
119299 78
119313 79
119340 111
119384 46
119399 31
119436 61
119440 23
119462 15
119470 81
119490 120
119530 89
119534 81
119557 11
119572 17
119616 102
119640 48
119685 52
119700 26
119720 54
119736 108
119761 102
119797 36
119820 21
119837 83
119860 14
119863 34
119904 29
119929 99
119931 69
119932 59
119958 73
120000 40
120023 52
120067 1
120098 24
120125 51
120151 125
120175 83
120211 64
120246 29
120289 124
120295 64
120307 14
120327 75
120338 57
120345 11
120384 6
120421 90
120432 110
120455 126
120477 26
120493 120
120517 45
120551 74
120590 41
120613 123
120624 71
120641 124
120662 93
120665 29
120673 40
120716 78
120733 26
120751 2
120762 81
120802 49
120816 56
120842 116
120854 78
120879 89
120895 118
120913 95
120949 43
120975 103
121006 27
121009 92
121043 49
121055 4
121070 63
121089 106
121106 34
121132 92
121161 58
121181 43
121194 81
121199 53
121223 29
121256 41
121299 51
121330 19
121349 3
121354 63
121396 83
121432 103
121457 9
121502 122
121541 63
121554 21
121598 39
121619 52
121620 43
121647 26
121651 118
121673 46
121691 27
121694 2
121723 1
121743 7
121782 11
121805 16
121807 122
121834 116
121849 16
121851 116
121894 76
121919 39
121924 111
121961 34
121985 99
122009 28
122052 109
122060 2
122071 25
122100 121
122112 27
122143 31
122165 52
122205 35
122228 98
122267 50
122283 4
122308 60
122332 66
122335 62
122361 121
122375 57
122403 117
122445 107
122472 105
122481 124
122502 27
122516 90
122541 7
122556 6
122571 101
122615 107
122631 85
122641 75
122678 8
122700 63
122706 5
122743 119
122743 96
122772 83
122775 9
122787 78
122823 39
122830 116
122870 69
122904 82
122943 12
122962 47
122975 75
123013 88
123013 81
123043 50
123063 108
123069 75
123110 37
123137 114
123143 37
123168 11
123196 28
123212 115
123241 51
123265 21
123300 14
123313 1
123326 27
123334 101
123361 125
123361 26
123398 55
123398 67
123428 111
123453 42
123480 105
123521 14
123539 71
123559 94
123603 19
123629 97
123646 59
123672 35
123686 11
123702 34
123705 85
123734 34
123758 92
123763 30
123788 78
123819 65
123843 20
123884 86
123899 26
123943 87
123956 111
123990 6
124007 45
124044 116
124075 18
124088 43
124093 43
124123 33
124160 108
124204 99
124237 43
124266 38
124307 8
124339 39
124355 8
124378 34
124381 54
124384 127
124391 29
124393 105
124399 71
124408 105
124440 90
124442 2
124484 78
124520 15
124531 33
124550 125
124584 47
124604 17
124623 25
124641 80
124665 64
124708 23
124741 119
124748 83
124761 8
124801 22
124832 40
124857 19
124880 12
124919 25
124944 104
124963 38
124984 88
125028 27
125049 88
125074 90
125112 53
125147 109
125149 98
125166 123
125179 1
125191 5
125195 62
125197 72
125237 17
125266 74
125282 82
125310 124
125327 117
125352 103
125393 6
125404 126
125440 29
125457 10
125490 67
125496 74
125498 78
125510 78
125532 87
125545 77
125575 95
125582 20
125587 122
125607 58
125649 1
125691 54
125724 118
125750 100
125760 121
125771 36
125803 87
125805 37
125809 19
125813 97
125837 12
125847 4
125880 13
125923 57
125954 7
125999 24
126028 96
126052 71
126092 68
126128 21
126138 74
126172 112
126212 53
126257 103
126257 18
126260 1
126262 99
126285 104
126294 95
126332 102
126370 96
126389 60
126431 59
126452 54
126473 108
126475 68
126507 13
126509 55
126518 123
126549 125
126585 90
126597 45
126600 35
126613 83
126614 61
126643 28
126666 61
126708 90
126749 113
126755 3
126799 74
126834 15
126849 5
126863 113
126883 93
126925 21
126931 109
126971 68
127015 27
127037 39
127066 6
127087 12
127122 56
127126 100
127136 103
127161 83
127199 69
127230 22
127268 23
127276 19
127296 65
127332 25
127361 109
127364 87
127409 54
127416 68
127431 104
127445 106
127451 45
127496 49
127507 21
127519 77
127563 7
127586 116
127612 39
127655 1
127667 118
127673 39
127710 64
127754 116
127799 92
127834 50
127852 64
127889 113
127914 73
127948 75
127989 100
127990 1
127996 116
128013 33
128042 13
128070 34
128110 60
128144 88
128150 94
128194 96
128231 77
128248 64
128264 5
128304 111
128319 39
128364 63
128379 51
128411 12
128428 14
128436 81
128451 69
128464 30
128487 10
128529 114
128547 93
128551 27
128556 60
128586 90
128617 47
128648 84
128684 76
128718 23
128729 37
128751 109
128755 100
128763 9
128777 48
128800 43
128828 32
128872 99
128876 104
128919 83
128957 79
129001 16
129005 23
129047 62
129048 35
129068 33
129113 127
129122 80
129155 10
129181 48
129218 37
129249 23
129286 119
129292 108
129304 72
129308 76
129325 83
129333 58
129340 127
129348 102
129369 77
129370 126
129387 42
129407 58
129418 7
129425 10
129450 65
129492 122
129505 34
129548 72
129574 67
129613 6
129642 37
129682 65
129690 126
129735 37
129775 3
129816 88
129859 36
129867 19
129902 79
129929 12
129942 2
129983 98
130002 93
130023 15
130028 103
130073 4
130109 12
130115 101
130135 108
130148 84
130189 73
130223 57
130239 81
130276 23
130278 82
130312 27
130353 13
130393 68
130413 126
130421 98
130462 57
130472 35
130504 23
130526 12
130533 103
130550 86
130595 8
130621 124
130655 39
130667 59
130681 99
130712 44
130757 125
130769 47
130789 3
130827 55
130871 46
130911 30
130946 119
130953 47
130994 89
131008 37
131026 76
131069 92
131069 17
131091 88
131104 91
131142 52
131183 6
131184 70
131211 33
131218 39
131227 107
131272 88
131278 125
131281 103
131290 117
131298 59
131333 68
131346 59
131354 73
131380 101
131385 13
131386 59
131390 80
131425 78
131455 43
131461 87
131467 16
131505 16
131508 125
131508 57
131527 83
131530 79
131541 28
131566 17
131568 53
131593 57
131638 88
131644 113
131674 84
131694 8
131717 84
131722 3
131735 27
131739 101
131745 48
131787 93
131794 87
131833 16
131840 1
131843 107
131864 46
131868 85
131887 65
131920 7
131959 119
132003 101
132047 36
132081 93
132106 98
132134 106
132162 59
132193 75
132198 106
132243 60
132266 6
132285 2
132312 122
132356 70
132375 20
132389 50
132417 10
132427 57
132458 13
132497 35
132507 84
132534 96
132578 29
132614 115
132633 119
132649 108
132652 31
132665 25
132677 49
132714 64
132758 81
132791 47
132804 12
132844 41
132858 9
132866 121
132908 108
132930 36
132961 56
132999 93
133041 126
133073 61
133090 43
133119 10
133137 1
133159 50
133194 27
133237 119
133239 24
133264 82
133269 75
133291 57
133295 34
133319 41
133363 57
133406 62
133443 83
133464 42
133468 120
133504 40
133535 95
133577 81
133614 103
133628 69
133643 41
133677 59
133699 73
133738 127
133742 94
133761 28
133792 70
133804 109
133842 25
133860 23
133864 49
133890 37
133910 59
133914 91
133917 39
133925 114
133928 15
133928 108
133930 121
133939 91
133943 86
133973 57
133973 80
133983 53
134028 116
134057 116
134102 115
134135 81
134147 20
134190 88
134235 123
134278 36
134292 77
134320 63
134364 110
134396 33
134409 47
134443 69
134475 66
134482 16
134518 58
134539 124
134577 93
134612 62
134629 107
134664 103
134697 66
134728 42
134756 13
134766 124
134797 27
134841 82
134856 61
134866 18
134902 18
134944 46
134965 34
134990 69
135014 42
135020 56
135057 71
135076 123
135094 124
135097 105
135103 3
135114 50
135131 76
135160 75
135168 69
135207 61
135226 82
135250 57
135253 93
135296 32
135330 48
135369 82
135413 44
135413 7
135415 52
135446 97
135468 112
135494 11
135505 62
135505 106
135541 72
135554 25
135580 44
135611 83
135638 98
135640 118
135663 23
135687 7
135707 31
135724 38
135751 44
135754 102
135771 15
135777 63
135779 124
135782 4
135823 62
135826 21
135847 50
135872 87
135909 27
135932 20
135969 72
135974 23
135978 77
135993 115
136014 36
136031 10
136040 126
136067 121
136104 100
136114 67
136140 104
136172 121
136179 74
136221 8
136234 54
136271 43
136296 75
136296 117
136320 93
136324 98
136365 108
136365 24
136381 102
136417 97
136439 55
136454 22
136498 16
136507 37
136508 2
136524 38
136565 47
136602 102
136617 44
136634 113
136642 90
136659 23
136701 3
136737 40
136749 83
136774 75
136783 1
136797 34
136812 16
136831 5
136832 17
136844 101
136869 107
136908 85
136908 111
136935 93
136962 109
136969 84
136980 11
136980 118
137021 101
137051 42
137073 97
137113 9
137156 96
137184 12
137200 35
137244 55
137246 55
137282 30
137313 93
137315 12
137340 40
137355 57
137385 67
137426 88
137446 42
137485 94
137527 61
137538 58
137544 55
137569 14
137598 85
137618 40
137640 33
137658 73
137698 33
137701 62
137708 40
137712 106
137742 91
137755 44
137785 79
137793 18
137836 62
137879 103
137891 43
137896 117
137932 66
137938 73
137981 125
138012 58
138045 36
138054 106
138095 44
138137 24
138143 53
138143 45
138150 64
138162 47
138171 14
138205 17
138219 72
138224 84
138258 98
138273 19
138301 119
138335 41
138365 116
138378 115
138389 31
138399 125
138441 78
138464 41
138476 11
138501 45
138532 32
138552 118
138581 102
138593 4
138609 123
138636 82
138669 21
138683 28
138712 121
138712 12
138742 3
138743 8
138782 26
138810 46
138834 38
138850 30
138860 85
138860 66
138872 22
138916 102
138942 61
138955 117
138993 116
139020 110
139055 62
139099 13
139121 86
139139 99
139169 109
139206 112
139236 127
139260 104
139269 1
139309 54
139312 119
139316 66
139357 65
139383 85
139407 80
139419 47
139458 18
139470 95
139497 107
139503 44
139532 77
139546 61
139578 51
139592 38
139600 46
139645 72
139645 102
139679 117
139695 5
139726 19
139761 86
139767 118
139789 3
139821 25
139830 59
139862 55
139899 105
139932 55
139952 3
139958 106
139992 54
140016 123
140021 44
140031 112
140054 124
140099 106
140112 3
140134 86
140160 11
140186 93
140220 75
140234 88
140249 26
140250 30
140272 47
140287 29
140293 118
140327 94
140362 69
140382 62
140387 37
140411 33
140456 14
140467 93
140483 117
140508 21
140525 70
140552 69
140597 42
140605 39
140616 21
140622 17
140628 19
140656 120
140657 33
140695 91
140720 22
140747 49
140756 117
140780 114
140821 21
140864 33
140887 7
140907 6
140913 115
140914 59
140938 91
140964 14
140997 5
141041 69
141061 71
141102 108
141127 38
141169 22
141208 96
141215 55
141258 71
141289 123
141314 104
141350 84
141363 58
141376 1
141394 64
141396 7
141406 19
141417 94
141449 78
141462 90
141464 102
141509 36
141546 23
141555 86
141566 39
141569 126
141570 32
141604 57
141617 84
141652 80
141695 41
141722 77
141760 83
141787 35
141788 20
141809 110
141812 120
141824 56
141844 118
141887 108
141909 27
141924 109
141963 105
142001 47
142041 118
142047 64
142075 17
142098 69
142117 26
142156 81
142193 127
142235 44
142237 113
142241 53
142282 18
142282 71
142313 18
142316 124
142327 15
142332 40
142365 115
142385 32
142399 42
142436 97
142453 29
142470 77
142493 103
142529 2
142529 63
142542 22
142576 22
142591 45
142629 123
142637 38
142649 125
142655 88
142660 6
142680 111
142693 59
142697 100
142698 116
142732 22
142741 80
142753 47
142765 32
142776 31
142818 86
142834 34
142840 62
142876 125
142893 78
142919 2
142963 32
142973 39
142986 81
143027 70
143032 24
143069 125
143074 120
143090 69
143111 11
143139 73
143143 112
143163 29
143183 35
143193 44
143214 34
143224 39
143235 82
143275 84
143317 45
143336 113
143359 15
143367 17
143379 124
143403 10
143415 42
143417 73
143458 83
143480 41
143512 69
143520 65
143544 94
143589 108
143607 119
143614 59
143658 109
143672 126
143699 5
143738 77
143782 114
143813 98
143826 70
143848 34
143872 50
143883 56
143890 11
143904 68
143948 59
143953 71
143959 45
143970 110
143990 34
144017 26
144045 63
144067 105
144104 41
144118 59
144154 68
144166 111
144168 86
144192 41
144231 43
144252 112
144289 27
144324 24
144332 55
144347 91
144369 89
144382 11
144419 115
144426 7
144455 29
144492 95
144520 60
144551 110
144577 23
144586 90
144605 53
144620 15
144658 118
144688 24
144699 84
144739 106
144764 68
144793 108
144812 62
144821 121
144844 123
144879 63
144923 110
144935 99
144943 120
144954 113
144998 112
145022 80
145029 86
145035 28
145055 12
145091 67
145122 1
145166 2
145210 96
145214 74
145259 118
145302 83
145309 59
145313 121
145323 106
145336 66
145371 31
145409 34
145415 69
145437 16
145442 87
145487 45
145505 91
145542 41
145577 98
145615 18
145648 108
145656 77
145664 73
145700 16
145724 86
145766 74
145771 90
145792 46
145822 66
145858 91
145887 86
145917 43
145918 1
145938 113
145967 81
145988 124
146026 31
146027 126
146066 6
146080 14
146110 105
146131 126
146175 68
146196 1
146203 73
146236 17
146267 98
146276 13
146280 46
146286 120
146326 90
146370 82
146408 1
146413 68
146422 78
146433 80
146438 17
146477 5
146499 120
146513 115
146552 91
146577 72
146612 98
146640 117
146651 74
146657 26
146664 23
146671 40
146711 106
146717 25
146735 94
146762 55
146792 110
146800 27
146802 87
146809 87
146827 113
146847 93
146868 127
146873 9
146897 72
146928 42
146969 64
147006 103
147050 110
147065 114
147074 38
147106 27
147132 114
147167 99
147202 105
147244 77
147285 19
147316 98
147358 91
147380 89
147389 55
147399 8
147428 112
147471 39
147499 44
147532 29
147577 45
147615 96
147648 11
147649 117
147669 79
147672 82
147701 89
147701 92
147713 80
147726 98
147763 20
147772 119
147787 80
147809 113
147817 109
147842 52
147852 109
147865 50
147884 2
147887 68
147893 122
147930 58
147958 7
147998 21
148035 87
148057 47
148068 20
148105 14
148140 21
148161 14
148189 94
148205 81
148213 79
148221 66
148247 30
148259 77
148288 67
148315 112
148341 52
148344 33
148363 11
148405 125
148420 90
148453 83
148474 3
148506 96
148521 100
148530 122
148549 120
148574 68
148603 38
148615 4
148623 77
148652 118
148657 56
148675 14
148718 94
148759 116
148788 71
148792 104
148796 126
148818 127
148824 122
148846 1
148873 102
148891 43
148922 92
148948 80
148952 91
148988 90
148997 102
149027 30
149065 2
149074 92
149103 94
149122 7
149148 65
149161 13
149186 30
149190 13
149206 40
149249 62
149266 35
149275 124
149316 118
149334 77
149376 68
149391 29
149398 11
149415 28
149434 109
149458 119
149469 32
149480 104
149494 18
149516 118
149528 18
149565 36
149602 29
149620 31
149638 45
149666 22
149707 124
149739 44
149745 30
149748 103
149768 20
149792 39
149802 3
149843 77
149848 127
149862 36
149889 21
149929 75
149954 124
149966 12
149982 75
149986 91
149989 36
150009 45
150043 107
150076 75
150095 112
150127 20
150143 78
150178 99
150186 22
150200 97
150235 84
150245 57
150274 19
150306 30
150337 48
150372 125
150386 114
150410 85
150424 118
150459 52
150494 34
150525 27
150530 27
150572 36
150574 84
150595 94
150619 17
150628 66
150652 17
150664 41
150691 103
150731 121
150735 101
150748 123
150756 31
150775 88
150787 5
150823 57
150829 60
150860 15
150861 24
150884 24
150908 69
150945 8
150983 98
150998 55
151017 40
151020 3
151039 120
151082 93
151083 100
151102 13
151120 95
151139 23
151165 30
151187 1
151219 127
151248 40
151265 42
151303 30
151332 54
151334 76
151371 107
151409 110
151416 89
151435 43
151463 122
151496 57
151511 121
151548 110
151548 85
151577 58
151616 114
151660 20
151677 85
151679 40
151717 79
151736 65
151753 113
151759 119
151768 52
151768 69
151784 125
151789 60
151823 59
151828 37
151873 82
151910 67
151954 32
151966 41
151998 53
152024 91
152059 126
152076 111
152104 125
152114 79
152126 92
152157 102
152176 78
152178 10
152210 20
152234 88
152269 34
152289 95
152289 14
152295 74
152313 58
152317 123
152329 18
152337 93
152346 30
152370 82
152408 69
152443 44
152464 23
152507 58
152531 8
152562 26
152591 45
152597 79
152627 116
152668 8
152688 105
152690 5
152709 111
152744 30
152784 55
152789 100
152804 126
152821 18
152857 49
152876 57
152888 98
152897 5
152940 92
152943 102
152978 13
152990 22
153010 20
153011 90
153034 83
153034 57
153060 48
153065 67
153108 73
153142 65
153167 92
153189 88
153199 45
153243 45
153267 127
153270 19
153314 87
153352 84
153392 64
153411 126
153412 14
153433 109
153450 11
153483 75
153507 78
153517 85
153561 112
153576 97
153616 41
153649 83
153664 4
153672 101
153710 11
153718 4
153745 48
153784 88
153784 92
153797 88
153833 30
153836 18
153861 88
153861 112
153888 72
153900 124
153916 78
153941 76
153963 58
153993 63
154025 64
154042 127
154058 45
154086 49
154114 22
154130 4
154130 31
154146 123
154166 111
154209 71
154246 3
154277 97
154312 7
154343 2
154373 40
154417 23
154456 106
154489 67
154495 127
154495 72
154514 14
154551 68
154574 30
154597 119
154598 109
154633 6
154658 73
154702 62
154720 107
154720 107
154752 112
154764 17
154788 59
154819 15
154836 109
154853 49
154860 93
154880 20
154884 84
154926 99
154929 18
154966 25
155008 53
155017 9
155044 33
155050 5
155083 9
155105 122
155124 110
155148 3
155187 56
155205 34
155218 59
155241 85
155253 58
155298 92
155314 95
155339 86
155383 45
155401 37
155409 69
155435 34
155452 31
155487 53
155513 76
155539 44
155553 109
155564 121
155588 55
155615 83
155637 10
155662 124
155680 111
155713 33
155717 49
155757 58
155794 40
155833 94
155844 26
155857 85
155874 126
155904 98
155927 43
155965 126
155976 96
156016 108
156025 31
156053 54
156079 110
156099 78
156132 64
156173 107
156191 62
156217 3
156261 80
156286 5
156316 17
156316 123
156352 97
156353 24
156385 57
156394 35
156409 28
156421 77
156431 24
156452 11
156455 83
156486 97
156522 113
156530 48
156570 112
156591 99
156610 93
156655 37
156669 17
156707 119
156738 21
156760 77
156802 118
156847 98
156857 43
156869 30
156888 57
156933 3
156940 49
156980 94
157020 35
157021 121
157033 15
157052 85
157081 45
157100 91
157106 26
157116 91
157151 82
157168 122
157201 60
157228 120
157240 2
157280 65
157299 32
157339 18
157362 49
157393 40
157399 122
157419 76
157437 68
157461 47
157504 122
157522 51
157549 106
157589 102
157596 112
157616 92
157653 116
157691 108
157708 59
157751 1
157790 50
157804 78
157841 81
157856 99
157864 27
157896 33
157919 20
157919 111
157960 65
157964 97
157970 81
158010 32
158014 116
158014 118
158057 45
158099 117
158114 87
158142 94
158185 7
158211 79
158224 34
158227 68
158252 90
158255 81
158291 15
158335 74
158368 101
158396 30
158407 53
158427 101
158431 66
158445 106
158469 18
158473 112
158500 72
158536 76
158556 71
158599 58
158615 68
158645 99
158653 38
158695 59
158731 63
158759 104
158800 108
158828 124
158844 122
158872 44
158886 83
158908 41
158941 49
158960 19
159002 69
159029 20
159069 60
159111 65
159132 64
159152 80
159159 123
159177 47
159199 2
159228 120
159235 5
159247 33
159273 109
159287 89
159330 81
159341 70
159355 48
159363 11
159394 90
159428 86
159470 103
159510 7
159545 83
159551 9
159553 18
159592 108
159621 24
159650 71
159671 57
159696 108
159718 13
159749 65
159759 64
159799 103
159842 29
159845 15
159866 124
159888 7
159922 76
159949 13
159958 105
159991 85
160021 60
160041 80
160041 97
160084 57
160104 21
160105 69
160126 65
160150 89
160177 44
160204 110
160204 114
160249 39
160281 33
160287 71
160302 26
160344 55
160359 33
160373 90
160390 86
160410 39
160437 24
160437 40
160477 10
160485 58
160511 63
160546 81
160561 105
160602 67
160611 33
160656 40
160698 37
160715 112
160729 62
160741 61
160766 112
160768 103
160806 47
160822 12
160849 104
160866 61
160891 94
160930 111
160941 20
160951 6
160979 22
161001 95
161015 89
161048 65
161088 121
161094 44
161095 124
161108 64
161137 116
161175 25
161208 32
161223 73
161259 46
161302 123
161303 46
161313 53
161324 10
161368 115
161373 42
161411 52
161444 13
161453 88
161466 89
161469 46
161513 126
161548 97
161563 103
161606 25
161637 94
161662 67
161670 6
161690 18
161704 98
161739 100
161740 34
161743 22
161758 90
161778 27
161810 23
161822 93
161864 82
161909 84
161954 110
161994 102
162008 106
162052 18
162062 106
162074 15
162090 38
162126 24
162152 42
162192 44
162209 96
162209 25
162237 32
162268 24
162275 62
162292 9
162322 69
162340 33
162356 29
162359 72
162371 58
162400 95
162443 4
162487 48
162499 124
162540 60
162575 122
162589 45
162625 81
162661 26
162668 108
162698 102
162717 19
162758 124
162765 94
162802 122
162841 4
162883 10
162926 47
162945 114
162958 19
162960 73
162965 100
162967 57
163002 52
163043 54
163079 80
163090 48
163104 100
163124 27
163145 15
163170 25
163211 86
163211 43
163256 16
163290 37
163305 22
163335 53
163368 16
163413 116
163445 55
163489 116
163498 123
163525 7
163557 3
163559 12
163594 36
163618 30
163629 36
163663 99
163686 126
163694 91
163734 45
163761 110
163771 47
163791 117
163813 73
163834 1
163864 105
163902 51
163940 91
163957 120
163990 94
163991 83
163993 16
163993 105
164034 1
164060 51
164088 67
164125 79
164161 1
164173 73
164176 5
164221 26
164230 53
164251 116
164255 22
164257 106
164300 105
164322 95
164324 39
164349 15
164365 10
164392 60
164398 23
164402 96
164403 109
164439 70
164468 56
164500 52
164533 102
164561 17
164580 78
164585 56
164592 72
164598 60
164622 6
164629 93
164641 82
164669 23
164682 33
164704 74
164746 93
164791 117
164800 46
164802 50
164814 49
164853 89
164879 17
164906 123
164930 82
164960 31
164963 103
164987 59
165004 40
165046 27
165057 75
165069 47
165106 109
165125 39
165154 95
165163 115
165172 102
165206 55
165226 41
165246 96
165291 37
165294 53
165309 91
165343 64
165388 62
165397 93
165430 22
165447 126
165470 37
165507 18
165546 113
165569 45
165603 24
165640 62
165670 24
165701 100
165734 68
165746 52
165787 87
165813 81
165826 96
165858 102
165877 38
165898 22
165898 75
165902 86
165923 55
165964 79
165981 19
165986 21
165992 102
166017 90
166037 8
166062 36
166062 118
166098 32
166131 11
166149 22
166161 81
166202 48
166231 53
166238 75
166246 73
166249 25
166293 61
166299 78
166317 79
166335 22
166363 56
166376 119
166409 50
166419 21
166444 26
166473 81
166516 13
166559 24
166580 122
166619 47
166638 13
166665 107
166698 99
166703 48
166746 99
166756 126
166785 32
166830 47
166875 119
166915 27
166939 41
166983 118
167012 75
167012 33
167035 108
167073 118
167088 85
167131 122
167146 15
167171 63
167203 95
167247 56
167267 38
167275 72
167283 6
167309 70
167317 41
167332 84
167333 67
167341 63
167350 91
167383 51
167385 5
167414 114
167430 46
167441 64
167483 43
167503 112
167531 70
167538 18
167554 20
167591 109
167629 12
167663 111
167698 104
167720 70
167745 104
167770 13
167775 26
167785 10
167794 37
167826 59
167849 121
167849 52
167865 77
167893 112
167909 19
167937 16
167965 97
168008 106
168029 49
168058 55
168066 106
168071 3
168092 99
168110 73
168146 16
168164 18
168178 37
168200 36
168208 6
168230 13
168257 24
168276 90
168294 50
168322 89
168324 3
168325 119
168351 94
168357 58
168393 38
168394 17
168433 124
168443 78
168457 89
168481 120
168505 43
168529 72
168533 79
168572 50
168574 121
168600 127
168605 51
168647 36
168666 64
168697 119
168734 52
168741 2
168786 9
168829 53
168854 127
168878 45
168892 59
168915 44
168946 63
168989 125
169013 35
169016 8
169047 85
169072 49
169104 115
169134 59
169167 62
169177 84
169219 77
169239 38
169239 105
169269 13
169293 26
169301 43
169312 34
169357 14
169394 123
169400 106
169445 73
169485 31
169518 57
169544 125
169562 95
169594 5
169618 74
169654 10
169680 94
169691 83
169706 71
169730 119
169747 31
169775 29
169815 76
169843 117
169876 24
169897 55
169937 32
169975 22
170004 4
170032 31
170035 35
170046 15
170090 31
170105 118
170139 117
170167 107
170170 91
170209 33
170218 83
170230 11
170264 10
170268 30
170279 2
170300 70
170327 118
170347 126
170355 90
170367 32
170391 53
170431 121
170471 110
170499 54
170521 19
170537 100
170560 48
170565 100
170568 11
170597 81
170627 118
170661 95
170705 49
170741 98
170744 38
170780 57
170799 71
170844 39
170877 40
170896 113
170917 63
170962 54
170969 48
170996 13
171012 64
171032 5
171036 76
171063 22
171070 43
171114 37
171146 84
171176 124
171190 16
171191 11
171194 54
171236 59
171263 44
171265 96
171265 40
171284 120
171311 127
171355 95
171357 27
171376 118
171411 26
171429 97
171441 94
171478 65
171497 51
171507 120
171527 76
171544 20
171570 65
171603 117
171615 35
171651 89
171670 97
171675 73
171701 68
171716 124
171733 42
171756 16
171759 29
171790 20
171813 71
171814 90
171857 75
171858 23
171876 11
171897 35
171926 116
171951 98
171965 78
171978 48
172014 112
172046 75
172047 112
172076 115
172115 76
172118 111
172144 35
172186 2
172219 79
172264 70
172294 13
172312 89
172329 94
172366 105
172400 29
172438 78
172438 55
172463 13
172496 33
172506 121
172546 52
172590 30
172599 106
172599 50
172600 53
172622 113
172630 77
172670 63
172713 53
172732 123
172739 126
172759 36
172769 30
172783 10
172812 112
172828 113
172861 77
172888 38
172897 125
172898 67
172915 86
172940 100
172982 69
172989 70
173028 111
173069 60
173078 96
173112 109
173145 60
173159 49
173187 118
173214 45
173215 83
173232 126
173242 107
173268 72
173277 89
173294 17
173338 123
173375 95
173402 108
173438 89
173438 62
173446 65
173478 73
173510 3
173512 4
173522 125
173526 29
173564 65
173608 14
173648 68
173663 34
173676 106
173702 59
173719 58
173731 12
173756 18
173784 126
173800 79
173842 56
173855 96
173856 124
173887 55
173915 40
173954 39
173978 117
173981 120
173987 54
174012 118
174022 119
174025 101
174069 102
174099 4
174110 102
174134 21
174143 122
174185 76
174195 82
174240 77
174283 79
174318 118
174350 118
174389 81
174417 121
174441 87
174445 124
174472 62
174484 15
174507 124
174542 119
174552 106
174587 5
174614 106
174658 117
174697 69
174718 27
174743 101
174765 55
174800 124
174813 72
174820 60
174826 81
174843 109
174847 49
174848 16
174872 8
174882 79
174906 123
174915 13
174949 33
174959 6
174998 86
174998 55
175027 66
175041 61
175061 74
175089 51
175127 123
175144 6
175177 126
175209 37
175229 87
175242 95
175249 121
175288 38
175331 108
175356 5
175387 123
175410 101
175412 32
175432 50
175455 102
175477 57
175493 81
175517 86
175557 48
175578 68
175594 119
175625 106
175632 42
175662 74
175695 58
175713 7
175716 76
175757 15
175802 98
175846 108
175866 59
175911 10
175937 88
175965 98
175979 11
175982 41
175988 104
176010 30
176015 17
176050 59
176068 63
176096 93
176112 69
176116 112
176145 61
176167 20
176194 16
176214 95
176244 45
176277 110
176308 122
176326 40
176370 94
176404 98
176407 64
176412 18
176441 93
176448 49
176484 59
176523 17
176548 61
176571 47
176592 101
176631 115
176649 96
176674 28
176715 116
176744 127
176777 12
176802 119
176807 8
176822 114
176859 70
176869 73
176906 77
176945 106
176972 104
176993 38
177032 92
177062 68
177070 55
177102 101
177133 79
177149 47
177185 58
177203 104
177228 90
177247 60
177276 18
177313 72
177325 56
177361 23
177371 69
177398 70
177426 70
177428 32
177467 90
177476 41
177503 4
177548 116
177553 115
177572 8
177591 109
177595 88
177597 25
177624 41
177629 11
177664 24
177685 37
177713 8
177725 48
177754 69
177775 4
177799 2
177844 43
177882 107
177927 93
177965 36
177969 23
177978 67
177998 55
178029 64
178063 52
178083 83
178104 103
178144 74
178175 110
178205 66
178237 23
178253 119
178257 39
178260 91
178303 116
178318 63
178325 36
178335 37
178343 33
178348 20
178362 58
178407 26
178420 112
178439 40
178478 44
178523 90
178566 114
178574 12
178579 49
178604 19
178646 8
178686 47
178706 40
178732 3
178771 72
178786 15
178821 49
178823 12
178862 38
178886 35
178887 4
178899 34
178924 36
178963 1
178978 50
178992 26
179021 102
179059 20
179102 60
179118 80
179127 44
179146 50
179153 37
179182 63
179185 104
179194 107
179210 24
179212 45
179230 36
179274 108
179279 31
179298 48
179324 104
179359 25
179375 121
179384 78
179419 73
179448 114
179466 114
179503 9
179517 38
179553 105
179568 25
179587 8
179588 123
179629 48
179649 126
179686 92
179731 40
179753 75
179760 63
179800 112
179808 85
179852 108
179897 91
179927 104
179932 64
179977 15
180009 12
180011 18
180056 71
180077 69
180078 78
180115 59
180144 41
180158 67
180167 51
180199 115
180233 86
180249 78
180292 64
180335 117
180368 28
180404 109
180443 82
180486 96
180511 44
180537 26
180546 111
180562 60
180576 82
180620 18
180636 5
180664 125
180682 115
180697 105
180702 96
180723 90
180768 82
180795 22
180807 117
180842 37
180854 5
180866 11
180892 45
180936 75
180970 108
180998 70
181008 118
181046 61
181069 94
181082 111
181117 19
181144 69
181149 11
181181 25
181222 22
181263 22
181297 93
181333 12
181351 54
181373 73
181410 10
181455 55
181469 44
181478 10
181495 96
181532 69
181541 115
181551 60
181559 49
181599 42
181620 97
181625 25
181659 13
181695 117
181716 42
181761 27
181797 107
181800 31
181814 68
181858 93
181885 43
181890 119
181933 87
181933 127
181969 124
181998 89
182021 14
182055 60
182087 69
182124 126
182139 7
182141 65
182181 42
182226 94
182238 47
182278 101
182296 3
182300 95
182312 71
182314 121
182354 44
182389 37
182419 70
182430 98
182433 68
182459 47
182498 69
182542 71
182558 112
182598 71
182643 66
182671 32
182691 24
182720 126
182739 38
182746 83
182773 110
182796 54
182798 58
182809 111
182849 115
182860 68
182881 99
182894 26
182916 76
182918 44
182925 33
182957 42
182983 47
183018 62
183063 42
183085 102
183086 66
183101 118
183136 127
183159 42
183196 103
183232 90
183275 113
183319 84
183348 103
183372 2
183414 74
183457 52
183466 101
183485 37
183517 125
183557 36
183557 114
183557 22
183574 54
183614 77
183655 76
183691 10
183727 50
183759 74
183777 80
183794 8
183797 33
183841 39
183876 19
183895 83
183921 74
183950 124
183994 92
184020 37
184037 124
184044 56
184055 81
184064 19
184064 34
184074 118
184089 79
184128 113
184172 121
184182 87
184199 20
184213 32
184252 108
184262 73
184289 17
184324 56
184368 9
184406 44
184420 124
184441 127
184481 35
184496 37
184514 74
184516 50
184539 12
184567 92
184573 9
184585 76
184610 116
184610 124
184638 20
184659 39
184660 50
184662 48
184666 98
184674 39
184690 43
184711 127
184747 113
184788 96
184795 59
184837 45
184852 74
184863 68
184902 101
184944 47
184972 11
184987 73
185007 24
185041 89
185081 78
185083 59
185109 68
185132 87
185159 62
185194 123
185194 3
185239 38
185250 42
185284 91
185293 79
185314 76
185336 6
185373 76
185378 3
185390 78
185411 5
185454 126
185462 82
185476 41
185511 62
185537 103
185573 21
185591 117
185623 108
185650 44
185693 104
185721 72
185741 49
185771 35
185781 93
185800 75
185823 14
185835 5
185839 73
185852 52
185869 118
185888 15
185902 16
185946 120
185960 8
185995 29
186001 115
186038 5
186051 27
186075 106
186081 115
186112 19
186129 115
186148 75
186154 65
186163 43
186199 99
186209 38
186235 2
186255 84
186269 54
186296 35
186328 53
186365 115
186403 4
186408 90
186419 98
186419 19
186443 15
186453 58
186481 71
186526 12
186532 49
186544 4
186588 53
186606 51
186643 65
186650 105
186686 85
186723 51
186759 52
186781 117
186788 20
186804 53
186848 72
186857 3
186888 124
186890 63
186890 99
186935 84
186937 49
186940 16
186948 2
186971 116
187015 8
187017 99
187046 48
187087 50
187094 7
187109 73
187141 5
187147 109
187175 109
187213 41
187213 23
187249 34
187290 22
187312 84
187314 67
187334 16
187370 95
187381 50
187398 44
187419 78
187450 102
187466 35
187509 71
187533 127
187566 74
187588 116
187605 22
187645 51
187674 34
187702 76
187745 73
187787 45
187798 100
187824 106
187836 67
187838 112
187871 84
187890 48
187929 86
187952 2
187992 36
188007 17
188019 65
188024 7
188044 11
188046 49
188055 82
188098 41
188129 35
188155 57
188200 107
188222 84
188231 31
188242 5
188253 77
188282 126
188290 80
188295 47
188340 29
188359 114
188368 27
188387 80
188394 2
188397 108
188433 54
188461 125
188481 80
188526 124
188568 112
188579 38
188585 44
188609 25
188622 5
188641 13
188654 79
188677 87
188709 35
188715 84
188723 99
188739 126
188759 65
188790 122
188825 64
188835 53
188870 19
188912 78
188936 59
188970 79
188976 111
189010 83
189025 30
189034 31
189061 111
189062 76
189097 21
189121 89
189136 26
189142 97
189149 4
189152 36
189183 81
189202 33
189224 88
189225 103
189228 66
189267 111
189311 111
189323 17
189358 90
189399 33
189410 23
189425 84
189437 87
189479 56
189508 70
189545 19
189579 9
189591 27
189592 107
189610 66
189614 72
189653 88
189653 14
189679 48
189721 112
189754 15
189798 26
189828 72
189832 8
189875 61
189876 31
189883 45
189907 54
189925 36
189929 6
189974 122
189994 31
190011 103
190037 101
190066 123
190076 59
190095 39
190096 108
190107 39
190150 17
190194 15
190224 118
190228 24
190273 10
190279 76
190296 19
190318 84
190357 52
190391 13
190422 99
190459 79
190503 30
190505 78
190550 25
190566 16
190605 32
190645 106
190690 119
190734 30
190750 115
190767 114
190807 121
190820 108
190863 16
190871 10
190908 116
190941 12
190983 65
191014 87
191040 125
191056 11
191076 21
191077 110
191114 35
191144 102
191176 70
191214 126
191223 19
191249 53
191271 69
191271 9
191284 30
191326 104
191368 60
191399 102
191426 127
191471 117
191475 83
191501 72
191534 45
191548 104
191560 76
191599 88
191640 51
191668 5
191705 108
191712 22
191748 40
191754 19
191769 44
191808 77
191809 22
191817 14
191853 96
191890 68
191929 45
191931 6
191947 111
191960 34
191978 11
191999 94
192001 32
192037 109
192059 62
192076 1
192083 102
192107 35
192115 2
192148 118
192192 31
192234 47
192238 116
192244 41
192262 86
192296 68
192320 110
192343 44
192370 64
192386 76
192412 38
192431 79
192435 124
192468 13
192513 105
192521 93
192543 3
192547 33
192577 67
192595 73
192595 7
192615 78
192617 44
192643 7
192680 32
192713 16
192758 91
192794 81
192809 38
192819 118
192864 26
192903 13
192920 84
192940 73
192952 72
192965 47
192979 44
193022 70
193039 39
193043 11
193057 106
193077 17
193080 73
193097 65
193123 23
193143 68
193169 45
193210 70
193241 86
193263 109
193308 66
193331 76
193356 55
193377 102
193403 12
193417 102
193435 50
193471 99
193490 25
193490 126
193501 21
193543 54
193572 75
193614 112
193655 55
193655 112
193694 111
193700 97
193728 7
193767 19
193803 81
193815 24
193850 92
193880 96
193914 61
193947 58
193979 84
194004 127
194045 79
194060 102
194099 40
194119 83
194134 98
194170 113
194170 54
194177 15
194214 80
194224 35
194228 83
194249 107
194294 91
194326 80
194361 126
194401 108
194429 48
194447 16
194462 77
194475 43
194505 123
194508 71
194533 84
194537 11
194575 106
194603 45
194623 119
194640 29
194646 99
194647 51
194690 35
194719 16
194734 19
194751 14
194788 120
194812 33
194833 26
194841 56
194862 32
194863 55
194900 63
194914 105
194924 36
194955 22
194989 21
195028 76
195053 85
195094 3
195131 68
195174 89
195211 18
195244 74
195272 64
195301 93
195305 66
195315 39
195344 63
195363 19
195363 114
195401 21
195415 117
195441 102
195448 24
195467 37
195493 76
195503 2
195517 77
195559 52
195603 87
195641 44
195664 55
195698 15
195711 111
195756 8
195764 39
195789 5
195819 122
195839 119
195870 121
195886 28
195927 112
195943 107
195976 42
196012 37
196044 41
196047 9
196054 124
196054 1
196059 126
196101 19
196115 121
196158 55
196203 19
196220 117
196235 9
196256 16
196259 105
196284 85
196292 59
196331 87
196369 71
196401 124
196432 110
196469 4
196472 25
196512 92
196519 127
196537 20
196545 14
196584 28
196587 29
196603 71
196644 74
196675 124
196707 32
196728 35
196749 60
196792 37
196797 19
196809 107
196810 4
196835 5
196857 21
196874 49
196887 35
196912 56
196946 51
196976 37
196999 68
197023 76
197055 71
197100 9
197142 53
197170 63
197179 5
197213 86
197214 110
197215 44
197255 57
197276 19
197283 15
197298 72
197318 39
197328 53
197362 40
197392 63
197423 18
197448 95
197481 65
197489 80
197530 63
197574 80
197604 60
197629 109
197672 17
197715 121
197744 22
197777 85
197796 63
197841 99
197856 42
197894 121
197913 16
197945 123
197982 53
197987 5
198023 11
198055 11
198090 32
198133 90
198158 80
198188 92
198223 125
198232 32
198252 119
198280 34
198294 93
198324 2
198358 14
198380 110
198391 68
198398 123
198420 93
198421 77
198428 36
198433 10
198441 26
198447 10
198461 71
198468 9
198509 108
198530 40
198540 16
198552 93
198569 127
198579 113
198580 122
198589 42
198590 57
198630 109
198660 53
198669 80
198713 41
198757 104
198770 71
198805 22
198838 62
198855 93
198893 82
198933 54
198935 26
198964 48
199004 109
199019 70
199043 36
199051 22
199064 49
199099 76
199139 18
199167 120
199203 8
199215 60
199231 25
199260 38
199268 70
199290 92
199293 29
199308 25
199315 40
199328 114
199367 35
199377 14
199404 120
199434 73
199463 16
199469 25
199469 63
199473 3
199493 124
199525 61
199570 67
199615 22
199615 26
199624 63
199626 106
199627 123
199651 26
199651 41
199683 27
199713 11
199744 52
199772 20
199800 65
199807 65
199849 102
199876 91
199914 19
199947 102
199974 36
199977 102
200005 17
200046 72
200057 69
200062 84
200067 100
200106 15
200108 49
200108 24
200140 29
200166 101
200202 32
200219 57
200234 68
200236 27
200277 87
200310 118
200326 1
200333 115
200352 78
200368 10
200371 120
200398 5
200432 80
200437 3
200450 100
200480 14
200508 96
200541 19
200552 89
200564 120
200607 96
200652 121
200663 4
200690 96
200707 54
200718 109
200743 10
200745 114
200778 12
200785 53
200817 4
200862 23
200884 29
200903 91
200914 28
200945 33
200960 124
200987 119
201002 25
201024 33
201040 89
201073 11
201076 116
201120 101
201132 9
201161 6
201205 122
201209 113
201245 97
201265 10
201285 90
201319 59
201360 65
201370 19
201401 18
201413 108
201427 10
201471 85
201486 117
201504 107
201539 97
201563 102
201575 40
201592 113
201633 9
201646 60
201654 59
201699 98
201730 2
201732 124
201760 79
201797 79
201842 18
201853 28
201890 77
201920 115
201930 17
201959 83
201997 51
202003 31
202009 117
202033 42
202041 50
202049 17
202084 50
202110 63
202116 89
202151 80
202196 63
202230 78
202274 19
202290 36
202294 75
202299 125
202299 65
202330 16
202347 35
202387 123
202408 25
202445 59
202461 47
202506 83
202522 71
202530 99
202565 3
202603 77
202605 73
202631 5
202658 88
202686 1
202703 102
202724 11
202724 53
202768 77
202787 51
202799 26
202832 82
202854 10
202895 74
202922 108
202928 121
202964 109
203001 48
203043 13
203062 18
203065 34
203099 7
203141 84
203162 19
203179 8
203208 23
203246 109
203258 37
203262 5
203299 17
203327 124
203340 38
203350 119
203378 13
203387 29
203426 83
203467 3
203495 38
203513 121
203519 11
203535 35
203567 118
203590 75
203626 7
203635 8
203654 116
203687 13
203711 107
203744 28
203758 81
203787 88
203806 79
203832 48
203838 87
203853 97
203861 89
203863 22
203889 3
203898 3
203900 15
203900 21
203916 97
203956 11
203987 88
204025 31
204061 11
204079 119
204102 30
204133 67
204147 63
204154 98
204159 24
204169 56
204189 120
204191 20
204226 121
204256 122
204268 98
204279 103
204299 43
204343 19
204376 28
204388 59
204408 52
204424 28
204428 59
204457 20
204472 9
204474 67
204511 98
204545 17
204574 20
204575 95
204587 65
204628 72
204671 40
204709 103
204730 122
204749 44
204779 85
204779 83
204782 53
204799 75
204804 16
204845 85
204858 79
204867 83
204909 125
204951 7
204958 46
204990 127
204997 19
205035 86
205053 51
205083 76
205114 49
205143 53
205151 74
205192 49
205203 55
205213 15
205246 111
205268 17
205288 92
205321 30
205325 22
205333 17
205340 42
205365 62
205400 27
205429 38
205449 46
205480 10
205522 124
205557 89
205566 22
205590 73
205628 102
205629 108
205659 19
205666 53
205669 6
205692 58
205732 15
205762 76
205787 66
205809 50
205836 70
205867 78
205873 114
205876 72
205902 79
205906 55
205946 4
205968 54
205974 74
205980 16
205981 33
206016 109
206036 86
206040 46
206055 72
206058 61
206072 77
206115 54
206137 74
206138 75
206154 5
206176 23
206198 126
206223 105
206237 117
206242 55
206253 83
206294 24
206301 125
206333 22
206373 86
206395 44
206403 38
206409 57
206446 74
206463 53
206494 109
206529 108
206542 88
206542 48
206579 99
206624 19
206669 122
206674 107
206689 102
206714 14
206730 81
206754 90
206773 87
206801 9
206809 50
206837 32
206867 89
206893 73
206924 2
206932 126
206943 101
206955 92
206990 9
207033 80
207054 127
207094 68
207104 37
207133 16
207168 20
207193 24
207230 39
207252 88
207273 48
207307 49
207352 65
207375 16
207407 79
207450 96
207464 70
207489 29
207533 46
207570 79
207609 87
207609 112
207609 95
207621 110
207630 75
207669 115
207701 124
207713 12
207727 12
207728 37
207763 81
207802 99
207840 113
207849 54
207850 105
207863 39
207906 52
207922 16
207939 78
207978 66
207985 70
207993 101
207997 25
208017 122
208046 59
208056 113
208064 65
208107 7
208108 1
208135 5
208173 85
208182 49
208197 58
208235 7
208275 121
208316 47
208347 1
208350 15
208393 50
208434 47
208460 24
208490 18
208535 31
208579 120
208596 103
208635 29
208676 115
208677 120
208716 21
208735 22
208750 61
208772 48
208806 40
208837 123
208868 91
208886 127
208895 26
208923 20
208968 127
209006 43
209010 78
209030 33
209032 111
209076 27
209102 30
209141 109
209152 123
209175 79
209176 90
209212 33
209251 67
209261 34
209295 62
209317 111
209351 100
209395 91
209421 73
209459 92
209467 46
209471 63
209512 93
209531 94
209571 45
209594 80
209620 57
209644 68
209689 78
209727 110
209757 51
209772 82
209816 80
209837 7
209882 63
209927 27
209930 21
209949 56
209981 36
210008 51
210038 53
210066 11
210084 67
210105 127
210108 44
210140 103
210159 85
210187 72
210220 21
210240 24
210267 20
210269 59
210298 109
210328 89
210335 9
210380 41
210412 118
210453 107
210487 75
210525 78
210532 27
210551 74
210566 23
210602 69
210606 16
210614 71
210659 14
210704 4
210717 106
210731 101
210753 1
210783 53
210821 57
210854 39
210862 79
210903 67
210917 10
210958 61
210995 9
211029 60
211062 73
211078 8
211117 49
211133 94
211152 114
211161 8
211185 113
211189 41
211225 86
211238 8
211267 32
211278 45
211310 72
211328 123
211329 35
211369 89
211391 111
211410 74
211417 127
211438 17
211467 78
211469 52
211477 70
211485 62
211504 122
211516 85
211536 43
211544 109
211573 81
211591 108
211636 12
211675 100
211713 103
211728 2
211770 99
211792 51
211815 104
211817 96
211819 31
211855 26
211874 2
211891 72
211901 6
211915 33
211915 99
211926 71
211949 48
211970 68
211985 55
211992 64
212025 18
212062 37
212074 111
212086 10
212095 90
212119 13
212139 52
212162 17
212189 9
212223 76
212228 107
212234 115
212274 73
212287 27
212330 91
212366 8
212370 109
212404 112
212415 50
212450 87
212469 83
212489 105
212533 19
212537 89
212560 55
212602 78
212644 13
212685 103
212712 82
212715 52
212744 2
212778 65
212780 97
212822 70
212831 84
212839 100
212876 95
212905 116
212919 75
212952 127
212996 94
213016 108
213032 52
213063 91
213078 24
213120 86
213159 114
213191 75
213215 94
213222 119
213264 57
213301 52
213331 70
213368 37
213372 119
213411 34
213442 21
213482 112
213499 16
213504 100
213506 86
213507 86
213508 101
213539 120
213566 81
213611 119
213628 11
213633 28
213655 26
213692 82
213724 122
213744 102
213758 76
213796 124
213839 43
213852 121
213863 59
213901 107
213937 106
213979 97
214003 115
214043 69
214076 96
214119 35
214147 59
214154 39
214179 121
214190 120
214201 6
214209 9
214234 6
214236 78
214268 12
214309 104
214309 60
214345 76
214360 116
214388 56
214406 67
214440 63
214449 91
214476 54
214517 31
214555 109
214586 55
214592 107
214593 8
214627 36
214669 56
214673 98
214708 52
214732 90
214738 69
214770 3
214772 72
214783 63
214811 93
214847 27
214886 51
214899 46
214912 22
214945 22
214968 90
214995 105
215023 114
215066 55
215092 64
215101 87
215135 69
215153 118
215189 54
215220 22
215226 105
215242 108
215277 80
215316 25
215358 40
215391 125
215397 71
215434 110
215466 99
215495 88
215502 69
215543 4
215553 29
215591 66
215591 32
215611 105
215630 127
215657 16
215698 12
215709 52
215714 1
215720 48
215728 15
215762 31
215764 67
215784 89
215814 3
215837 71
215862 111
215900 121
215940 15
215973 35
216010 105
216039 11
216054 70
216097 14
216103 40
216132 64
216155 88
216188 8
216220 19
216220 66
216222 48
216266 63
216310 63
216320 24
216326 37
216341 110
216352 81
216394 9
216401 43
216442 56
216448 36
216475 89
216515 24
216547 8
216567 60
216590 8
216607 85
216628 67
216663 18
216702 83
216730 67
216754 74
216796 73
216796 4
216798 72
216835 29
216876 99
216914 117
216950 23
216966 96
217006 75
217028 50
217031 111
217062 7
217062 26
217093 119
217110 69
217126 127
217133 119
217172 22
217182 114
217184 103
217184 47
217197 19
217197 50
217199 79
217199 44
217204 116
217216 78
217244 50
217248 37
217270 103
217279 71
217309 8
217310 35
217354 73
217372 84
217373 104
217377 20
217387 101
217428 10
217451 112
217490 92
217525 60
217533 39
217534 45
217545 80
217581 56
217587 55
217623 45
217659 67
217668 87
217678 115
217708 78
217737 126
217768 38
217768 81
217778 120
217802 47
217837 16
217843 62
217872 79
217891 32
217906 51
217945 38
217974 53
218018 51
218034 51
218046 79
218067 24
218071 56
218096 23
218116 98
218149 127
218188 24
218214 73
218257 67
218270 66
218310 58
218314 120
218353 22
218381 108
218415 79
218459 21
218492 111
218528 60
218546 77
218590 59
218632 70
218663 1
218674 86
218679 87
218680 21
218686 82
218701 90
218726 91
218766 31
218769 107
218771 41
218803 60
218848 88
218860 87
218886 83
218887 111
218887 32
218896 95
218900 109
218924 76
218932 71
218956 22
218999 72
219005 120
219018 89
219045 17
219089 39
219107 88
219145 85
219155 53
219183 40
219188 29
219214 94
219234 54
219253 74
219263 69
219275 33
219295 127
219326 69
219329 36
219354 23
219359 10
219401 53
219410 123
219430 110
219432 28
219465 91
219482 112
219520 40
219535 48
219560 37
219595 58
219610 117
219625 93
219630 102
219640 67
219663 56
219677 101
219694 126
219719 102
219757 35
219763 47
219769 120
219773 94
219781 118
219821 5
219829 105
219864 112
219888 32
219918 85
219938 54
219963 62
219982 123
220009 47
220037 67
220076 63
220090 12
220095 33
220110 83
220138 85
220147 70
220173 36
220194 113
220235 68
220237 39
220277 94
220290 24
220331 102
220350 98
220365 20
220407 81
220446 123
220448 124
220455 44
220492 12
220532 44
220571 16
220579 13
220610 15
220621 5
220635 12
220636 45
220658 77
220702 83
220715 13
220742 75
220747 18
220755 16
220780 54
220803 36
220830 59
220874 94
220910 119
220931 50
220970 49
221006 32
221014 91
221042 2
221042 102
221056 17
221058 10
221087 26
221123 23
221142 29
221173 24
221173 73
221190 36
221210 70
221231 113
221231 21
221239 28
221246 5
221282 104
221285 97
221315 6
221338 11
221372 65
221396 10
221420 124
221436 78
221472 78
221484 5
221516 59
221522 112
221524 94
221555 114
221595 5
221599 99
221601 15
221611 3
221638 24
221681 80
221698 116
221741 125
221786 62
221829 102
221852 43
221878 2
221891 2
221916 82
221938 65
221951 44
221958 58
221989 34
222028 94
222043 81
222084 51
222125 59
222129 16
222162 103
222166 113
222205 77
222247 43
222250 73
222254 16
222261 73
222272 105
222316 69
222316 119
222347 102
222367 106
222371 122
222391 110
222428 70
222441 35
222452 28
222484 44
222487 118
222512 114
222518 42
222560 102
222581 24
222584 21
222604 121
222628 117
222670 125
222694 125
222714 71
222748 52
222777 34
222793 82
222826 46
222865 87
222872 70
222913 100
222929 111
222947 26
222989 55
223032 82
223071 20
223077 66
223111 118
223150 115
223187 18
223222 15
223247 94
223272 108
223274 60
223288 8
223290 20
223290 33
223320 48
223331 26
223374 26
223415 12
223424 100
223455 106
223492 8
223493 124
223515 45
223559 57
223582 31
223589 43
223632 115
223632 115
223646 1
223658 20
223670 91
223709 116
223742 54
223767 105
223798 49
223843 81
223882 70
223896 101
223912 59
223916 61
223921 76
223954 120
223975 34
223998 46
224016 45
224033 120
224060 47
224089 9
224125 61
224158 123
224171 127
224194 93
224216 82
224235 109
224272 28
224305 23
224307 75
224345 63
224372 14
224406 79
224432 91
224446 9
224446 32
224474 105
224475 70
224498 6
224542 115
224582 122
224618 21
224656 49
224684 3
224722 8
224748 20
224780 18
224815 105
224827 32
224828 124
224838 1
224872 9
224906 39
224944 52
224964 88
224973 48
224993 25
225011 96
225022 121
225053 38
225058 3
225093 74
225093 40
225095 47
225107 54
225131 112
225139 101
225155 122
225173 18
225188 107
225219 29
225223 7
225258 62
225296 39
225341 2
225347 34
225354 61
225383 111
225404 119
225437 34
225462 90
225489 1
225497 79
225511 27
225546 31
225567 100
225576 15
225616 84
225654 71
225678 94
225678 8
225694 81
225731 113
225747 85
225748 73
225751 78
