43 77
62 93
73 31
107 4
119 115
123 74
165 38
176 66
180 24
200 65
241 95
285 13
314 125
355 57
385 52
389 78
430 76
432 17
447 7
468 56
488 9
506 36
529 52
555 29
590 45
591 28
634 115
668 74
687 32
722 62
754 65
785 107
794 30
829 124
845 84
869 58
912 109
927 4
941 42
986 19
1002 104
1047 116
1072 76
1080 4
1095 115
1103 125
1144 75
1162 80
1168 47
1175 58
1182 11
1209 4
1224 31
1262 30
1290 115
1295 79
1336 122
1340 69
1374 15
1417 3
1460 62
1470 74
1500 50
1523 65
1525 39
1526 90
1536 25
1557 69
1561 56
1599 6
1633 90
1645 30
1670 113
1714 88
1730 25
1775 73
1808 93
1841 15
1875 93
1894 65
1917 107
1956 105
1981 83
1992 79
2005 94
2024 114
2063 60
2075 51
2113 6
2121 76
2155 46
2165 52
2174 79
2174 127
2198 56
2233 120
2252 18
2297 59
2342 18
2343 2
