10 26
12 7
57 34
99 49
138 81
182 123
182 74
190 2
225 17
235 118
250 103
290 111
316 13
333 5
356 51
368 121
400 124
408 39
430 115
475 8
481 106
493 123
507 67
537 69
560 96
576 22
595 53
624 48
642 89
666 117
667 37
708 36
714 63
724 123
765 26
788 53
814 77
838 48
849 123
875 88
900 113
900 116
922 62
963 97
971 44
991 106
997 25
1036 82
1078 27
1106 2
1115 41
1149 118
1160 33
1204 52
1213 13
1245 53
1269 73
1284 18
1322 83
1342 33
1343 83
1375 65
1420 123
1440 11
1471 123
1471 41
1496 34
1515 27
1555 57
1556 124
1573 45
1611 41
1627 41
1639 72
1663 88
1683 19
1700 92
1728 29
1757 67
1784 47
1807 112
1831 40
1875 69
1898 32
1933 62
1941 56
1966 70
2000 4
2036 90
2071 108
2077 108
2107 27
2125 86
2164 11
2187 80
2228 107
2245 62
2281 36
2318 39
2332 54
2349 13
2356 18
2368 28
2405 8
2447 70
2473 7
2482 5
2524 59
2540 78
2570 104
2608 79
2624 90
2651 120
2688 32
2725 110
2757 19
2787 16
2830 90
2850 78
2887 23
2904 68
2913 3
2916 44
2920 38
2947 55
2980 78
2993 83
3009 61
3033 113
3058 68
3087 99
3091 23
3127 18
3151 120
3174 107
3204 12
3243 81
3281 13
3304 110
3329 79
3342 5
3378 79
3423 67
3425 69
3447 38
3492 20
3518 80
3540 108
3581 25
3594 6
3632 89
3645 104
3684 17
3729 115
3739 106
3762 127
3776 117
3788 86
3833 115
3843 94
3854 45
3886 51
3912 58
3924 26
3965 49
3970 52
4011 45
4026 97
4051 102
4080 60
4089 76
4113 45
4119 80
4119 26
4160 75
4182 70
4189 108
4201 90
4233 36
4272 98
4314 114
4340 86
4360 52
4364 46
4377 11
4401 14
4418 44
4428 61
4451 8
4485 84
4523 84
4530 103
4530 25
4534 96
4538 11
4544 21
4550 82
4560 8
4580 35
4600 57
4621 7
4642 100
4685 120
4704 102
4713 15
4742 23
4742 92
4758 7
4758 69
4786 18
4807 55
4836 120
4847 63
4887 87
4889 104
4929 51
4970 95
4975 104
4989 57
5008 17
5008 113
5050 33
5084 87
5113 88
5136 32
5144 43
5169 2
5213 87
5255 120
5260 25
5276 104
5280 67
5285 117
5305 6
5342 97
5359 19
5393 40
5434 89
5436 115
5448 122
5473 39
5479 30
5488 39
5526 125
5551 106
5588 45
5632 30
5658 103
5673 102
5703 122
5738 29
5767 41
5803 120
5831 73
5866 107
5882 100
5926 69
5956 82
5962 100
5971 1
5982 86
5987 10
5990 76
6001 56
6022 114
6036 30
6045 82
6080 51
6104 102
6104 54
6122 96
6145 70
6145 53
6183 43
6200 66
6231 90
6273 95
6294 44
6309 14
6325 104
6352 126
6355 21
6375 96
6393 3
6434 53
6458 96
6458 48
6470 17
6471 70
6496 52
6516 12
6523 74
6554 110
6558 64
6576 79
6581 77
6605 95
6641 83
6673 71
6685 40
6696 109
6706 51
6744 73
6745 112
6763 16
6775 94
6820 110
6832 86
6860 8
6867 44
6894 109
6914 109
6956 53
6999 104
7017 18
7042 104
7067 71
7094 22
7139 61
7181 30
7199 30
7231 14
7240 9
7274 6
7278 103
7314 120
7342 9
7354 47
7394 52
7410 21
7430 85
7472 75
7485 11
7522 97
7526 11
7546 57
7565 1
7600 66
7629 79
7670 49
7678 119
7680 21
7724 124
7745 41
7751 56
7765 80
7802 64
7830 23
7873 105
7888 103
7912 55
7946 22
7984 114
8015 76
8030 16
8048 93
8086 95
8131 31
8156 47
8194 125
8237 37
8281 12
8306 106
8333 30
8358 49
8382 106
8416 100
8420 32
8461 91
8464 94
8491 63
8516 59
8532 46
8575 25
8581 103
8582 23
8601 94
8609 105
8652 61
8663 100
8701 39
8703 82
8728 60
8738 48
8750 58
8795 6
8799 88
8824 50
8838 104
8876 66
8897 12
8923 84
8944 115
8980 34
8986 35
9009 107
9016 54
9048 97
9062 26
9067 83
9068 36
9068 63
9071 24
9089 107
9117 42
9149 108
9166 70
9194 23
9210 20
9216 51
9221 2
9235 63
9245 127
9267 6
9270 84
9281 9
9304 42
9307 117
9336 95
9352 22
9370 118
9393 110
9436 90
9446 75
9448 42
9454 44
9459 55
9501 80
9518 110
9520 50
9553 55
9564 82
9566 25
9588 22
9602 29
9634 19
9642 123
9670 80
9704 13
9722 59
9765 33
9781 12
9796 112
9797 126
9830 126
9847 100
9887 95
9924 45
9949 75
9991 12
10004 68
10023 122
10043 23
10087 67
10130 84
10156 78
10171 123
10196 105
10224 45
10250 89
10275 109
10285 27
10322 87
10335 58
10353 2
10364 52
10388 39
10407 77
10419 10
10424 102
10433 109
10442 9
10442 100
10478 54
10509 76
10528 65
10551 107
10583 11
10597 39
10601 53
10638 100
10661 25
10677 32
10679 61
10698 12
10701 28
10740 50
10755 81
10793 82
10830 24
10861 71
10877 56
10911 95
10934 33
10948 54
10967 109
10995 107
11014 26
11027 21
11042 103
11078 42
11098 77
11134 12
11160 38
11179 8
11205 21
11236 94
11242 59
11283 117
11298 7
11335 37
11367 16
11397 47
11421 63
11453 90
11477 97
11520 113
11552 100
11575 102
11620 32
11647 87
11669 74
11691 71
11735 75
11771 33
11784 86
11817 109
11862 119
11901 40
11906 9
11938 44
11970 37
12013 52
12032 70
12070 19
12077 53
12091 96
12101 90
12124 113
12124 73
12158 53
12184 12
12191 63
12196 50
12206 37
12212 119
12236 123
12251 9
12291 1
12329 15
12329 93
12331 114
12344 14
12357 108
12396 104
12408 64
12441 105
12452 126
12473 66
12503 19
12520 54
12529 12
12548 79
12569 33
12580 81
12587 113
12598 2
12632 90
12667 47
12686 7
12724 18
12740 111
12780 33
12824 16
12833 95
12851 111
12863 35
12905 68
12913 120
12946 52
12954 3
12975 94
12989 52
12997 96
13013 16
13031 73
13058 120
13079 41
13088 99
13103 63
13106 66
13146 38
13154 86
13181 123
13187 96
13193 66
13237 103
13268 117
13305 111
13306 68
13351 89
13394 33
13406 120
13424 30
13459 56
13501 118
13512 55
13515 2
13548 119
13556 15
13568 26
13612 55
13639 34
13682 33
13705 87
13713 100
13737 3
13748 118
13787 103
13818 59
13848 96
13870 68
13914 2
13939 52
13943 12
13961 48
13994 28
14003 5
14014 2
14014 17
14052 12
14070 30
14079 50
14123 107
14150 45
14152 64
14196 33
14211 105
14215 13
14235 35
14250 78
14291 92
14299 61
14337 9
14369 106
14414 66
14444 102
14486 84
14501 34
14510 46
14540 100
14572 53
14573 105
14606 19
14625 76
14664 114
14669 58
14707 93
14731 102
14748 83
14762 45
14800 9
14828 35
14850 127
14872 77
14896 93
14908 58
14948 59
14987 124
14991 43
14993 76
15003 61
15005 71
15039 77
15042 77
15052 39
15063 23
15074 117
15098 34
15106 90
15145 56
15156 5
15172 124
15186 42
15192 18
15221 95
15227 98
15264 51
15286 119
15305 70
15315 46
15315 102
15334 89
15361 6
15371 112
15385 20
15427 40
15463 70
15486 127
15526 79
15552 70
15582 64
15608 76
15611 82
15624 116
15626 25
15631 105
15635 108
15645 17
15664 5
15709 111
15723 13
15764 64
15799 72
15835 12
15869 5
15898 78
15916 48
15916 36
15917 89
15922 83
15923 38
15956 32
15956 68
15956 100
15957 3
15959 61
16001 95
16015 10
16025 48
16029 21
16042 109
16064 51
16087 38
16120 1
16145 24
16173 90
16201 51
16207 82
16207 112
16227 40
16234 96
16267 75
16307 57
16318 49
16340 64
16378 12
16400 49
16423 106
16433 32
16449 71
16460 3
16482 22
16495 103
16522 47
16552 89
16552 66
16588 93
16628 40
16639 112
16661 65
16663 62
16666 38
16703 118
16748 31
16790 66
16816 49
16816 56
16839 2
16843 76
16855 71
16866 121
16901 52
16912 84
16930 44
16949 13
16990 85
17019 123
17064 110
17072 56
17116 1
17139 86
17148 28
17156 56
17157 118
17196 16
17239 52
17257 24
17296 10
17335 122
17344 92
17354 49
17371 85
17374 78
17375 16
17381 93
17400 124
17416 7
17437 60
17449 20
17492 104
17507 111
17548 70
17585 38
17590 52
17612 53
17631 30
17664 10
17702 126
17728 36
17753 81
17789 86
17797 43
17802 4
17803 31
17812 70
17840 31
17841 86
17845 111
17852 40
17893 86
17899 127
17902 42
17915 6
17944 108
17989 93
18031 23
18031 62
18035 44
18075 15
18081 40
18125 17
18155 55
18171 116
18183 111
18193 12
18223 11
18227 12
18264 127
18286 112
18290 62
18320 84
18364 13
18402 29
18446 25
18484 54
18493 90
18501 105
18515 127
18555 65
18584 47
18596 95
18635 50
18638 16
18664 84
18692 66
18700 118
18706 105
18746 91
18784 106
18786 90
18790 82
18819 109
18821 40
18835 112
18876 22
18895 77
18937 83
18979 125
18999 62
19039 66
19048 85
19077 98
19077 69
19103 77
19148 32
19183 88
19228 75
19249 121
19256 7
19275 33
19297 22
19302 96
19314 13
19353 78
19368 70
19408 76
19436 1
19476 5
19514 16
19549 122
19555 26
19585 110
19608 109
19612 78
19628 92
19643 80
19688 5
19711 80
19732 83
19734 126
19754 83
19788 10
19794 126
19806 103
19845 69
19868 40
19899 89
19942 85
19982 114
20010 19
20016 112
20059 93
20100 111
20125 40
20150 110
20195 49
20214 46
20253 75
20278 99
20321 109
20328 7
20333 20
20355 126
20371 2
20395 12
20400 60
20433 78
20446 25
20467 1
20501 89
20543 48
20561 48
20606 124
20640 102
20667 127
20707 3
20752 78
20796 33
20839 32
20884 28
20905 126
20949 75
20993 42
21010 31
21031 104
21072 92
21099 100
21130 86
21165 29
21191 43
21194 96
21238 77
21283 73
21316 3
21317 112
21325 37
21344 109
21379 79
21385 126
21388 36
21408 79
21415 94
21452 112
21452 30
21472 92
21498 32
21538 55
21567 75
21589 23
21614 92
21641 102
21647 88
21660 116
21703 22
21703 20
21710 55
21720 116
21724 87
21746 118
21767 85
21800 36
21839 101
21877 67
21878 15
21907 125
21950 77
21993 113
22033 67
22040 67
22076 112
22096 41
22119 111
22136 64
22159 18
22171 47
22212 108
22244 47
22260 60
22279 43
