1 44
30 31
65 6
100 52
103 14
119 23
134 127
162 29
200 115
238 120
265 30
288 74
325 46
339 32
360 31
372 91
403 85
431 117
463 108
495 104
533 26
570 96
609 124
650 101
684 39
708 113
708 9
722 85
724 12
752 15
779 107
802 18
839 94
853 118
861 96
903 25
948 124
967 44
989 126
994 28
1005 6
1029 4
1040 72
1059 94
1102 43
1105 80
1113 16
1114 125
1131 116
1147 8
1152 69
1156 28
1157 114
1184 72
1224 55
1269 20
1309 19
1319 57
1319 99
1353 88
1376 12
1421 106
1434 42
1479 29
1489 99
1493 82
1498 62
1537 41
1573 33
1602 84
1642 89
1658 72
1690 26
1700 76
1713 16
1757 111
1793 66
1807 58
1823 52
1866 109
1898 44
1908 109
1948 88
1954 5
1997 108
1999 92
2015 19
2050 111
2050 61
2093 116
2099 21
2121 115
2157 5
2184 32
2214 33
2259 59
2291 65
2304 71
2318 66
2327 102
2334 42
2379 97
2412 36
2438 46
2448 26
2489 67
2506 126
2523 56
2531 17
2548 74
2555 116
2589 107
2599 38
2636 103
2672 58
2678 42
2707 50
2752 64
2779 38
2796 83
2797 80
2829 21
2849 57
2852 86
2854 38
2894 69
2900 72
2919 21
2958 109
2997 11
3004 30
3014 127
3033 14
3034 105
3065 3
3070 61
3093 45
3096 5
3125 31
3125 119
3135 59
3159 16
3198 47
3210 38
3248 59
3261 40
3292 81
3306 48
3311 16
3351 84
3382 65
3404 61
3419 12
3452 59
3462 56
3470 77
3499 98
3539 99
3580 81
3580 118
3590 102
3607 36
3608 74
3646 97
3672 62
3716 93
3748 75
3793 5
3835 87
3835 97
3853 22
3869 26
3882 127
3910 85
3921 35
3933 112
3959 26
4003 88
4009 67
4014 67
4055 91
4088 117
4111 37
4144 99
4176 107
4194 122
4219 80
4228 82
4253 108
4258 66
4303 81
4335 84
4380 14
4417 34
4421 55
4437 73
4447 99
4464 40
4474 43
4504 83
4510 115
4519 64
4553 3
4593 58
4598 60
4623 39
4643 100
4681 122
4701 3
4743 9
4781 5
4799 102
4802 77
4844 96
4873 29
4894 24
4898 26
4916 6
4938 30
4980 23
5021 78
5031 80
5068 63
5081 57
5112 87
5143 111
5177 70
5183 44
5192 115
5214 33
5236 73
5258 83
5268 126
5288 59
5297 63
5334 64
5344 54
5351 14
5355 31
5357 112
5395 121
5414 62
5444 96
5461 46
5498 80
5505 9
5528 22
5564 46
5581 66
5624 113
5636 8
5647 34
5655 127
5663 96
5680 72
5699 19
5725 92
5751 114
5769 75
5795 6
5819 65
5823 125
5843 118
5865 108
5883 62
5896 12
5916 43
5941 59
5942 103
5948 31
5984 37
6012 49
6037 106
6074 100
6102 119
6144 16
6172 76
6189 125
6196 94
6198 95
6224 41
6261 124
6280 110
6305 47
6329 8
6343 70
6346 86
6370 75
6405 52
6419 96
6437 25
6437 30
6473 15
6489 10
6489 57
6533 50
6569 17
6596 13
6603 108
6638 73
6658 89
6698 8
6743 48
6775 6
6808 120
6839 60
6869 86
6888 79
6898 18
6906 96
6947 58
6988 99
7019 12
7042 50
7054 126
7083 121
7123 118
7131 112
7160 49
7181 14
7214 31
7215 127
7245 10
7255 80
7276 40
7279 45
7290 20
7290 68
7304 125
7325 39
7365 30
7383 59
7426 2
7470 71
7511 96
7536 24
7542 35
7547 18
7585 92
7588 7
7623 27
7638 126
7641 121
7678 37
7690 46
7707 87
7736 116
7758 2
7799 36
7810 115
7818 73
7858 80
7879 36
7882 60
7906 110
7927 118
7972 113
7990 25
8017 8
8060 99
8068 18
8105 112
8148 62
8149 4
8158 126
8189 66
8212 26
8237 3
8250 14
8267 104
8311 83
8312 85
8326 115
8336 115
8380 72
8391 82
8419 39
8446 85
8467 86
8490 115
8497 26
8525 56
8565 26
8584 62
8585 121
8615 30
8645 40
8684 117
8685 4
8728 78
8756 96
8789 15
8798 89
8818 15
8858 92
8901 106
8901 23
8909 89
8911 88
8942 26
8974 16
9012 57
9056 120
9069 64
9086 112
9123 91
9147 36
9168 64
9201 3
9242 101
9258 66
9298 77
9311 52
9352 28
9389 54
9406 6
9443 11
9476 90
9518 42
9548 103
9563 55
9563 112
9589 45
9611 80
9646 105
9661 45
9665 88
9690 106
9727 84
9764 3
9771 42
9798 75
9823 12
9845 71
9884 108
9925 101
9939 49
9947 80
9986 40
9993 94
10000 25
10011 90
10025 49
10031 88
10033 76
10058 5
10070 97
10098 115
10125 58
10157 27
10184 113
10203 3
10204 83
10217 16
10230 15
10258 104
10274 70
10310 17
10315 48
10360 118
10371 18
10408 111
10416 26
10456 76
10488 37
10515 65
10524 86
10532 106
10533 66
10560 28
10590 34
10632 11
10642 15
10650 78
10667 62
10672 78
10715 67
10718 121
10745 76
10747 58
10774 20
10799 72
10813 49
10851 76
10872 104
10879 33
10921 51
10956 92
10990 77
11034 18
11067 73
11070 65
11089 43
11115 56
11122 117
11143 67
11174 78
11205 14
11219 91
11245 39
11277 13
11282 65
11327 29
11334 48
11366 74
11386 101
11423 107
11423 49
11433 117
11438 87
11458 44
11459 116
11486 35
11521 65
11529 16
11574 123
11608 63
11636 62
11659 43
11661 53
11700 69
11732 14
11751 47
11775 37
11798 113
11840 89
11880 73
11899 70
11940 54
11963 15
11998 16
12011 13
12011 70
12023 59
12029 53
12035 104
12079 80
12102 21
12135 89
12158 48
12195 15
12238 77
12265 89
12284 5
12286 119
12324 123
12361 126
12370 66
12372 8
12379 35
12407 103
12424 67
12430 49
12435 95
12472 98
12474 81
12515 63
12559 93
12590 71
12616 101
12644 77
12681 54
12705 27
12722 84
12761 125
12771 115
12782 32
12789 74
12797 121
12806 82
12809 40
12827 89
12859 94
12877 16
12901 26
12904 22
12918 112
12958 123
12978 121
13013 7
13018 79
13021 101
13049 104
13081 23
13118 105
13151 121
13182 125
13215 28
13250 60
13250 7
13266 27
13280 126
13320 12
13359 14
13378 32
13389 22
13422 63
13459 121
13490 100
13494 118
13494 18
13521 75
13532 28
13561 104
13570 32
13586 106
13589 126
13594 116
13637 122
13664 86
13708 61
13727 63
13738 61
13762 124
13793 110
13817 108
13826 112
13848 48
13873 44
13876 102
13889 58
13917 88
13957 103
13958 36
14000 50
14006 26
14008 108
14011 23
14054 42
14080 6
14100 99
14138 71
14139 13
14142 71
14167 127
14191 48
14227 108
14250 111
14275 104
14286 122
14294 43
14295 26
14322 44
14354 93
14396 114
14440 1
14441 15
14480 30
14490 127
14516 4
14561 61
14563 81
14595 100
14640 75
14659 11
14704 24
14728 109
14731 104
14755 82
14756 28
14793 124
14820 69
14856 21
14870 20
14903 104
14946 46
14952 90
14994 46
15018 115
15038 119
15081 70
15105 7
15140 11
15171 96
15195 105
15232 73
15243 102
15274 127
15292 116
15321 120
15365 112
15404 63
15432 22
15457 11
15491 75
15531 79
15532 53
15562 62
15602 24
15640 14
15669 54
15711 91
15728 61
15764 60
15764 29
15770 76
15790 35
15818 111
15862 34
15881 30
15884 94
15903 77
15947 22
15954 119
15992 87
16015 63
16059 72
16083 24
16119 37
16122 7
16132 79
16132 96
16165 60
16176 65
16213 85
16213 59
16236 25
16243 2
16248 6
16271 120
16315 91
16340 21
16345 36
16374 115
16409 29
16453 26
16470 127
16480 35
16490 21
16534 47
16559 51
16592 23
16637 8
16655 94
16663 63
16700 114
16709 11
16748 87
16752 117
16758 118
16798 76
16804 71
16848 61
16876 101
16915 81
16932 94
16945 38
16972 37
16984 113
16994 40
17007 51
17029 25
17049 5
17051 29
17075 78
17079 38
17110 87
17124 32
17139 71
17152 71
17193 26
17230 11
17272 101
17290 101
17319 39
17332 56
17344 113
17369 120
17398 57
17402 44
17447 73
17469 67
17488 38
17519 26
17537 50
17547 29
17570 57
17601 72
17645 9
17688 11
17702 49
17739 127
17740 93
17769 87
17813 32
17843 12
17873 7
17916 63
17935 125
17959 115
17969 28
17986 13
18018 83
18019 57
18023 91
18066 87
18101 31
18115 44
18122 32
18122 46
18134 55
18169 91
18202 106
18215 40
18230 52
18232 84
18248 68
18250 42
18279 106
18308 69
18341 125
18379 119
18404 108
18429 50
18456 78
18491 53
18530 51
18552 123
18584 90
18588 51
18624 71
18632 5
18670 103
18670 19
18691 77
18719 2
18762 99
18776 18
18779 82
18823 3
18854 68
18892 107
18926 83
18955 69
18962 104
18972 120
18992 104
19033 34
19040 83
19040 108
19075 62
19091 83
19135 121
19169 26
19208 25
19215 117
19234 30
19262 112
19278 124
19282 66
19282 3
19294 29
19337 117
19369 113
19393 125
19425 121
19457 70
19461 59
19492 29
19515 69
19526 37
19547 125
19560 104
19566 20
19585 117
19608 118
19609 5
19616 11
19638 2
19681 89
19708 121
19733 71
19764 127
19772 10
19791 8
19798 112
19816 125
19851 66
19891 82
19919 103
19963 11
19983 91
19994 99
20010 106
20014 42
20021 78
20052 89
20064 3
20078 52
20108 46
20112 74
20153 38
20188 8
20213 7
20249 120
20286 10
20317 2
20321 56
20351 123
20380 4
20408 100
20422 103
20429 1
20438 59
20462 70
20495 84
20516 8
20558 62
20595 117
20612 87
20613 10
20638 30
20679 46
20686 113
20699 53
20703 67
20741 14
20753 18
20796 21
20818 83
20829 70
20874 68
20911 3
20953 9
20995 16
21019 56
21063 22
21063 11
21108 98
21142 103
21180 81
21219 114
21259 105
21259 45
21281 58
21301 12
21309 115
21312 112
21336 26
21361 48
21378 105
21392 93
21419 31
21431 120
21445 97
21484 93
21509 99
21543 53
21587 120
21622 111
21658 52
21680 18
21693 99
21707 76
21732 39
21746 84
21776 27
21783 16
21808 39
21815 67
21852 66
21856 38
21859 122
21896 110
21902 40
21937 70
21958 86
21978 15
21987 38
22011 15
22027 45
22047 66
22049 101
22067 12
22085 67
22118 116
22152 55
22184 32
22194 26
22233 29
22252 114
22256 52
22265 66
22298 8
22302 100
22333 42
22361 118
22386 56
22413 80
22445 17
22467 28
22472 20
22505 91
22522 28
22545 82
22575 43
22617 109
22648 125
22648 118
22674 33
22701 60
22736 65
22749 8
22776 24
22780 57
22825 76
22864 69
22892 63
22895 120
22923 86
22946 106
22953 111
22955 67
22955 28
22981 100
23000 113
23036 84
23079 55
23105 97
23120 125
23152 77
23191 55
23202 78
23225 20
23229 30
23253 48
23263 24
23284 78
23298 96
23311 36
23328 84
23340 15
23374 51
23406 96
23445 75
23459 32
23479 5
23484 49
23484 123
23508 112
23518 85
23538 73
23538 23
23558 119
23567 45
23612 69
23619 14
23625 17
23641 43
23677 63
23711 95
23736 108
23751 20
23782 77
23800 16
23815 126
23833 77
23864 84
23891 24
23892 82
23931 21
23950 108
23964 117
23978 30
24005 39
24048 45
24087 92
24093 19
24113 75
24147 69
24160 45
24204 58
24206 60
24210 82
24243 84
24267 44
24268 70
24305 110
24333 39
24353 73
24395 98
24412 2
24444 30
24467 104
24489 79
24519 94
24529 98
24531 15
24544 114
24545 38
24579 120
24590 64
24594 28
24639 70
24676 28
24690 59
24728 74
24763 57
24778 49
24813 19
24849 17
24866 8
24869 116
24903 6
24910 77
24930 119
24966 29
25000 3
25041 68
25055 106
25087 39
25106 12
25106 118
25138 64
25160 73
25199 109
25240 77
25254 96
25259 116
25264 6
25286 59
25307 79
25338 111
25369 113
25405 9
25431 57
25476 62
25520 57
25526 99
25548 93
25587 104
25591 19
25604 101
25645 12
25665 42
25673 58
25690 89
25698 67
25705 77
25723 61
25759 105
25760 118
25761 67
25804 53
25835 26
25844 23
25848 111
25850 72
25892 3
25931 83
25947 113
25964 118
25972 123
25999 44
26016 52
26042 6
26073 66
26111 73
26125 108
26140 107
26147 30
26191 69
26235 70
26274 41
26309 6
26352 38
26364 68
26368 67
26379 92
26393 107
26407 55
26437 39
26461 78
26471 13
26514 13
26541 2
26582 127
26582 26
26611 6
26634 90
26654 77
26673 97
26679 8
26708 92
26731 75
26759 124
26789 125
26814 123
26828 55
26847 76
26883 2
26894 107
26915 52
26918 112
26956 87
26991 69
27002 109
27019 125
27036 49
27059 123
27098 85
27141 39
27181 8
27224 99
27254 31
27287 90
27310 30
27348 116
27382 26
27397 78
27412 123
27439 124
27479 103
27514 122
27558 58
27579 108
27610 20
27631 64
27665 20
27673 57
27690 102
27711 89
27755 81
27783 23
27787 53
27797 17
27804 54
27821 22
27859 93
27869 43
27906 82
27932 2
27965 114
27988 69
27997 84
28037 101
28052 34
28053 4
28077 61
28078 82
28078 20
28117 24
28127 58
28166 53
28203 8
28248 93
28264 55
28288 118
28332 3
28373 104
28394 73
28424 21
28452 115
28480 123
28494 90
28521 117
28527 8
28534 64
28577 101
28581 47
28582 3
28586 82
28607 78
28652 81
28672 67
28703 12
28734 65
28777 112
28804 88
28824 12
28832 123
28832 14
28877 98
28879 44
28886 27
28928 25
28947 115
28972 99
29016 92
29050 120
29071 31
29110 1
29133 20
29177 107
29207 64
29210 59
29254 78
29266 66
29282 121
29312 59
29320 113
29358 12
29372 124
29383 67
29414 5
29424 114
29448 92
29457 123
29470 74
29504 47
29521 111
29559 48
29560 85
29566 18
29602 15
29620 64
29650 13
29674 8
29703 23
29731 94
29743 6
29745 103
29784 114
29799 14
29838 2
29841 26
29870 10
29898 108
29912 69
29935 35
29961 19
30004 127
30027 113
30027 59
30028 7
30054 29
30088 117
30130 44
30147 60
30170 91
30183 127
30206 72
30236 31
30265 79
30266 108
30311 102
30316 99
30343 90
30380 112
30418 19
30419 24
30451 122
30487 117
30495 69
30497 86
30513 42
30542 49
30548 44
30553 83
30574 4
30606 109
30640 88
30642 23
30658 89
30662 122
30663 38
30707 109
30724 95
30764 1
30791 54
30836 64
30861 50
30866 102
30911 91
30914 91
30953 52
30974 26
31016 99
31038 28
31046 79
31068 74
31109 25
31132 96
31141 17
31152 73
31160 81
31198 31
31209 93
31226 114
31255 72
31270 90
31271 119
31294 21
31319 91
31351 120
31355 73
31400 48
31442 121
31445 87
31481 8
31521 3
31566 90
31570 33
31605 78
31606 31
31633 36
31672 89
31686 109
31694 26
31707 103
31725 26
31726 93
31759 20
31779 82
31805 82
31840 14
31879 65
31885 44
31903 85
31933 76
31936 70
31939 78
31950 39
31952 42
31969 108
31998 33
32017 80
32038 114
32067 78
32067 82
32080 25
32088 62
32133 18
32173 39
32202 109
32228 55
32250 70
32283 112
32307 42
32330 91
32338 37
32356 90
32399 63
32441 11
32469 122
32470 103
32500 54
32518 90
32520 63
32544 60
32570 92
32578 99
32614 85
32617 96
32632 27
32662 37
32704 19
32726 54
32769 84
32784 61
32812 44
32850 30
32858 127
32890 95
32932 104
32933 16
32955 67
32993 47
33017 6
33046 40
33085 74
33125 74
33160 59
33195 19
33236 82
33258 45
33258 43
33267 96
33276 103
33278 15
33297 40
33310 113
33336 67
33364 73
33386 121
33407 109
33424 59
33439 39
33460 73
33499 111
33503 80
33532 58
33558 55
33564 123
33574 56
33588 35
33619 107
33635 75
33672 66
33709 46
33752 46
33768 10
33800 84
33843 5
33869 20
33871 96
33873 7
33904 5
33946 16
33952 104
33983 110
33995 12
34008 50
34009 101
34041 83
34050 102
34063 64
34071 72
34104 98
34107 74
34115 39
34151 39
34152 19
34183 51
34196 125
34228 67
34250 17
34259 62
34264 81
34301 28
34333 94
34342 93
34349 35
34365 126
34369 71
34406 9
34451 99
34481 67
34499 2
34518 109
34549 13
34576 16
34612 4
34643 15
34668 104
34674 46
34710 100
34724 59
34766 18
34775 30
34786 80
34813 22
34822 16
34836 67
34879 78
34924 20
34953 73
34984 51
34993 3
35007 98
35046 60
35070 8
35106 124
35144 38
35172 98
35177 71
35198 26
35230 2
35264 5
35293 6
35301 36
35325 55
35326 101
35340 35
35383 30
35405 103
35441 7
35476 79
35505 21
35528 18
35557 119
35584 20
35598 60
35611 57
35621 1
35639 26
35649 67
35669 97
35706 119
35719 104
35748 28
35757 22
35781 31
35818 113
35859 88
35876 18
35909 35
35934 121
35975 78
36005 23
36014 6
36047 27
36083 40
36121 95
36158 95
36161 126
36203 52
36208 2
36223 79
36237 41
36250 84
36271 65
36303 76
36314 103
36330 109
36371 101
36396 39
36421 101
36447 125
36476 86
36505 32
36527 98
36529 93
36549 6
36582 111
36625 69
36666 93
36679 71
36717 55
36724 21
36736 98
36744 95
36763 104
36773 8
36773 4
36786 47
36791 18
36795 68
36814 28
36819 111
36819 2
36822 95
36834 90
36857 112
36882 82
36909 80
36928 88
36944 84
36953 26
36997 28
37042 113
37056 74
37092 13
37110 47
37152 19
37161 111
37162 65
37182 70
37199 79
37206 73
37208 37
37227 37
37263 25
37265 2
37305 30
37318 83
37319 93
37327 49
37369 50
37374 73
37413 65
37438 57
37448 54
37492 86
37499 14
37512 86
37516 117
37532 37
37570 23
37578 95
37596 94
37641 10
37667 100
37685 55
37729 90
37748 70
37786 127
37820 6
37832 17
37835 13
37838 9
37851 122
37884 31
37897 33
37913 119
37948 112
37978 101
37990 121
37999 5
38043 25
38073 83
38098 61
38110 42
38113 68
38145 68
38146 15
38176 3
38186 81
38190 15
38195 109
38218 39
38225 54
38253 9
38268 118
38268 67
38312 35
38314 66
38342 89
38379 121
38395 17
38423 51
38439 90
38456 56
38470 28
38490 32
38522 21
38532 89
38536 92
38577 64
38590 67
38590 97
38622 110
38629 40
38665 42
38707 27
38709 40
38738 44
38747 18
38752 5
38783 87
38786 89
38798 114
38800 85
38821 85
38847 27
38870 108
38909 81
38925 61
38966 97
38991 23
39018 118
39031 46
39055 38
39085 36
39120 124
39126 98
39164 84
39165 40
39183 121
39195 120
39218 49
39235 87
39269 117
39291 95
39300 86
39312 125
39346 27
39369 6
39374 120
39400 104
39432 85
39469 25
39492 103
39506 31
39537 124
39543 70
39579 102
39612 61
39645 106
39666 61
39682 2
39700 11
39700 16
39731 98
39759 16
39795 107
39806 30
39834 59
39856 64
39896 64
39933 58
39970 121
39975 82
40005 122
40010 64
40019 82
40061 35
40074 25
40075 21
40114 101
40137 38
40141 7
40143 103
40184 55
40189 50
40219 84
40250 112
40265 56
40289 92
40297 106
40332 27
40358 116
40368 100
40390 75
40393 74
40395 18
40413 34
40440 42
40484 95
40524 34
40556 25
40559 97
40586 107
40591 71
40592 6
40628 51
40662 77
40689 101
40726 66
40762 117
40807 112
40820 59
40861 124
40880 73
40903 8
40948 30
40955 20
40992 58
41000 50
41030 118
41066 25
41069 24
41090 122
41098 62
41125 115
41138 102
41156 113
41158 75
41182 104
41227 94
41269 24
41288 38
41314 108
41316 105
41342 36
41360 11
41382 24
41411 111
41450 14
41477 78
41483 53
41518 115
41539 10
41558 112
41570 6
41592 40
41619 32
41641 26
41654 120
41668 106
41686 111
41705 74
41727 19
41744 80
41765 46
41766 2
41780 31
41823 11
41850 69
41872 82
41912 55
41930 68
41971 101
41991 114
41997 30
42009 117
42031 45
42051 91
42085 96
42126 80
42154 84
42159 124
42186 102
42226 64
42260 114
42296 24
42298 107
42313 110
42319 101
42331 44
42364 24
42405 126
42424 57
42431 62
42472 85
42498 45
42525 99
42570 52
42582 13
42584 7
42597 25
42641 59
42650 25
42658 111
42682 127
42724 60
42744 91
42782 6
42821 52
42838 77
42877 103
42889 35
42897 91
42902 20
42934 124
42938 8
42964 95
42982 27
43007 91
43047 119
43071 13
43099 81
43136 69
43173 14
43174 90
43202 35
43217 115
43250 33
43262 60
43266 76
43271 92
43302 102
43338 89
43356 17
43361 50
43384 34
43399 67
43428 51
43466 72
43508 13
43514 68
43556 126
43581 22
43608 76
43627 30
43638 66
43676 64
43719 73
43721 86
43737 35
43764 90
43796 37
43806 113
43830 46
43870 53
43877 61
43914 64
43922 76
43962 90
43993 116
44033 54
44057 69
44057 12
44077 84
44100 39
44101 78
44103 37
44134 74
44140 18
44145 73
44168 79
44206 116
44227 123
44255 121
44271 56
44296 53
44331 118
44342 92
44345 38
44372 61
44413 59
44433 92
44469 80
44474 98
44506 114
44536 60
44572 61
44611 76
44632 59
44673 112
44704 102
44713 14
44726 58
44759 35
44771 19
44788 107
44827 107
44840 69
44861 99
44898 82
44907 102
44929 50
44942 73
44987 39
45025 118
45061 112
45088 87
45095 45
45131 89
45167 113
45182 63
45196 104
45206 104
45228 32
45233 85
45278 92
45303 7
45303 62
45320 47
45356 71
45372 94
45375 28
45385 7
45427 45
45435 15
45459 73
45461 79
45473 124
45492 109
45510 96
45542 62
45567 49
45587 15
45599 96
45615 17
45660 36
45694 14
45722 37
45736 54
45747 2
45765 126
45793 11
45830 117
45872 62
45883 52
45917 94
45919 9
45943 61
45958 101
45992 47
45996 104
46001 70
46023 87
46068 119
46069 83
46082 110
46118 47
46131 62
46139 37
46146 93
46165 104
46185 19
46220 23
46247 47
46260 111
46285 17
46302 78
46316 11
46357 82
46400 105
46429 10
46439 26
46479 66
46500 80
46532 67
46568 11
46573 29
46591 110
46624 28
46640 68
46645 116
46682 86
46702 88
46723 67
46734 56
46757 47
46793 106
46831 23
46844 102
46854 96
46855 86
46886 54
46925 24
46929 63
46929 104
46937 127
46982 60
47010 63
47016 57
47020 37
47059 54
47098 64
47116 16
47118 70
47130 15
47153 11
47163 12
47165 15
47170 68
47187 15
47205 18
47221 127
47251 42
47270 60
47272 15
47283 10
47300 73
47345 80
47386 55
47393 83
47418 50
47424 20
47426 93
47430 63
47433 92
47457 99
47463 36
47483 6
47502 19
47529 22
47574 121
47576 124
47616 111
47623 102
47633 62
47669 85
47693 102
47718 25
47743 89
47767 45
47801 37
47804 16
47808 59
47828 2
47843 35
47865 121
47870 55
47895 57
47897 113
47925 26
47956 122
47969 30
47991 36
48026 24
48046 120
48049 36
48078 60
48082 57
48083 17
48100 109
48100 62
48106 9
48108 54
48136 87
48166 111
48187 36
48228 102
48254 73
48289 71
48332 82
48365 14
48368 60
48373 18
48413 91
48438 15
48444 86
48444 110
48473 39
48487 21
48497 105
48498 9
48518 101
48524 41
48526 63
48531 18
48568 58
48578 33
48600 93
48644 16
48670 82
48689 59
48730 91
48736 122
48740 60
48754 30
48762 86
48796 121
48831 35
48854 85
48868 8
48897 45
48900 46
48935 73
48979 59
48982 62
48993 53
49018 32
49051 31
49064 47
49064 60
49065 39
49086 38
49096 20
49109 14
49137 50
49147 76
49166 53
49190 21
49211 77
49235 76
49249 13
49263 67
49265 69
49290 30
49302 8
49315 121
49344 103
49377 122
49405 50
49416 92
49424 125
49438 113
49462 127
49504 43
49506 29
49548 91
49582 112
49610 53
49621 111
49622 69
49636 108
49673 48
49680 122
49704 12
49707 52
49718 62
49732 32
49745 80
49757 122
49789 59
49830 25
49868 49
49889 75
49926 40
49964 98
49999 98
50003 13
50038 72
50041 95
50071 54
50091 80
50100 81
50124 33
50152 64
50194 14
50236 62
50268 58
50304 126
50310 17
50340 121
50345 83
50381 121
50388 19
50404 107
50419 107
50419 52
50449 112
50487 61
50507 33
50542 16
50544 48
50548 33
50556 36
50589 107
50605 105
50644 56
50682 61
50719 71
50758 17
50772 82
50782 92
50787 97
50816 125
50858 29
50892 108
50935 109
50972 108
50981 125
50986 119
50991 65
51001 44
51041 67
51056 97
51058 53
51102 121
51147 41
51159 4
51159 112
51174 14
51175 116
51211 103
51214 55
51230 37
51264 32
51293 63
51334 72
51350 52
51375 22
51399 50
51404 50
51421 113
51422 119
51428 83
51470 125
51515 41
51541 35
51553 34
51558 31
51564 11
51595 95
51627 88
51628 61
51654 15
51689 10
51728 103
51743 23
51757 50
51786 41
51816 123
51837 66
51844 93
51853 38
51887 22
51902 101
51906 124
51928 105
51962 76
51986 57
51999 17
52042 50
52076 120
52089 66
52127 100
52155 35
52183 80
52212 126
52214 103
52251 16
52272 42
52310 65
52329 30
52335 116
52342 85
52349 49
52371 108
52398 7
52443 43
52467 63
52492 65
52522 123
52526 87
52554 77
52565 43
52598 107
52630 117
52671 125
52675 68
52704 4
52707 115
52715 96
52726 52
52762 30
52785 85
52829 84
52859 81
52892 18
52908 9
52911 18
52939 64
52984 11
53015 109
53041 16
53048 2
53065 46
53067 90
53079 4
53119 97
53149 16
53185 93
53208 103
53231 30
53267 37
53268 91
53295 19
53299 96
53326 117
53367 49
53393 66
53409 94
53426 104
53466 117
53495 6
53533 49
53550 118
53579 1
53595 65
53636 88
53653 118
53662 88
53687 9
53724 105
53763 71
53775 58
53779 121
53819 69
53839 11
53880 71
53909 92
53931 15
53939 109
53957 21
53973 29
54004 69
54044 107
54079 32
54098 101
54124 19
54144 117
54157 95
54201 7
54212 93
54212 78
54229 73
54274 57
54275 118
54294 36
54324 50
54356 2
54392 78
54436 48
54479 76
54488 121
54506 90
54525 56
54559 11
54567 42
54610 37
54635 114
54652 86
54662 32
54687 42
54716 28
54755 10
54765 102
54792 10
54818 26
54855 126
54870 115
54882 52
54898 124
54932 46
54969 102
54990 41
55004 76
55011 39
55018 82
55049 10
55081 97
55086 87
55098 103
55121 35
55140 46
55157 25
55186 43
55225 88
55244 5
55279 51
55301 78
55316 88
55318 57
55336 103
55362 18
55399 33
55411 109
55418 41
55437 111
55472 24
55478 45
55502 43
55507 86
55517 100
55542 95
55583 7
55614 93
55616 77
55640 60
55678 4
55701 5
55735 123
55737 116
55760 34
55768 42
55776 78
55803 18
55811 49
55855 93
55895 126
55921 81
55955 111
55988 24
55991 45
56012 39
56040 39
56049 67
56053 27
56092 5
56100 82
56111 56
56114 3
56114 8
56132 61
56144 61
56147 106
56191 117
56199 74
56221 123
56250 116
56276 84
56310 8
56345 119
56353 12
56358 32
56396 70
56410 80
56432 105
56445 115
56468 65
56476 25
56501 2
56502 53
56539 11
56581 36
56625 118
56636 125
56670 3
56684 84
56703 21
56705 48
56724 76
56730 72
56750 124
56790 97
56805 18
56812 61
56813 93
56826 27
56851 71
56886 28
56888 103
56932 15
56960 51
56966 35
56968 85
56981 113
56988 126
56992 24
57017 116
57019 13
57055 48
57080 86
57083 11
57083 4
57105 23
57122 126
57140 121
57149 77
57163 65
57200 64
57240 127
57276 55
57289 59
57299 65
57301 21
57330 78
57364 8
57381 22
57392 34
57420 122
57430 15
57456 7
57501 120
57541 49
57565 70
57599 53
57635 24
57661 67
57698 91
57741 95
57758 1
57777 30
57796 54
57817 27
57847 123
57860 52
57905 3
57905 91
57933 96
57978 30
57998 76
58038 27
58061 73
58072 61
58112 97
58116 67
58161 105
58176 3
58183 79
58218 46
58246 34
58267 105
58282 115
58297 43
58297 21
58339 47
58355 102
58374 51
58402 47
58421 85
58459 47
58474 31
58500 95
58540 125
58576 81
58605 101
58615 95
58647 44
58672 66
58705 66
58706 43
58746 85
58760 25
58797 125
58799 3
58824 51
58865 36
58895 78
58896 94
58918 45
58944 13
58977 12
59012 33
59018 74
59031 91
59062 66
59063 1
59086 84
59114 112
59149 112
59173 100
59177 111
59196 15
59226 59
59260 109
59305 115
59332 84
59371 82
59389 19
59413 64
59443 113
59486 72
59515 60
59530 58
59566 75
59570 63
59589 91
59593 7
59620 98
59636 61
59654 72
59663 39
59677 85
59717 122
59761 54
59799 107
59835 43
59851 113
59879 2
59884 48
59906 70
59934 61
59943 11
59964 6
59999 123
60017 35
60061 55
60088 111
60094 87
60139 43
60153 90
60187 120
60219 5
60220 26
60259 59
60301 97
60309 126
60351 64
60374 64
60406 67
60414 77
60445 51
60462 53
60474 36
60509 57
60530 30
60571 105
60580 90
60618 24
60634 9
60672 64
60688 113
60727 124
60730 61
60733 62
60766 97
60781 127
60784 126
60828 39
60862 70
60890 84
60928 82
60954 1
60962 90
60999 90
61044 96
61044 10
61079 79
61094 39
61127 69
61163 127
61205 20
61245 118
61249 110
61267 127
61274 119
61283 66
61305 77
61321 55
61340 69
61374 62
61393 67
61398 53
61403 27
61446 47
61462 68
61488 68
61520 16
61555 119
61599 78
61607 83
61613 81
61614 48
61631 117
61673 56
61703 124
61742 108
61785 44
61810 55
61813 89
61819 29
61850 45
61858 75
61882 125
61926 6
61958 97
61963 61
62003 92
62007 127
62043 110
62064 78
62087 92
62119 67
62154 51
62163 45
62167 74
62181 86
62186 2
62223 65
62239 53
62276 113
62303 67
62313 23
62338 109
62373 32
62375 27
62409 3
62450 39
62465 117
62483 91
62500 127
62504 31
62508 40
62546 106
62586 84
62586 4
62600 48
62610 124
62633 45
62658 15
62686 6
62730 58
62766 108
62789 62
62821 124
62828 48
62845 47
62886 97
62895 92
62924 112
62962 62
63001 123
63014 56
63048 37
63081 85
63117 116
63136 83
63163 2
63168 109
63203 91
63232 25
63266 38
63286 64
63312 14
63323 14
63342 9
63370 110
63401 36
63425 55
63436 41
63466 31
63505 73
63521 106
63534 109
63554 58
63559 28
63589 21
63625 106
63660 120
63692 109
63700 29
63744 29
63783 66
63819 88
63852 2
63870 90
63889 58
63892 27
63913 87
63923 102
63934 127
63934 37
63946 109
63983 96
63998 90
64042 115
64082 119
64116 69
64130 7
64172 113
64209 26
64230 45
64250 37
64282 69
64282 87
64314 90
64331 2
64364 98
64380 58
64421 20
64434 7
64475 41
64518 122
64558 73
64580 121
64607 11
64644 125
64687 54
64719 89
64755 63
64766 48
64806 112
64816 116
64842 107
64874 79
64919 4
64954 61
64994 83
65019 28
65058 46
65094 77
65126 103
65161 35
65188 38
65226 26
65242 127
65242 23
65255 88
65298 37
65315 100
65338 48
65360 19
65367 81
65412 113
65418 65
65463 113
65466 32
65504 86
65530 44
65541 112
65578 103
65596 108
65605 110
65611 61
65628 43
65632 99
65648 107
65665 11
65681 89
65720 9
65725 41
65752 116
65777 74
65809 71
65817 73
65837 106
65872 29
65878 40
65907 7
65918 3
65943 118
65961 51
65962 4
65988 53
66014 18
66028 82
66053 75
66097 14
66108 67
66147 110
66155 71
66195 31
66225 1
66255 82
66279 122
66301 127
66315 104
66359 82
66376 73
66383 119
66414 12
66442 38
66482 82
66490 68
66533 99
66554 97
66590 124
66597 9
66632 26
66638 17
66645 35
66678 2
66689 94
66733 46
66765 37
66782 61
66814 99
66839 114
66844 126
66889 52
66911 52
66929 81
66956 33
66957 21
66982 69
67024 96
67058 90
67064 125
67071 42
67109 127
67149 61
67168 30
67205 2
67211 13
67243 84
67265 27
67289 14
67294 17
67297 33
67297 17
67311 116
67351 63
67364 12
67371 82
67396 104
67397 38
67434 37
67439 76
67482 3
67526 18
67540 82
67558 33
67580 70
67624 61
67646 124
67660 73
67660 30
67671 32
67704 22
67739 40
67759 16
67780 23
67811 41
67811 53
67834 97
67843 84
67862 11
67893 122
67909 76
67936 115
67950 107
67982 29
67990 94
67990 93
68034 2
68054 64
68083 126
68089 96
68107 56
68126 86
68132 11
68140 39
68164 63
68181 86
68184 45
68225 83
68246 27
68253 88
68262 112
68298 64
68302 54
68317 33
68358 28
68391 99
68391 121
68431 27
68443 23
68462 68
68507 72
68528 56
68545 54
68559 8
68598 74
68602 76
68602 7
68620 34
68657 6
68694 106
68718 48
68735 95
68758 101
68765 99
68786 7
68812 42
68814 99
68840 2
68847 66
68863 48
68897 120
68918 106
68957 73
69002 10
69002 102
69014 61
69045 14
69045 85
69060 24
69105 114
69127 77
69169 123
69174 43
69211 105
69249 56
69252 24
69258 79
69296 9
69313 56
69322 9
69344 68
69365 70
69393 49
69433 70
69451 75
69474 70
69478 91
69519 51
69533 115
69577 60
69622 118
69651 38
69684 71
69723 14
69735 44
69755 123
69786 80
69786 47
69828 67
69842 66
69872 30
69913 108
69941 93
69973 44
70010 57
70035 18
70070 15
70108 46
70139 124
70160 2
70177 19
70178 2
70183 28
70210 93
70241 111
70250 58
70255 22
70256 53
70259 85
70276 110
70296 79
70307 109
70345 10
70372 50
70380 68
70407 66
70409 36
70438 12
70452 76
70494 5
70522 123
70551 82
70572 8
70572 51
70591 111
70621 87
70656 58
70699 109
70721 68
70725 85
70728 77
70762 60
70794 99
70820 76
70824 49
70861 34
70869 49
70885 64
70888 57
70897 6
70933 124
70974 29
70980 98
71020 121
71048 123
71051 52
71055 46
71078 80
71090 14
71094 116
71126 72
71128 27
71136 62
71165 79
71206 55
71215 115
71250 40
71286 25
71299 34
71343 106
71379 123
71381 10
71395 117
71401 70
71446 54
71483 118
71524 93
71538 13
71582 43
71598 16
71634 37
71648 99
71667 7
71693 127
71711 112
71756 19
71798 56
71800 12
71834 25
71845 61
71874 68
71894 79
71905 89
71923 93
71961 34
72004 37
72049 62
72081 56
72094 104
72094 66
72096 6
72138 45
72147 96
72189 127
72201 108
72241 71
72263 7
72273 105
72282 85
72305 71
72326 10
72347 104
72385 86
72407 98
72430 116
72445 107
72472 61
72483 50
72510 55
72512 26
72515 112
72555 43
72582 103
72597 2
72606 75
72617 43
72633 20
72652 116
72666 100
72697 69
72705 126
72734 76
72766 40
72791 34
72804 50
72835 32
72845 57
72863 114
72868 13
72910 102
72912 16
72932 21
72959 18
72998 34
73024 117
73029 48
73040 97
73041 77
73068 105
73113 34
73148 92
73175 7
73202 51
73231 102
73259 113
73266 85
73290 123
73298 102
73324 89
73357 79
73397 109
73405 60
73422 78
73442 93
73459 40
73486 43
73506 14
73530 72
73570 88
73591 86
73591 104
73617 106
73635 73
73669 106
73675 35
73712 54
73726 9
73728 95
73730 13
73775 120
73815 54
73859 119
73869 85
73886 45
73929 110
73965 48
74001 24
74011 58
74049 18
74070 37
74078 63
74102 63
74116 19
74119 50
74154 52
74177 52
74211 36
74221 95
74235 59
74238 48
74240 41
74245 96
74288 99
74331 78
74333 44
74351 14
74394 110
74435 105
74441 43
74452 114
74452 66
74491 90
74492 56
74504 96
74539 118
74581 113
74596 45
74603 59
74645 87
74688 14
74704 111
74734 15
74743 116
74745 94
74777 99
74786 3
74822 101
74864 53
74882 64
74914 1
74928 7
74972 93
75008 74
75043 86
75080 126
75119 42
75157 37
75188 121
75231 91
75242 127
75278 9
75302 25
75346 93
75373 79
75389 50
75392 74
75396 101
75398 47
75399 76
75414 32
75435 44
75467 81
75483 37
75490 11
75509 116
75550 31
75555 31
75563 92
75570 17
75611 92
75654 49
75672 36
75700 24
75726 79
75740 13
75777 14
75777 80
75809 97
75823 20
75829 23
75833 101
75858 44
75868 23
75907 88
75939 34
75977 56
76020 64
76027 94
76032 47
76068 110
76094 88
76114 56
76156 117
76175 124
76199 18
76208 68
76214 57
76239 28
76258 30
76269 16
76272 42
76289 83
76334 35
76335 1
76336 72
76363 16
76363 78
76404 35
76440 36
76454 5
76498 61
76513 54
76545 74
76548 79
76549 76
76555 57
76564 81
76608 113
76614 67
76648 55
76678 98
76714 112
76718 19
76750 25
76776 96
76810 125
76840 91
76875 30
76914 49
76915 8
76922 87
76936 5
76954 120
76965 67
77005 94
77047 90
77092 109
77101 115
77106 90
77113 30
77151 60
77190 6
77224 63
77237 13
77269 11
77297 122
77302 46
77330 107
77369 28
77370 65
77402 6
77446 34
77464 4
77488 97
77511 69
77552 113
77565 99
77596 81
77634 102
77679 122
77681 120
77682 6
77708 2
77711 48
77732 9
77753 115
77798 64
77829 44
77846 58
77863 2
77879 88
77922 30
77966 8
77998 113
78007 53
78012 103
78016 49
78060 69
78104 104
78133 28
78162 3
78177 111
78212 11
78218 127
78249 84
78284 99
78309 1
78327 15
78357 81
78392 110
78423 126
78466 9
78507 79
78536 1
78557 73
78585 117
78606 2
78621 66
78634 75
78679 31
78713 25
78732 55
78768 53
78768 13
78792 60
78813 39
78824 50
78849 17
78885 11
78906 5
78947 38
78947 90
78989 69
79031 45
79056 72
79094 23
79111 67
79116 53
79152 83
79187 57
79198 124
79228 48
79237 58
79239 123
79275 74
79313 23
79333 90
79356 36
79357 88
79383 22
79419 9
79433 23
79456 85
79479 32
79492 113
79496 69
79534 44
79568 34
79608 49
79632 123
79634 49
79648 99
79682 9
79717 8
79754 13
79765 17
79767 15
79773 80
79788 10
79824 83
79853 111
79891 38
79910 16
79941 112
79945 9
79979 1
80008 59
80040 88
80073 45
80084 73
80086 10
80090 102
80126 68
80157 62
80200 74
80201 99
80219 31
80250 76
80279 98
80293 51
80330 53
80333 55
80352 51
80387 19
80428 66
80457 102
80479 27
80519 43
80557 29
80570 118
80585 74
80627 113
80659 15
80700 73
80706 64
80724 1
80731 69
80756 85
80783 20
80800 81
80806 11
80848 61
80884 42
80919 34
80935 91
80977 60
81003 74
81008 105
81043 61
81057 111
81094 123
81139 44
81181 81
81210 30
81227 122
81239 50
81243 127
81288 57
81305 117
81310 99
81342 16
81351 36
81352 17
81364 85
81388 2
81400 5
81410 101
81448 25
81454 41
81481 88
81485 15
81502 56
81537 51
81577 125
81581 96
81607 93
81619 103
81640 108
81644 74
81664 123
81709 28
81754 111
81778 33
81789 49
81834 14
81871 42
81899 44
81933 57
81958 57
81964 28
81988 56
82009 22
82047 17
82085 16
82118 19
82148 66
82157 108
82159 78
82176 78
82190 92
82211 85
82236 18
82242 59
82246 105
82280 36
82325 10
82364 71
82375 11
82411 58
82433 83
82472 119
82498 108
82542 54
82578 64
82590 2
82624 6
82650 5
82681 78
82705 98
82709 53
82718 19
82721 127
82754 31
82758 113
82780 23
82808 49
82831 9
82843 42
82861 87
82896 77
82909 73
82910 96
82952 97
82987 57
83013 35
83029 64
83057 22
83063 9
83072 120
83088 52
83096 78
83103 77
83135 99
83152 21
83182 51
83205 51
83238 77
83258 19
83303 101
83339 67
83382 18
83406 94
83444 113
83466 1
83490 109
83508 7
83521 69
83548 50
83578 105
83612 74
83622 87
83646 26
83685 34
83728 13
83746 84
83775 86
83808 63
83818 105
83824 38
83847 100
83854 104
83879 90
83884 103
83895 108
83903 81
83906 14
83937 52
83959 125
83959 15
83993 96
83993 122
84028 41
84060 99
84073 59
84077 4
84083 105
84117 119
84136 64
84139 15
84169 62
84207 3
84207 53
84235 44
84264 103
84277 24
84293 63
84304 52
84314 45
84314 56
84345 63
84378 28
84412 7
84426 106
84460 113
84467 12
84499 42
84536 36
84581 62
84584 61
84620 44
84627 69
84633 28
84639 34
84661 31
84672 6
84688 10
84730 32
84748 20
84752 119
84797 96
84835 21
84848 51
84891 120
84904 8
84906 1
84937 57
84948 27
84954 37
84999 2
85004 122
85018 82
85042 44
85061 103
85099 12
85104 45
85124 112
85164 4
85168 108
85193 54
85238 2
85273 33
85288 1
85297 44
85323 20
85361 95
85401 70
85402 112
85441 74
85459 55
85495 100
85506 37
85517 17
85525 95
85559 126
85596 99
85597 6
85613 99
85642 107
85679 29
85714 88
85717 72
85725 81
85727 39
85744 35
85767 107
85804 97
85832 41
85865 58
85884 118
85897 10
85938 7
85951 67
85990 97
86005 104
86017 120
86018 46
86063 93
86107 90
86141 95
86146 97
86180 123
86215 21
86258 124
86294 43
86305 49
86341 121
86347 109
86366 40
86386 24
86390 28
86400 55
86441 57
86447 14
86480 56
86502 7
86527 56
86570 116
86601 105
86605 124
86620 25
86644 58
86672 82
86701 72
86741 12
86762 14
86793 107
86798 112
86833 88
86848 113
86851 30
86888 126
86925 7
86945 54
86955 81
86980 123
87009 112
87053 47
87076 23
87115 84
87116 57
87142 39
87172 10
87198 84
87201 17
87239 111
87283 79
87290 93
87304 80
87326 5
87354 79
87382 9
87404 81
87435 44
87454 56
87459 108
87473 55
87496 60
87515 19
87536 59
87538 60
87559 29
87559 27
87572 85
87590 52
87618 52
87654 114
87665 76
87707 110
87746 71
87773 70
87794 24
87808 6
87808 4
87849 35
87860 127
87880 99
87895 35
87899 57
87931 98
87934 52
87978 115
87980 2
87989 96
88008 24
88022 78
88022 66
88049 94
88094 12
88096 96
88124 73
88159 9
88201 111
88221 30
88242 124
88255 26
88274 1
88293 2
88334 41
88336 90
88360 100
88388 96
88412 58
88430 116
88449 109
88450 35
88489 74
88493 123
88506 37
88507 107
88525 56
88551 26
88573 32
88581 115
88592 27
88600 22
88604 113
88629 49
88667 37
88706 102
88747 56
88765 24
88804 118
88809 61
88818 39
88830 109
88845 53
88870 122
88882 97
88923 38
88960 27
88988 93
89005 118
89033 30
89060 50
89073 15
89084 103
89119 86
89135 91
89136 5
89180 115
89223 44
89237 64
89256 10
89257 17
89280 107
89288 67
89323 84
89358 89
89392 49
89425 63
89437 92
89447 21
89490 72
89499 53
89532 75
89562 28
89602 49
89611 31
89654 13
89698 33
89698 20
89728 32
89766 30
89775 116
89810 56
89840 82
89871 121
89879 76
89899 28
89901 28
89911 26
89929 93
89937 106
89963 121
89991 17
89993 13
90037 100
90065 41
90096 94
90111 49
90119 42
90146 67
90180 51
90195 74
90209 96
90251 92
90260 45
90269 28
90288 113
90323 92
90354 125
90362 50
90375 1
90401 121
90446 13
90467 125
90472 50
90477 87
90509 92
90535 108
90560 19
90592 24
90607 17
90636 24
90664 81
90669 79
90673 72
90688 45
90721 92
90725 122
90758 96
90788 39
90792 86
90816 30
90827 16
90841 55
90852 43
90892 97
90909 100
90931 106
90949 94
90991 2
91020 6
91030 20
91052 118
91059 87
91091 61
91120 104
91154 19
91190 15
91208 85
91215 122
91249 108
91293 12
91329 78
91337 50
91358 61
91387 2
91418 99
91421 82
91423 73
91447 45
91456 112
91460 81
91503 107
91507 56
91541 109
91566 75
91604 100
91621 82
91638 104
91672 110
91712 22
91717 25
91746 47
91775 25
91816 107
91830 40
91839 60
91876 56
91904 75
91947 124
91953 114
91992 99
91995 49
92009 107
92035 29
92040 100
92084 55
92102 47
92110 91
92152 9
92187 95
92222 16
92244 18
92269 28
92310 18
92316 82
92331 20
92372 110
92387 118
92418 71
92454 12
92477 83
92508 113
92553 73
92575 58
92611 116
92639 6
92648 72
92692 29
92713 54
92727 94
92762 52
92794 76
92832 89
92864 86
92887 60
92898 70
92925 69
92934 115
92974 111
92988 117
93008 113
93028 6
93067 37
93086 41
93113 65
93148 6
93150 35
93162 67
93184 85
93190 116
93231 40
93235 22
93264 127
93274 56
93315 35
93353 80
93375 83
93390 19
93396 20
93433 96
93444 103
93476 62
93494 42
93494 122
93513 96
93554 95
93599 8
93636 53
93675 1
93703 110
93747 62
93777 110
93804 40
93845 46
93876 33
93909 92
93923 88
93930 116
93936 114
93979 62
93983 96
94007 107
94012 77
94041 3
94047 41
94060 114
94081 1
94088 122
94116 1
94129 97
94131 41
94157 107
94167 107
94198 109
94201 3
94243 125
94285 110
94322 10
94340 60
94345 108
94373 47
94380 98
94424 47
94431 104
94467 8
94512 105
94529 39
94564 17
94605 64
94609 22
94622 12
94638 101
94669 122
94704 108
94731 67
94763 61
94793 18
94796 39
94812 76
94854 113
94896 2
94932 77
94977 15
94977 24
95007 37
95016 102
95024 76
95043 106
95080 41
95116 121
95138 40
95151 98
95165 94
95199 81
95237 96
95248 63
95265 14
95291 114
95298 19
95320 115
95349 53
95393 50
95406 96
95426 79
95429 114
95448 64
95484 95
95493 58
95515 107
95547 51
95556 57
95601 87
95639 35
95673 72
95674 88
95709 117
95741 14
95750 88
95790 110
95817 77
95848 93
95860 69
95886 111
95915 24
95922 1
95964 1
95995 6
96016 72
96022 60
96056 3
96067 101
96099 88
96118 33
96123 45
96127 27
96140 83
96144 88
96169 110
96205 123
96243 97
96263 84
96263 98
96273 59
96289 66
96309 72
96317 65
96357 101
96400 113
96436 89
96470 98
96490 85
96510 8
96552 40
96572 66
96598 86
96611 100
96624 28
96624 3
96658 37
96690 71
96735 123
96761 72
96778 64
96817 52
96820 70
96825 109
96831 124
96876 28
96879 100
96903 35
96904 22
96915 14
96939 83
96968 114
96994 34
97033 75
97074 39
97114 125
97126 7
97142 40
97179 86
97222 99
97253 77
97292 36
97298 31
97310 117
97346 81
97365 17
97383 127
97400 68
97431 86
97461 36
97497 117
97527 33
97541 75
97565 12
97605 41
97625 26
97642 49
97669 82
97712 66
97712 116
97755 11
97792 75
97831 119
97856 35
97860 9
97885 34
97912 110
97956 2
97960 39
98002 115
98006 117
98029 45
98044 83
98082 36
98107 73
98145 125
98175 104
98220 59
98262 111
98265 126
98307 19
98343 94
98357 106
98367 65
98377 26
98380 116
98414 7
98453 79
98468 29
98475 38
98498 7
98515 116
98533 60
98533 57
98550 124
98553 24
98584 27
98598 72
98601 68
98603 12
98635 113
98643 65
98645 82
98685 92
98699 90
98716 105
98738 123
98742 102
98746 14
98756 74
98780 25
98821 94
98846 18
98851 71
98884 10
98890 103
98895 50
98931 23
98967 105
98985 124
99024 18
99069 72
99112 101
99133 102
99170 67
99198 116
99222 75
99245 10
99265 104
99273 74
99303 5
99343 60
99375 28
99381 57
99391 13
99420 24
99460 41
99492 73
99511 48
99538 29
99577 60
99586 100
99628 18
99653 99
99664 13
99671 83
99683 91
99694 92
99697 73
99706 119
99718 4
99757 18
99785 67
99812 46
99816 64
99829 92
99831 25
99876 23
99920 114
99965 48
99998 7
100004 83
100036 73
100049 78
100094 104
100121 114
100133 115
100178 96
100209 123
100224 85
100264 95
100271 80
100276 35
100287 106
100309 52
100344 118
100373 11
100381 34
100384 38
100417 32
100448 121
100456 9
100456 80
100496 92
100501 125
100529 21
100544 76
100544 95
100583 57
100596 61
100611 13
100655 73
100698 46
100709 87
100751 3
100768 53
100789 125
100790 26
100834 95
100858 64
100899 9
100910 45
100949 101
100953 79
100988 75
101012 107
101045 100
101081 108
101120 32
101123 21
101167 56
101207 51
101246 66
101246 52
101282 104
101288 56
101316 92
101356 123
101370 53
101406 117
101435 99
101470 70
101506 98
101516 32
101525 36
101556 88
101573 55
101601 60
101611 120
101647 97
101675 64
101700 6
101733 38
101761 72
101791 83
101829 109
101830 111
101845 5
101876 55
101888 20
101897 98
101929 54
101954 71
101981 30
102018 6
102031 40
102055 48
102074 91
102104 66
102119 102
102143 41
102146 20
102158 77
102167 21
102172 68
102195 27
102238 1
102266 113
102310 98
102351 30
102357 22
102381 80
102408 31
102421 75
102460 58
102460 116
102502 101
102535 14
102544 81
102581 125
102605 48
102636 36
102644 11
102657 51
102657 75
102681 2
102701 108
102704 87
102731 38
102766 30
102775 27
102792 82
102812 120
102824 100
102832 25
102859 46
102871 47
102906 56
102924 111
102948 7
102972 100
102986 70
103025 125
103054 104
103086 119
103131 94
103174 82
103217 93
103224 46
103230 72
103265 99
103309 26
103331 33
103365 97
103405 100
103432 122
103452 117
103457 124
103490 43
103517 118
103560 1
103573 64
103611 10
103617 78
103642 73
103677 43
103706 90
103724 5
103764 27
103800 21
103829 124
103845 15
103889 67
103898 113
103926 77
103960 127
104001 112
104021 76
104051 37
104078 65
104078 61
104099 117
104108 110
104125 37
104125 43
104167 2
104176 100
104218 49
104261 106
104295 8
104329 54
104360 6
104396 28
104408 48
104415 88
104424 29
104454 20
104492 91
104535 95
104555 42
104592 27
104597 114
104636 7
104649 17
104687 34
104701 57
104706 93
104707 57
104731 34
104731 18
104763 65
104770 115
104801 44
104815 23
104829 50
104872 81
104886 61
104901 76
104908 95
104930 1
104953 56
104980 75
105005 114
105042 6
105052 112
105088 53
105088 50
105090 75
105097 89
105131 58
105154 72
105175 112
105192 81
105210 39
105221 78
105236 83
105248 12
105257 82
105267 91
105279 123
105287 40
105288 89
105323 105
105343 107
105382 73
105416 50
105456 49
105464 81
105504 27
105525 13
105548 68
105573 117
105593 34
105615 55
105619 85
105646 59
105678 40
105687 90
105700 9
105739 35
105746 51
105771 120
105790 77
105810 50
105830 103
105871 94
105886 127
105926 81
105935 88
105938 48
105972 13
106011 101
106046 41
106079 51
106114 97
106146 102
106187 25
106232 42
106275 68
106309 23
106342 63
106360 32
106361 1
106366 67
106401 17
106427 31
106463 8
106506 98
106524 5
106535 49
106541 60
106580 118
106620 119
106621 117
106660 69
106692 16
106726 4
106746 72
106750 80
106771 107
106806 10
106808 15
106837 101
106848 70
106851 71
106852 8
106860 40
106868 120
106878 34
106921 56
106964 80
106964 11
106970 123
107007 118
107042 72
107053 21
107091 71
107104 100
107148 65
107148 81
107190 90
107233 117
107261 127
107299 9
107336 77
107338 59
107372 8
107407 8
107447 106
107459 114
107484 112
107512 93
107538 31
107564 62
107607 67
107621 5
107665 24
107708 38
107723 87
107744 40
107754 103
107785 65
107821 120
107821 57
107842 77
107859 20
107901 89
107912 4
107949 4
107994 37
107994 52
107996 93
108013 41
108045 99
108066 36
108068 56
108086 79
108120 72
108140 81
108141 55
108147 61
108174 21
108182 51
108185 4
108201 126
108231 47
108237 22
108269 54
108285 55
108285 54
108318 104
108345 105
108371 126
108385 79
108426 67
108432 125
108466 21
108480 44
108499 85
108536 81
108555 29
108570 79
108610 104
108649 54
108658 1
108674 12
108679 99
108698 17
108717 45
108737 32
108740 65
108764 25
108804 53
108839 32
108845 7
108847 54
108874 87
108894 38
108935 12
108944 103
108974 39
109013 85
109038 12
109042 89
109059 74
109063 96
109078 59
109105 104
109116 68
109122 17
109132 2
109176 46
109177 120
109178 86
109183 107
109215 8
109259 121
109266 5
109309 51
109352 72
109380 60
109400 123
109431 83
109440 65
109467 123
109494 94
109534 20
109568 15
109612 111
109612 74
109626 67
109669 46
109691 105
109721 15
109742 102
109757 56
109785 2
109823 97
109854 79
109861 47
109872 41
109914 37
109927 38
109963 61
109992 109
110013 72
110028 90
110069 83
110075 81
110095 70
110096 7
110109 20
110146 40
110176 87
110178 22
110197 109
110208 62
110247 84
110264 46
110289 82
110332 121
110354 90
110357 112
110382 19
110410 87
110439 100
110477 99
110483 124
110493 101
110508 101
110551 44
110585 22
110594 50
110606 30
110640 58
110655 61
110656 18
110669 18
110705 43
110715 118
110754 67
110787 70
110813 27
110830 105
110875 109
110879 72
110909 92
110923 112
110955 127
110958 108
110996 20
111001 60
111005 6
111011 91
111013 16
111047 27
111092 92
111104 59
111116 22
111155 3
111171 47
111176 83
111180 71
111186 16
111193 23
111201 77
111219 105
111240 115
111279 47
111323 110
111352 65
111393 1
111434 23
111454 99
111477 75
111507 79
111541 44
111586 90
111612 111
111624 32
111624 101
111647 77
111660 57
111686 76
111716 111
111723 51
111738 16
111772 21
111773 31
111808 42
111819 94
111857 125
111901 106
111935 6
111945 55
111962 104
111971 26
112015 61
112055 23
112069 123
112111 9
112117 62
112139 71
112139 80
112174 27
112215 27
112256 100
112288 98
112298 2
112309 13
112322 40
112332 88
112363 77
112392 4
112413 15
112449 55
112464 118
112485 55
112490 1
112504 50
112542 85
112586 6
112616 86
112648 41
112666 82
112674 97
112681 38
112719 17
112735 88
112773 56
112809 107
112854 26
112885 62
112898 22
112930 40
112944 91
112980 43
113013 95
113049 112
113069 91
113093 109
113135 16
113155 68
113161 109
113163 55
113185 121
113196 115
113238 9
113247 107
113285 2
113329 71
113362 104
113390 119
113406 113
113443 31
113464 91
113479 42
113486 31
113518 59
113561 86
113595 118
113602 85
113604 124
113638 37
113668 41
113684 102
113704 84
113721 91
113728 33
113748 51
113766 96
113779 66
113821 49
113850 86
113889 83
113929 30
113930 83
113968 6
114007 70
114007 45
114027 80
114046 96
114064 53
114069 120
114100 124
114105 92
114123 28
114126 4
114153 44
114153 45
114158 8
114180 111
114225 88
114255 97
114288 43
114329 34
114366 65
114405 40
114448 125
114481 21
114515 66
114531 28
114558 19
114574 106
114581 14
114601 88
114636 45
114642 127
114684 110
114711 94
114747 92
114782 60
114794 110
114801 54
114843 77
114847 72
114875 33
114908 2
114937 56
114950 81
114992 76
114993 47
115013 17
115054 93
115067 102
115073 124
115112 100
115145 109
115160 124
115198 95
115221 45
115264 84
115304 123
115310 77
115319 125
115321 13
115327 89
115346 25
115385 93
115405 10
115435 8
115471 42
115516 66
115559 28
115585 113
115598 94
115602 101
115637 121
115649 120
115662 13
115692 93
115727 81
115727 32
115749 80
115749 6
115762 24
115783 89
115800 20
115830 9
115846 70
115852 11
115897 8
115903 93
115912 112
115951 127
115993 118
116012 113
116051 87
116091 32
116091 89
116110 22
116145 112
116149 50
116180 4
116203 23
116210 29
116242 116
116244 127
116266 92
116296 55
116324 7
116357 97
116397 18
116440 112
116479 73
116494 27
116508 91
116508 45
116531 78
116575 116
116617 124
116625 72
116669 99
116711 92
116711 112
116720 63
116764 18
116792 6
116813 17
116857 22
116862 49
116895 54
116911 122
116950 41
116963 27
116987 123
117022 53
117044 42
117054 91
117067 41
117089 35
117130 76
117168 17
117197 105
117224 109
117229 18
117259 75
117267 8
117287 28
117295 125
117302 55
117339 54
117347 75
117360 62
117393 2
117402 90
117445 125
117464 124
117491 107
117501 110
117538 106
117578 59
117589 87
117619 102
117640 60
117672 102
117688 14
117699 33
117710 61
117729 29
117752 16
117778 108
117800 48
117834 18
117841 47
117856 78
117866 69
117909 49
117949 74
117993 43
118015 114
118029 15
118074 116
118110 95
118132 44
118159 97
118203 68
118208 29
118240 86
118245 81
118255 42
118299 103
118333 107
118374 117
118380 90
118398 55
118435 113
118440 118
118476 123
118514 7
118542 10
118578 16
118607 13
118643 126
118688 102
118728 83
118731 73
118750 71
118751 6
118776 115
118798 33
118839 81
118853 120
118867 31
118878 22
118904 89
118904 107
118915 80
118952 105
118976 38
118997 111
118999 51
119000 89
119002 65
119010 35
119030 54
119062 46
119068 86
119071 118
119095 81
119128 62
119162 78
119171 90
119202 75
119206 4
119212 122
119219 88
119254 80
119286 17
119316 101
119357 2
119385 51
119429 121
119450 58
119467 53
119507 79
119551 45
119570 101
119595 63
119622 76
119644 44
119682 1
119706 55
119710 115
119752 111
119753 17
119760 123
119760 100
119760 7
119781 79
119824 126
119849 108
119875 126
119906 14
119936 90
119968 9
119978 116
119992 105
120004 32
120007 58
120016 125
120058 66
120101 75
120106 27
120149 5
120176 22
120206 3
120220 17
120260 95
120305 74
120323 3
120360 20
120378 108
120406 94
120413 54
120448 11
120466 77
120484 16
120497 51
120501 96
120533 2
120534 103
120568 68
120608 97
120646 48
120653 12
120683 35
120696 50
120731 96
120762 99
120783 59
120826 23
120842 85
120851 87
120851 105
120862 64
120899 99
120918 93
120933 2
120959 36
120997 83
121028 58
121049 20
121074 50
121109 75
121151 49
121157 48
121201 71
121226 50
121228 72
121266 114
121290 14
121306 42
121343 14
121346 61
121376 45
121415 16
121456 7
121498 79
121508 116
121516 57
121544 84
121548 125
121568 64
121601 29
121629 67
121657 43
121701 39
121717 126
121730 53
121740 124
121759 87
121783 98
121800 92
121830 18
121856 98
121869 63
121885 122
121915 102
121960 17
121975 58
122014 116
122034 67
122038 11
122059 51
122079 45
122095 83
122114 85
122146 41
122158 114
122195 12
122237 85
122242 54
122282 5
122307 39
122341 79
122351 8
122362 9
122381 125
122424 116
122453 119
122468 108
122472 97
122505 97
122539 47
122571 89
122578 49
122578 87
122600 76
122640 64
122664 49
122668 125
122688 111
122720 41
122734 68
122778 17
122803 125
122839 12
122883 106
122888 36
122929 65
122962 80
123002 26
123024 33
123056 61
123092 72
123113 123
123144 30
123179 20
123189 61
123224 49
123238 101
123244 78
123259 51
123292 30
123298 90
123300 21
123319 83
123362 9
123369 21
123377 90
123404 66
123434 67
123463 42
123472 40
123503 40
123506 23
123530 75
123570 63
123574 96
123574 73
123592 116
123628 112
123645 89
123674 105
123709 72
123721 48
123763 40
123792 18
123801 67
123830 10
123873 9
123879 84
123893 104
123896 37
123936 56
123971 50
124002 43
124036 62
124071 13
124078 94
124096 79
124099 57
124100 58
124139 60
124165 69
124177 16
124180 52
124216 7
124234 34
124268 28
124293 113
124329 4
124363 40
124402 119
124421 79
124462 30
124503 50
124542 79
124575 113
124600 106
124643 109
124683 57
124709 41
124731 104
124756 87
124757 23
124790 92
124826 86
124828 8
124863 15
124886 58
124895 125
124916 39
124952 99
124952 75
124982 105
125000 12
125021 40
125023 54
125068 94
125095 33
125138 94
125147 52
125183 89
125227 53
125256 104
125265 81
125276 16
125281 119
125294 32
125322 4
125362 48
125382 96
125386 91
125426 94
125444 72
125477 73
125500 12
125501 47
125512 62
125539 104
125568 50
125576 41
125603 92
125639 25
125647 81
125688 89
125711 108
125714 21
125719 78
125753 16
125768 73
125779 68
125813 83
125825 21
125868 64
125880 12
125899 117
125931 13
125940 124
125985 100
125997 59
126011 69
126050 63
126082 123
126116 40
126141 56
126149 91
126155 112
126182 86
126212 79
126246 68
126252 5
126288 93
126320 76
126338 36
126357 66
126379 124
126424 20
126428 100
126467 117
126473 48
126492 115
126532 18
126542 49
126557 50
126570 103
126599 68
126610 3
126618 37
126621 122
126641 105
126642 35
126654 57
126697 126
126721 11
126730 37
126760 36
126783 39
126791 119
126807 114
126842 37
126845 91
126878 100
126903 37
126931 45
126934 27
126934 87
126976 55
126978 16
127006 36
127030 38
127051 33
127087 42
127122 1
127163 115
127190 67
127212 10
127244 66
127286 106
127291 87
127322 16
127357 71
127382 91
127426 54
127460 121
127484 54
127526 10
127552 48
127564 123
127597 118
127632 46
127640 37
127677 71
127691 67
127727 83
127737 72
127761 81
127767 65
127794 36
127822 102
127851 95
127889 69
127920 85
127935 82
127970 6
127971 59
127973 86
128013 39
128041 107
128048 92
128065 47
128086 28
128120 31
128124 117
128129 52
128137 23
128159 21
128181 49
128217 35
128226 98
128267 113
128312 6
128353 4
128361 24
128373 55
128388 56
128393 47
128421 102
128437 65
128470 13
128505 61
128544 90
128549 57
128584 120
128613 35
128632 35
128667 58
128678 29
128697 53
128700 112
128744 127
128749 24
128759 87
128763 65
128779 76
128804 62
128817 106
128848 86
128882 57
128883 58
128920 37
128948 122
128952 114
128955 118
128973 84
128977 28
129022 63
129027 2
129056 20
129078 40
129106 116
129138 101
129161 18
129204 20
129225 87
129239 45
129265 3
129274 73
129287 10
129292 11
129322 90
129356 30
129369 53
129375 68
129390 3
129421 109
129461 87
129472 42
129509 124
129511 50
129534 120
129540 20
129550 27
129553 106
129584 29
129617 5
129641 16
129661 93
129665 30
129675 6
129681 114
129698 8
129726 68
129729 115
129770 56
129777 120
129814 41
129842 76
129871 57
129886 78
129901 117
129904 117
129937 60
129944 59
129948 91
129973 127
130001 6
130003 127
130033 123
130043 19
130063 12
130104 5
130131 39
130135 111
130156 85
130197 15
130240 18
130271 82
130298 29
130335 29
130338 4
130366 18
130409 21
130440 24
130482 113
130501 18
130542 29
130579 107
130587 30
130612 115
130632 33
130676 87
130721 51
130731 41
130742 58
130785 10
130825 42
130856 45
130871 82
130900 16
130915 74
130946 64
130973 99
131009 29
131037 68
131079 42
131082 65
131114 122
131123 37
131149 12
131175 9
131178 10
131221 100
131264 72
131298 109
131299 57
131308 27
131346 92
131378 96
131415 106
131436 65
131457 38
131464 77
131480 44
131501 77
131533 22
131549 101
131557 92
131576 108
131595 109
131598 106
131600 74
131628 72
131629 47
131663 118
131708 126
131740 95
131745 83
131758 113
131782 120
131819 48
131857 86
131885 97
131929 127
131961 77
132004 113
132044 46
132079 63
132098 76
132112 13
132145 39
132160 49
132191 69
132224 65
132263 52
132276 17
132279 82
132320 34
132354 100
132362 104
132370 35
132371 71
132379 63
132384 117
132402 66
132402 85
132442 12
132460 86
132483 70
132524 4
132527 86
132535 7
132549 51
132562 120
132586 27
132617 15
132657 88
132676 12
132692 119
132730 50
132763 92
132792 81
132814 79
132859 31
132883 43
132890 96
132906 120
132920 118
132962 63
133004 84
133004 52
133028 74
133070 31
133093 73
133123 77
133161 114
133177 122
133217 26
133223 60
133256 55
133258 46
133277 65
133283 108
133323 61
133330 49
133360 54
133402 38
133446 9
133475 106
133504 5
133533 19
133549 122
133564 2
133605 117
133628 107
133652 12
133662 115
133667 67
133679 114
133684 34
133713 22
133757 37
133765 111
133793 122
133835 14
133866 82
133876 61
133884 10
133920 106
133954 49
133967 123
133972 110
134015 55
134033 111
134076 119
134112 82
134125 66
134162 119
134195 118
134218 43
134255 45
134267 66
134296 25
134335 57
134379 69
134392 55
134394 76
134436 32
134461 118
134490 57
134515 93
134543 110
134587 25
134610 62
134621 20
134645 17
134675 46
134716 121
134754 28
134761 30
134774 124
134810 85
134840 29
134860 108
134884 31
134914 44
134955 24
134995 4
135001 9
135009 25
135012 33
135042 29
135071 99
135101 110
135109 1
135154 54
135167 21
135196 125
135232 39
135271 32
135294 110
135306 113
135307 38
135344 1
135368 41
135407 89
135437 124
135443 56
135486 110
135500 114
135514 33
135543 82
135551 95
135591 49
135626 122
135636 8
135676 101
135708 42
135726 1
135734 10
135764 56
135781 82
135819 84
135854 27
135880 47
135908 89
135920 25
135938 97
135963 11
135987 50
136013 112
136037 82
136060 39
136068 105
136068 122
136070 93
136072 94
136098 96
136120 115
136143 83
136144 96
136152 109
136196 12
136227 86
136272 14
136291 99
136292 108
136336 95
136355 46
136372 52
136400 28
136432 30
136455 126
136476 63
136515 126
136535 118
136560 30
136605 117
136650 78
136665 86
136701 62
136739 127
136765 30
136774 48
136805 102
136808 124
136853 6
136853 117
136875 109
136888 76
136903 22
136912 12
136921 15
136966 22
136986 55
137031 6
137042 86
137059 27
137088 105
137100 25
137111 76
137149 94
137168 94
137203 91
137242 13
137278 88
137308 43
137348 50
137376 70
137402 51
137435 55
137457 30
137465 94
137479 115
137501 40
137507 106
137520 85
137556 107
137581 11
137582 82
137582 40
137589 87
137600 61
137622 109
137629 114
137667 82
137708 5
137727 44
137758 81
137764 115
137779 110
137785 74
137795 84
137823 52
137868 55
137869 77
137881 33
137925 24
137964 94
137980 37
137982 108
137985 89
138014 121
138031 109
138032 21
138075 25
138098 108
138139 38
138158 89
138200 39
138229 41
138242 93
138253 3
138289 85
138323 33
138363 112
138394 27
138397 73
138442 27
138445 42
138459 79
138501 35
138523 50
138567 90
138591 65
138598 90
138640 116
138652 49
138663 103
138670 79
138678 71
138713 124
138740 29
138782 125
138799 61
138832 86
138845 26
138847 79
138860 108
138872 64
138891 101
138930 102
138971 3
138990 22
139021 25
139031 103
139073 61
139082 30
139127 90
139157 57
139183 126
139210 78
139233 116
139266 103
139277 52
139300 43
139342 47
139382 23
139425 77
139442 54
139456 15
139469 109
139486 22
139507 81
139540 72
139545 86
139572 4
139616 111
139622 22
139637 108
139637 93
139681 76
139713 101
139748 56
139786 71
139809 50
139821 2
139831 76
139839 25
139865 18
139892 73
139925 78
139969 2
140013 82
140037 21
140051 14
140062 26
140075 30
140117 33
140119 39
140129 33
140137 57
140142 62
140149 50
140152 89
140163 72
140176 93
140216 43
140258 49
140294 24
140337 85
140357 56
140385 115
140410 67
140418 21
140430 100
140440 41
140471 117
140498 2
140528 34
140560 19
140573 26
140581 98
140605 29
140615 5
140648 61
140688 84
140693 2
140718 115
140740 76
140752 26
140797 60
140816 15
140849 53
140850 9
140867 12
140879 57
140888 50
140889 103
140914 63
140948 89
140989 45
141016 97
141051 13
141059 73
141070 112
141076 89
141119 62
141131 63
141152 43
141182 104
141218 46
141230 33
141238 92
141256 83
141261 15
141289 24
141292 10
141309 116
141329 84
141342 44
141344 83
141353 74
141363 48
141402 76
141434 120
141440 118
141459 57
141500 58
141524 109
141529 41
141568 41
141601 78
141606 54
141637 6
141675 30
141703 41
141716 52
141740 28
141751 8
141755 101
141768 65
141810 28
141818 26
141837 66
141875 66
141916 77
141919 36
141925 77
141949 90
141989 19
141989 39
142017 23
142054 86
142097 114
142117 46
142125 24
142129 79
142151 1
142193 67
142221 58
142225 72
142245 74
142273 60
142316 126
142361 16
142372 58
142373 74
142393 46
142394 95
142428 60
142430 4
142464 79
142492 115
142534 6
142573 51
142610 42
142647 47
142661 85
142692 127
142723 39
142742 41
142745 97
142772 73
142791 11
142811 36
142817 73
142819 93
142825 30
142868 32
142883 6
142923 19
142953 110
142988 81
143029 82
143051 113
143062 88
143073 76
143079 49
143124 90
143131 96
143158 45
143168 77
143194 15
143238 47
143266 10
143275 20
143286 88
143330 15
143341 22
143352 88
143388 35
143397 121
143437 19
143473 78
143515 57
143517 78
143518 33
143528 114
143551 94
143588 8
143603 91
143648 76
143677 59
143681 17
143706 7
143708 109
143714 68
143721 61
143754 47
143768 70
143802 52
143834 38
143877 65
143885 23
143885 85
143899 17
143922 41
143929 75
143939 127
143941 14
143945 1
143989 67
143995 3
144005 116
144028 93
144043 102
144043 37
144069 97
144080 31
144124 27
144157 46
144196 33
144201 110
144222 13
144253 90
144256 78
144272 125
144274 112
144274 41
144281 5
144300 7
144311 121
144327 94
144350 120
144363 98
144406 75
144434 126
144455 63
144455 55
144467 40
144468 46
144513 99
144557 23
144562 16
144584 70
144604 6
144627 111
144629 13
144665 120
144703 66
144747 36
144759 31
144800 20
144831 40
144834 58
144839 80
144859 72
144876 94
144911 95
144935 118
144949 89
144951 75
144963 97
145003 7
145021 88
145065 63
145079 123
145090 116
145096 40
145099 61
145138 3
145146 34
145176 36
145201 56
145217 86
145227 8
145257 67
145300 42
145320 78
145338 27
145352 80
145359 39
145369 77
145395 32
145435 113
145478 87
145491 7
145534 1
145577 112
145613 27
145631 115
145669 11
145709 83
145744 91
145780 44
145825 73
145835 95
145850 1
145876 48
145908 117
145924 61
145938 59
145962 19
145993 70
146016 50
146053 2
146061 30
146103 57
146114 65
146156 20
146176 87
146211 40
146225 3
146239 22
146272 33
146284 37
146322 55
146335 28
146360 107
146376 115
146408 102
146448 3
146451 94
146453 54
146475 30
146475 66
146490 7
146494 53
146530 67
146571 106
146602 123
146602 27
146603 9
146609 81
146618 28
146634 5
146678 98
146682 58
146714 43
146719 46
146760 27
146787 83
146803 32
146812 100
146812 62
146827 62
146862 93
146902 72
146906 55
146932 83
146969 97
146985 67
147006 99
147031 71
147039 12
147055 43
147080 89
147114 14
147118 78
147122 92
147160 116
147187 67
147219 52
147243 64
147284 76
147310 63
147352 6
147381 75
147400 107
147435 57
147466 69
147503 15
147543 86
147555 2
147556 127
147561 49
147597 118
147616 62
147623 92
147656 42
147681 64
147709 103
147738 26
147743 114
147780 124
147817 79
147821 87
147843 84
147886 120
147910 105
147947 121
147976 18
148005 39
148030 51
148060 55
148072 4
148086 109
148122 125
148140 83
148148 5
148166 53
148166 120
148175 69
148187 25
148219 86
148263 126
148292 81
148315 106
148342 95
148383 124
148396 71
148417 70
148417 47
148462 114
148504 19
148505 74
148529 78
148552 94
148563 56
148606 1
148650 70
148686 86
148722 67
148755 22
148772 36
148807 8
148847 108
148869 56
148913 44
148957 13
148994 31
149002 124
149042 100
149058 110
149092 65
149099 107
149100 127
149117 115
149120 38
149159 40
149190 27
149213 104
149218 30
149242 84
149264 28
149303 15
149303 87
149342 97
149380 74
149399 127
149420 21
149445 120
149482 46
149516 72
149529 77
149531 87
149569 5
149575 109
149588 113
149619 49
149624 52
149647 125
149682 26
149718 127
149728 114
149738 67
149743 14
149769 127
149769 79
149812 83
149834 28
149849 117
149887 5
149931 82
149956 88
149965 34
149970 6
150010 91
150049 68
150050 53
150079 33
150124 75
150139 45
150149 24
150191 68
150213 119
150247 113
150289 81
150323 24
150361 125
150363 126
150371 50
150395 69
150436 42
150457 89
150497 52
150500 115
150512 59
150519 66
150542 85
150571 30
150583 30
150619 73
150620 13
150631 106
150666 57
150685 102
150687 107
150693 1
150732 69
150740 46
150745 92
150746 84
150786 25
150815 85
150827 106
150844 8
150880 72
150898 92
150941 37
150944 99
150969 55
150994 64
151023 40
151036 98
151080 8
151111 120
151155 54
151174 123
151191 114
151223 8
151234 14
151254 15
151290 89
151309 61
151325 40
151353 9
151376 9
151414 95
151439 76
151483 69
151523 56
151546 6
151579 106
151596 33
151622 111
151657 98
151672 78
151716 90
151737 83
151758 92
151798 79
151824 52
151859 18
151878 28
151920 64
151935 93
151951 9
151968 125
152012 2
152015 43
152055 36
152072 101
152098 17
152111 120
152141 40
152144 12
152150 31
152183 98
152220 103
152237 126
152277 1
152278 84
152313 29
152345 57
152358 24
152399 43
152400 65
152437 126
152469 17
152513 109
152558 59
152591 126
152616 25
152623 41
152636 37
152675 28
152678 20
152714 39
152749 24
152772 81
152785 1
152804 65
152845 4
152864 10
152864 28
152873 89
152907 112
152927 15
152942 55
152952 5
152997 35
153010 81
153015 82
153047 52
153092 72
153134 63
153142 87
153145 71
153178 58
153195 93
153204 19
153205 2
153235 42
153272 72
153314 40
153329 51
153358 2
153374 61
153419 24
153451 60
153460 14
153487 20
153519 99
153551 10
153585 25
153623 95
153666 108
153666 7
153670 10
153689 24
153723 97
153744 102
153788 82
153788 38
153823 127
153845 9
153883 125
153896 93
153924 122
153962 86
153986 12
154003 59
154011 86
154036 10
154042 39
154060 3
154064 48
154094 14
154119 115
154159 59
154200 121
154205 126
154248 113
154284 71
154309 70
154323 124
154327 89
154334 102
154369 71
154395 92
154438 127
154468 20
154479 99
154506 109
154537 72
154582 88
154602 2
154616 47
154646 20
154668 97
154677 107
154689 109
154722 83
154732 25
154740 16
154770 74
154815 35
154855 83
154890 102
154931 82
154953 100
154971 96
155006 112
155041 71
155070 63
155074 45
155110 42
155155 47
155194 52
155215 41
155252 60
155286 109
155321 7
155366 123
155402 54
155424 8
155428 61
155452 49
155470 111
155505 121
155524 84
155542 86
155574 89
155577 52
155604 38
155647 33
155648 116
155654 110
155698 74
155725 127
155762 19
155777 125
155780 6
155825 114
155846 59
155873 114
155900 89
155937 33
155963 82
155992 80
156025 47
156026 113
156063 15
156065 99
156077 12
156103 52
156148 41
156184 32
156220 54
156241 26
156241 102
156246 52
156262 104
156272 24
156311 56
156323 5
156354 49
156375 87
156384 30
156420 97
156434 126
156445 31
156465 84
156494 108
156530 86
156549 112
156583 77
156608 53
156648 112
156664 65
156687 88
156709 83
156750 73
156779 31
156782 12
156826 34
156838 102
156839 4
156855 26
156871 38
156915 60
156958 24
156966 98
156977 97
157008 66
157022 73
157030 26
157054 99
157085 74
157093 55
157111 79
157131 42
157159 65
157200 79
157219 116
157226 95
157235 36
157262 118
157270 82
157307 22
157345 23
157382 49
157425 57
157428 77
157455 70
157494 27
157512 106
157556 85
157585 111
157622 57
157666 89
157702 18
157715 89
157719 24
157719 18
157755 99
157791 37
157835 73
157849 54
157856 30
157900 76
157935 52
157946 8
157980 82
157982 25
158006 96
158014 116
158031 12
158035 38
158041 15
158050 4
158053 31
158082 87
158104 62
158131 38
158149 24
158171 124
158174 7
158210 43
158238 36
158261 107
158291 76
158332 52
158374 114
158384 25
158392 46
158410 71
158418 15
158433 68
158435 19
158447 22
158465 24
158479 112
158493 73
158527 16
158558 103
158597 26
158622 42
158655 13
158680 30
158720 4
158745 124
158756 116
158782 38
158802 31
158837 32
158858 43
158863 57
158870 26
158903 60
158922 124
158927 97
158958 98
158966 30
158993 79
159003 105
159038 25
159054 19
159068 47
159084 87
159100 34
159134 82
159172 67
159202 22
159229 37
159231 44
159244 45
159289 38
159298 49
159311 27
159340 39
159369 38
159403 103
159410 27
159435 120
159447 44
159460 40
159496 29
159531 18
159549 127
159556 122
159575 97
159600 112
159609 8
159635 44
159637 58
159680 103
159720 58
159733 48
159753 60
159782 88
159795 113
159839 27
159877 55
159920 7
159961 3
159979 30
160010 76
160025 41
160047 31
160061 25
160063 123
160100 78
160117 75
160125 126
160131 68
160154 6
160163 75
160200 84
160234 100
160273 119
160313 3
160339 119
160343 9
160371 25
160383 37
160427 48
160443 123
160454 2
160482 39
160489 79
160529 123
160574 10
160588 21
160603 22
160616 18
160616 65
160630 46
160655 110
160680 111
160693 13
160722 105
160765 97
160788 39
160823 83
160859 34
160889 21
160900 112
160907 27
160940 28
160945 58
160974 13
161017 45
161032 28
161066 23
161106 76
161108 45
161120 28
161122 124
161148 76
161177 26
161222 74
161239 49
161249 17
161279 121
161289 96
161296 45
161328 27
161353 1
161357 23
161367 44
161375 46
161396 15
161427 38
161463 54
161465 70
161476 5
161516 82
161557 34
161560 80
161574 115
161578 16
161582 110
161613 6
161653 57
161668 127
161713 3
161728 79
161738 10
161739 64
161769 47
161771 85
161776 15
161780 64
161806 107
161844 49
161869 84
161870 71
161879 121
161899 21
161904 87
161908 51
161916 54
161918 59
161956 100
161962 91
161973 95
162009 105
162050 124
162081 13
162122 61
162156 98
162196 24
162221 120
162221 29
162234 17
162262 2
162299 57
162322 67
162358 82
162399 110
162443 7
162449 62
162482 45
162491 40
162512 87
162545 84
162557 42
162597 15
162627 14
162636 18
162671 28
162716 14
162757 27
162773 45
162805 74
162808 71
162839 83
162882 64
162907 86
162927 99
162971 6
163001 69
163030 112
163061 32
163095 48
163108 66
163147 44
163148 119
163184 18
163187 122
163208 114
163252 16
163254 12
163280 24
163321 29
163335 126
163350 38
163363 48
163372 126
163401 52
163405 97
163416 76
163428 58
163438 105
163457 10
163463 10
163491 65
163509 117
163542 18
163560 14
163561 65
163592 5
163605 31
163625 124
163660 103
163691 19
163721 51
163742 77
163755 23
163766 96
163766 91
163809 95
163843 6
163854 28
163877 108
163880 96
163900 67
163904 33
163922 105
163927 62
163970 102
163984 94
163997 53
164034 9
164059 54
164059 89
164104 91
164119 1
164131 54
164153 18
164189 32
164205 6
164225 119
164239 55
164251 57
164283 90
164325 11
164341 57
164366 122
164402 92
164427 58
164458 44
164481 44
164518 82
164549 67
164566 3
164610 38
164638 120
164640 82
164671 91
164697 33
164724 58
164740 106
164765 100
164787 37
164824 36
164829 54
164838 85
164856 117
164880 111
164920 27
164948 124
164972 11
164985 23
165003 126
165008 7
165035 121
165063 80
165077 90
165115 6
165130 72
165137 77
165166 45
165205 119
165246 24
165280 81
165288 113
165297 127
165315 1
165355 115
165396 83
165418 98
165445 10
165461 104
165498 7
165507 116
165525 72
165541 89
165573 23
165600 91
165610 31
165639 103
165646 68
165657 20
165680 62
165723 120
165761 126
165766 124
165767 124
165803 60
165845 115
165879 18
165907 39
165915 16
165951 7
165962 13
165989 8
166007 54
166017 103
166044 25
166085 127
166129 105
166173 65
166188 57
166214 50
166237 33
166253 31
166285 74
166302 75
166320 73
166347 103
166389 2
166399 26
166422 53
166447 2
166458 83
166465 100
166507 21
166525 50
166553 75
166573 52
166574 19
166610 94
166639 49
166653 77
166696 59
166709 5
166737 101
166775 123
166786 7
166789 8
166793 115
166834 57
166860 4
166867 73
166887 56
166901 111
166915 125
166934 86
166972 6
167017 13
167026 74
167045 90
167069 99
167090 4
167125 19
167139 41
167163 91
167176 83
167195 84
167227 98
167241 15
167273 30
167311 46
167319 96
167353 11
167353 106
167383 56
167410 93
167454 21
167456 66
167463 71
167486 17
167501 76
167542 57
167581 51
167582 123
167613 119
167621 98
167655 46
167679 68
167683 47
167708 65
167718 116
167763 65
167763 16
167775 29
167815 118
167836 80
167860 44
167883 99
167907 57
167937 105
167974 27
167977 127
167994 40
167999 59
168044 103
168050 42
168085 120
168099 47
168112 91
168113 77
168151 64
168188 127
168228 20
168249 103
168285 109
168313 17
168341 108
168362 14
168386 47
168424 109
168426 93
168435 41
168438 88
168461 123
168475 44
168488 116
168494 100
168518 38
168561 35
168562 115
168565 29
168570 126
168592 45
168613 95
168655 43
168690 56
168707 11
168717 126
168720 42
168759 40
168790 21
168832 105
168846 61
168891 55
168930 34
168959 123
168966 85
168999 8
169043 74
169078 68
169087 80
169106 114
169144 68
169161 40
169193 57
169194 4
169232 90
169262 73
169283 70
169314 68
169337 37
169342 40
169359 83
169400 97
169403 26
169414 98
169445 38
169477 81
169521 2
169561 35
169586 73
169616 49
169634 72
169673 24
169685 120
169728 20
169751 58
169781 88
169826 74
169849 119
169890 9
169903 57
169907 52
169950 25
169953 123
169981 97
169999 54
170000 46
170041 46
170054 70
170071 23
170073 22
170104 68
170141 103
170151 101
170175 17
170179 45
170208 1
170213 53
170225 6
170258 31
170268 89
170307 114
170346 32
170380 3
170404 66
170449 104
170492 125
170522 67
170564 84
170603 62
170648 23
170673 88
170680 23
170699 97
170710 103
170744 86
170786 116
170800 102
170837 86
170882 67
170922 68
170950 82
170977 15
171014 91
171018 59
171022 17
171033 14
171076 67
171092 17
171095 88
171124 75
171146 66
171159 5
171181 117
171202 23
171226 112
171229 108
171269 85
171302 12
171336 65
171357 92
171380 71
171413 39
171450 64
171462 80
171503 112
171527 32
171534 92
171569 22
171595 19
171596 69
171630 20
171659 124
171697 40
171741 33
171780 13
171790 48
171805 75
171827 103
171839 34
171867 15
171886 92
171922 76
171962 45
171962 69
172007 126
172035 95
172042 85
172063 52
172104 104
172124 12
172166 29
172185 39
172192 101
172233 122
172242 111
172266 116
172269 81
172279 21
172314 120
172351 41
172378 107
172408 9
172430 42
172431 3
172449 105
172471 110
172473 22
172488 60
172510 12
172555 51
172561 28
172601 90
172642 6
172673 62
172695 124
172721 62
172761 92
172785 32
172787 15
172787 89
172796 100
172825 14
172855 24
172895 36
172915 125
172920 80
172942 92
172949 92
172990 33
173008 99
173009 120
173035 126
173065 34
173078 3
173101 108
173127 72
173147 47
173187 80
173187 53
173193 40
173202 71
173222 127
173251 105
173270 59
173296 125
173330 83
173373 118
173414 17
173437 26
173446 3
173461 112
173475 32
173518 94
173547 14
173579 124
173600 104
173634 89
173643 104
173660 23
173661 118
173685 14
173708 94
173739 111
173774 87
173817 28
173836 99
173866 46
173872 16
173894 63
173901 104
173910 107
173923 125
173941 98
173986 48
174004 70
174042 47
174044 114
174060 82
174089 87
174099 27
174142 54
174153 107
174198 116
174228 35
174231 37
174259 119
174283 68
174317 24
174332 114
174363 81
174398 9
174422 24
174433 110
174460 100
174502 109
174546 58
174547 50
174567 25
174604 55
174628 42
174651 95
174662 51
174675 18
174693 67
174698 17
174729 31
174766 83
174803 52
174816 46
174847 49
174859 84
174902 15
174924 55
174931 65
174965 8
174991 100
175021 110
175066 85
175100 32
175105 57
175119 124
175161 15
175161 50
175184 55
175207 82
175233 36
175246 13
175255 99
175298 75
175341 42
175373 45
175413 38
175442 120
175481 57
175502 97
175529 27
175541 95
175573 101
175591 45
175619 36
175642 11
175651 64
175653 82
175680 47
175706 11
175717 123
175744 51
175768 79
175775 70
175805 64
175828 55
175834 40
175845 74
175865 70
175887 65
175887 47
175900 21
175906 3
175917 42
175960 10
175980 124
176022 88
176046 30
176072 38
176104 41
176133 6
176166 43
176208 119
176236 124
176266 5
176307 75
176344 61
176365 16
176397 12
176442 89
176458 78
176495 115
176522 22
176558 97
176598 107
176624 75
176659 24
176660 6
176704 1
176712 30
176713 28
176720 21
176737 12
176776 79
176811 98
176850 58
176850 113
176869 86
176875 108
176900 127
176944 42
176974 81
177018 54
177027 113
177059 37
177080 52
177092 21
177112 31
177128 49
177139 5
177177 36
177194 100
177217 29
177233 97
177243 122
177274 35
177290 119
177331 11
177344 113
177352 71
177357 104
177380 85
177398 59
177435 56
177440 80
177448 125
177464 11
177493 101
177493 55
177529 5
177550 80
177585 18
177603 77
177606 119
177642 47
177683 112
177697 26
177741 99
177755 124
177783 100
177784 54
177801 104
177827 12
177846 78
177861 41
177890 44
177894 117
177916 98
177944 111
177955 35
177965 84
177975 85
178014 12
178016 7
178047 20
178084 61
178096 33
178117 17
178130 102
178154 14
178183 72
178184 110
178223 84
178227 5
178228 13
178268 39
178269 39
178312 85
178329 80
178356 98
178378 54
178389 98
178404 94
178406 7
178442 114
178464 35
178487 49
178491 127
178522 42
178535 30
178554 31
178574 74
178612 69
178654 100
178699 16
178717 60
178719 53
178764 4
178778 66
178808 101
178810 86
178837 122
178838 10
178846 110
178846 95
178875 85
178876 2
178888 43
178895 36
178933 61
178938 74
178951 112
178967 122
178984 20
179014 84
179056 24
179084 32
179097 116
179134 9
179134 72
179171 45
179196 65
179238 9
179240 115
179253 67
179285 28
179316 65
179349 43
179384 67
179397 91
179432 20
179440 94
179451 57
179477 120
179484 35
179516 126
179536 40
179554 93
179588 49
179588 72
179618 31
179624 1
179627 106
179672 15
179678 103
179680 108
179702 49
179741 50
179776 49
179792 90
179807 124
179852 72
179880 64
179924 31
179938 12
179966 34
179999 104
180027 43
180050 64
180063 40
180071 107
180109 92
180130 33
180172 113
180192 117
180216 90
180241 4
180255 118
180283 100
180314 56
180345 87
180351 66
180390 52
180434 18
180463 65
180503 21
180519 79
180553 47
180591 46
180612 111
180649 10
180687 34
180702 85
180741 59
180748 89
180782 18
180819 74
180827 71
180872 28
180883 107
180898 31
180911 56
180915 108
180927 3
180964 29
180979 58
181019 16
181037 76
181076 28
181092 16
181102 15
181104 92
181120 33
181135 99
181177 125
181213 85
181222 27
181248 2
181281 75
181303 126
181305 1
181321 92
181327 10
181358 62
181375 127
181381 18
181393 59
181416 74
181436 84
181451 123
181474 119
181475 7
181502 11
181511 78
181511 89
181518 19
181549 99
181549 103
181557 72
181570 62
181590 95
181616 57
181640 99
181661 10
181672 119
181673 9
181710 105
181733 25
181759 72
181760 96
181766 35
181795 50
181839 123
181869 42
181873 127
181903 67
181916 54
181928 34
181967 57
182001 108
182040 111
182042 97
182061 4
182071 124
182110 127
182137 84
182146 104
182161 50
182202 28
182221 120
182224 33
182260 16
182282 27
182325 45
182335 124
182336 87
182376 52
182386 70
182426 33
182442 70
182476 3
182479 82
182521 78
182561 35
182603 124
182621 27
182624 103
182631 13
182653 44
182658 67
182679 86
182694 15
182725 115
182765 77
182795 50
182811 86
182847 41
182890 22
182903 102
182947 76
182984 9
183013 43
183052 23
183073 63
183106 108
183119 41
183154 17
183154 13
183199 21
183244 50
183244 30
183252 106
183269 105
183289 101
183306 66
183331 70
183342 7
183348 42
183362 86
183398 47
183439 37
183465 124
183505 5
183537 36
183541 106
183574 75
183610 125
183645 61
183686 8
183709 46
183718 63
183729 29
183759 69
183774 5
183803 118
183816 114
183823 15
183867 25
183900 15
183906 54
183919 49
183957 100
183984 101
184023 97
184024 76
184040 15
184070 48
184105 127
184136 57
184170 111
184203 51
184216 122
184259 32
184301 71
184311 97
184325 118
184361 125
184378 32
184417 7
184451 7
184480 4
184504 82
184535 120
184539 22
184549 38
184556 113
184587 68
184622 12
184652 85
184678 71
184708 126
184714 46
184714 32
184759 113
184776 117
184781 122
184797 25
184821 7
184859 34
184869 91
184875 107
184884 113
184902 26
184946 30
184962 16
184996 48
185009 100
185054 66
185071 20
185079 111
185081 28
185096 125
185096 11
185120 3
185163 112
185180 19
185199 78
185215 84
185217 119
185226 112
185265 120
185292 10
185330 125
185342 8
185358 96
185397 16
185404 112
185430 8
185433 83
185465 75
185502 60
185513 82
185557 13
185568 100
185597 75
185617 31
185624 80
185626 106
185647 14
185678 7
185697 49
185707 63
185731 78
185765 70
185796 91
185817 52
185825 29
185870 17
185878 39
185895 123
185917 94
185933 102
185977 36
185991 82
186004 53
186028 6
186046 93
186091 34
186132 37
186134 119
186150 79
186154 118
186182 121
186222 103
186243 68
186269 113
186278 55
186281 66
186315 126
186320 48
186333 47
186363 55
186390 67
186430 96
186459 32
186473 33
186509 112
186522 110
186566 65
186610 90
186645 110
186684 52
186706 121
186717 120
186752 29
186765 14
186807 70
186846 42
186848 38
186853 23
186886 49
186921 2
186927 69
186936 73
186968 91
186978 27
187022 109
187050 37
187088 54
187133 90
187145 5
187178 71
187211 1
187251 10
187264 46
187268 64
187312 100
187353 119
187387 112
187412 16
187449 41
187493 113
187505 70
187548 111
187565 71
187568 95
187605 127
187605 53
187622 83
187646 41
187670 19
187680 85
187715 16
187743 47
187768 29
187779 109
187798 13
187810 107
187823 42
187857 17
187899 13
187927 35
187960 57
188005 49
188006 121
188037 7
188046 101
188080 58
188098 24
188117 21
188160 114
188167 99
188211 62
188224 44
188229 39
188236 55
188262 23
188304 43
188332 43
188370 104
188403 99
188404 106
188440 55
188483 83
188524 33
188551 31
188551 79
188557 23
188558 53
188597 63
188606 62
188634 57
188652 89
188697 25
188705 21
188730 121
188742 100
188756 19
188799 103
188824 81
188843 49
188853 14
188876 19
188881 102
188917 92
188930 89
188954 92
188976 72
188995 90
189030 100
189038 50
189061 86
189089 72
189092 125
189112 11
189126 17
189147 78
189165 92
189199 91
189241 77
189246 13
189277 19
189283 84
189297 59
189299 5
189325 110
189351 67
189392 50
189412 65
189416 85
189460 50
189501 13
189505 121
189525 26
189541 49
189569 96
189574 10
189601 77
189607 51
189618 15
189632 5
189663 61
189672 62
189675 22
189683 71
189702 38
189733 64
189757 70
189769 46
189773 88
189793 36
189809 70
189814 63
189848 46
189891 75
189912 106
189916 111
189941 80
189943 109
189944 70
189953 43
189975 56
189993 118
190015 49
190037 97
190069 118
190083 97
190123 33
190163 2
190208 61
190237 88
190271 60
190296 107
190305 121
190318 84
190322 32
190335 79
190348 77
190383 103
190403 81
190404 104
190425 39
190437 73
190457 26
190470 110
190480 108
190495 90
190540 57
190566 93
190595 77
190611 51
190656 31
190681 123
190699 3
190742 72
190764 39
190794 72
190798 64
190808 79
190847 17
190853 35
190886 84
190925 93
190959 105
190993 121
191019 77
191064 9
191100 91
191129 28
191167 117
191203 90
191222 100
191237 11
191276 115
191306 32
191326 92
191354 13
191371 115
191412 9
191442 64
191472 67
191515 61
191515 94
191519 65
191549 11
191576 42
191606 20
191641 69
191671 122
191709 94
191751 59
191752 13
191763 119
191793 42
191812 95
191850 4
191851 23
191866 58
191893 124
191925 54
191930 20
191955 80
191978 116
191997 79
192033 107
192063 86
192083 20
192096 77
192138 113
192165 114
192182 54
192198 126
192227 27
192254 10
192272 31
192282 1
192289 73
192304 109
192344 52
192367 12
192376 68
192407 47
192449 46
192463 98
192500 11
192536 43
192567 108
192608 90
192621 16
192625 101
192626 22
192646 4
192667 77
192680 38
192680 85
192690 115
192723 68
192768 29
192794 127
192804 25
192817 52
192846 95
192885 39
192898 55
192935 68
192968 14
192990 6
193035 69
193037 38
193048 64
193065 86
193104 122
193104 7
193104 51
193114 14
193157 24
193167 122
193182 72
193225 12
193269 77
193307 66
193342 1
193348 59
193390 118
193407 118
193427 104
193466 35
193492 110
193518 120
193558 101
193602 34
193611 93
193614 61
193657 55
193694 117
193709 27
193727 64
193732 120
193762 86
193771 13
193796 14
193829 102
193836 53
193838 85
193850 100
193871 22
193900 93
193934 26
193974 79
194019 50
194042 95
194049 57
194075 18
194114 39
194150 64
194165 115
194210 67
194235 25
194255 82
194296 110
194336 96
194373 16
194404 108
194406 5
194418 22
194453 43
194470 48
194497 54
194518 39
194532 70
194539 10
194554 67
194589 72
194618 65
194626 69
194663 12
194697 44
194705 103
194712 79
194755 97
194771 30
194787 24
194814 2
194835 10
194867 61
194885 40
194926 79
194945 40
194953 117
194968 65
194976 98
194999 125
195002 11
195030 39
195075 7
195116 83
195137 11
195149 115
195158 74
195179 38
195193 96
195204 91
195230 6
195261 77
195297 10
195340 115
195379 46
195401 110
195434 16
195455 4
195489 113
195526 23
195556 57
195587 99
195609 31
195622 100
195662 23
195706 109
195751 91
195755 77
195799 85
195824 20
195843 61
195850 105
195887 94
195920 39
195924 34
195939 35
195971 115
195977 125
196015 45
196044 122
196077 19
196079 32
196087 64
196110 72
196124 89
196129 84
196160 98
196188 120
196227 66
196250 110
196265 65
196275 101
196313 124
196317 127
196359 116
196384 2
196398 111
196437 107
196449 85
196493 41
196508 6
196512 79
196537 100
196570 94
196604 121
196615 107
196620 83
196647 2
196670 79
196691 58
196725 50
196725 117
196769 88
196794 67
196803 87
196837 60
196868 12
196884 91
196884 125
196926 46
196928 78
196971 76
196997 119
197003 90
197009 106
197022 2
197023 100
197055 108
197087 117
197104 98
197131 95
197162 2
197174 24
197193 53
197237 43
197268 88
197298 8
197308 14
197344 19
197355 114
197387 14
197388 64
197425 59
197441 84
197450 48
197457 27
197467 63
197471 41
197510 43
197520 61
197522 116
197554 101
197585 5
197607 126
197622 113
197627 2
197669 99
197676 126
197676 108
197707 97
197744 119
197751 71
197761 75
197789 119
197809 122
197839 20
197865 40
197867 120
197895 39
197898 32
197915 6
197944 8
197946 53
197963 29
197985 27
198026 49
198049 71
198067 108
198098 121
198123 96
198166 121
198191 81
198209 116
198234 124
198260 65
198267 87
198267 42
198278 38
198295 116
198305 37
198336 28
198339 4
198372 41
198373 40
198412 121
198457 4
198474 110
198489 70
198493 63
198527 46
198529 2
198565 80
198587 118
198595 49
198620 52
198657 8
198662 49
198677 53
198705 87
198715 124
198741 10
198752 19
198791 103
198816 14
198858 14
198878 82
198891 52
198907 21
198940 113
198975 73
199020 97
199046 35
199078 68
199099 93
199099 50
199128 116
199157 70
199195 96
199214 100
199253 47
199257 39
199290 24
199334 6
199374 114
199417 50
199437 35
199478 113
199497 51
199511 115
199552 127
199562 105
199575 50
199613 84
199627 2
199640 121
199643 13
199645 11
199684 108
199724 88
199744 34
199785 11
199830 34
199852 3
199875 82
199886 87
199905 89
199932 60
199936 116
199944 68
199962 101
199974 25
199990 33
200032 113
200033 91
200069 86
200081 20
200094 119
200127 99
200156 23
200172 97
200189 84
200234 88
200252 40
200268 22
200275 21
200309 55
200321 95
200330 6
200332 45
200372 75
200397 31
200432 24
200466 98
200479 116
200516 97
200531 110
200533 113
200543 112
200562 123
200594 18
200602 111
200605 30
200632 106
200642 123
200653 4
200696 94
200703 103
200736 73
200744 79
200785 18
200826 52
200834 72
200853 106
200882 24
200898 100
200927 48
200946 38
200970 48
200998 44
201031 98
201068 116
201070 79
201101 117
201101 109
201137 14
201165 10
201167 127
201206 70
201213 116
201240 20
201272 117
201273 62
201318 71
201341 115
201356 102
201399 22
201400 32
201429 23
201468 38
201473 25
201475 107
201489 120
201510 24
201555 61
201565 86
201591 107
201611 38
201649 80
201674 21
201707 113
201744 13
201758 8
201801 98
201834 106
201844 91
201873 12
201915 36
201923 17
201956 107
201995 34
202014 117
202024 83
202056 66
202091 68
202100 106
202112 103
202126 33
202129 58
202145 125
202162 109
202176 111
202188 40
202192 28
202195 98
202206 99
202245 126
202277 106
202295 118
202313 59
202339 127
202368 49
202404 107
202441 20
202463 4
202463 64
202490 121
202518 2
202530 101
202567 45
202608 40
202634 29
202641 95
202662 89
202690 104
202709 5
202749 61
202782 60
202789 70
202791 81
202816 38
202850 49
202885 107
202898 72
202914 102
202948 51
202981 123
202984 68
203020 89
203032 10
203041 9
203065 97
203066 85
203079 106
203102 95
203142 63
203149 104
203154 108
203179 11
203217 89
203250 37
203251 117
203278 40
203292 22
203328 41
203348 44
203352 58
203362 30
203403 83
203422 33
203434 49
203446 33
203481 28
203496 63
203533 21
203533 80
203542 29
203580 98
203595 113
203633 56
203673 114
203718 73
203741 110
203784 56
203795 82
203810 58
203847 75
203868 104
203887 114
203895 3
203910 52
203918 29
203960 46
203982 6
203998 37
204011 16
204021 90
204041 109
204076 107
204118 25
204144 49
204161 7
204176 124
204190 47
204205 58
204211 46
204239 72
204256 117
204297 124
204337 34
204366 28
204402 44
204432 22
204461 119
204475 21
204518 12
204538 51
204543 119
204585 110
204615 64
204639 81
204652 84
204685 95
204703 126
204747 99
204771 2
204794 84
204831 70
204836 18
204840 67
204868 104
204887 114
204932 75
204952 25
204992 42
205012 10
205046 15
205067 98
205091 98
205107 98
205142 99
205153 19
205165 33
205194 69
205196 68
205223 120
205257 55
205301 39
205337 100
205338 73
205383 21
205424 39
205455 77
205459 117
205494 15
205496 48
205505 14
205507 14
205507 125
205547 37
205590 124
205617 85
205638 118
205675 126
205706 94
205716 108
205741 74
205747 34
205771 16
205805 104
205824 54
205831 72
205870 92
205873 110
205877 76
205903 32
205943 55
205959 5
206001 42
206010 43
206047 98
206065 8
206081 45
206098 86
206114 43
206131 39
206140 36
206156 99
206187 54
206190 31
206219 101
206257 91
206293 46
206300 124
206321 66
206362 41
206380 36
206395 11
206406 116
206423 65
206446 32
206472 30
206498 70
206522 58
206555 49
206599 89
206599 122
206619 82
206650 87
206656 2
206694 44
206696 110
206706 104
206728 53
206736 116
206754 43
206799 73
206815 12
206849 78
206850 5
206863 21
206908 17
206909 59
206937 77
206946 40
206981 5
206984 112
207013 74
207055 77
207070 54
207098 34
207121 114
207144 120
207167 32
207206 13
207220 125
207238 48
207272 90
207314 3
207354 92
207371 34
207412 23
207430 81
207455 47
207474 6
207481 40
207487 47
207487 34
207507 104
207519 108
207553 44
207568 61
207583 46
207597 79
207606 12
207650 30
207670 66
207696 35
207729 23
207768 31
207809 78
207813 113
207849 53
207883 1
207906 71
207921 94
207921 63
207941 90
207985 19
207986 64
207997 58
208024 52
208052 88
208083 62
208116 116
208118 29
208148 86
208186 68
208227 96
208256 80
208281 110
208281 15
208284 47
208294 4
208313 34
208314 117
208348 26
208365 101
208402 101
208402 105
208420 93
208439 112
208468 78
208471 74
208483 79
208502 1
208521 4
208565 24
208575 78
208620 119
208633 100
208653 104
208669 63
208713 15
208721 62
208747 50
208788 14
208799 120
208801 125
208816 24
208819 99
208858 104
208897 14
208932 97
208947 117
208956 51
208971 121
209009 121
209028 105
209073 10
209078 34
209095 95
209130 16
209140 125
209141 115
209169 75
209191 73
209216 9
209231 11
209231 97
209267 102
209288 66
209321 68
209366 91
209368 127
209379 23
209411 99
209412 8
209444 114
209469 36
209478 84
209514 99
209554 14
209599 20
209630 27
209655 84
209660 118
209678 51
209713 34
209732 59
209755 9
209758 67
209798 40
209812 125
209825 9
209849 89
209892 57
209919 71
209961 18
209961 124
209984 5
210020 57
210044 13
210061 6
210088 89
210116 106
210155 35
210162 14
210180 74
210222 21
210256 26
210260 56
210285 1
210296 125
210334 127
210359 1
210404 77
210435 18
210444 115
210455 106
210491 40
210506 108
210550 38
210556 111
210568 67
210577 55
210612 103
210653 48
210656 102
210687 7
210687 71
210727 46
210764 121
210804 112
210843 32
210878 20
210887 44
210909 86
210912 109
210939 28
210973 54
211004 41
211046 18
211082 123
211105 32
211146 43
211157 60
211178 60
211184 85
211207 75
211236 31
211240 109
211254 33
211266 78
211285 96
211328 56
211357 92
211385 123
211418 16
211449 37
211493 106
211527 58
211541 82
211584 10
211622 65
211664 53
211684 102
211720 78
211733 121
211756 14
211782 40
211788 114
211803 94
211847 82
211887 3
211915 67
211922 76
211958 12
211958 85
211986 71
212031 63
212065 3
212095 6
212121 25
212148 44
212182 40
212207 67
212243 101
212244 114
212278 56
212290 32
212290 18
212302 4
212316 81
212335 61
212375 113
212405 111
212418 75
212433 41
212441 66
212464 27
212505 40
212519 52
212535 120
212563 54
212602 33
212638 71
212683 35
212721 86
212721 12
212752 22
212760 111
212766 34
212780 49
212804 92
212817 1
212832 121
212867 78
212890 19
212895 111
212932 10
212951 99
212958 35
212973 19
213008 112
213033 16
213048 38
213092 74
213093 127
213118 55
213127 50
213128 48
213137 77
213178 57
213197 57
213199 34
213226 24
213243 124
213288 25
213292 100
213297 52
213309 30
213337 70
213348 86
213351 99
213352 65
213353 56
213372 61
213413 16
213438 91
213455 112
213473 49
213504 81
213527 127
213545 118
213565 30
213578 18
213611 44
213654 56
213683 74
213717 32
213731 10
213770 89
213797 36
213803 65
213821 52
213847 78
213877 4
213919 31
213955 68
213974 88
214018 81
214021 108
214035 100
214041 55
214070 82
214087 104
214088 23
214129 101
214169 59
214210 74
214245 27
214285 26
214318 69
214321 114
214327 39
214367 119
214393 103
214395 78
214428 112
214443 8
214456 20
214495 81
214502 82
214540 13
214548 27
214580 53
214622 97
214635 76
214678 14
214721 60
214735 65
214741 92
214745 121
214761 78
214783 78
214813 9
214817 11
214827 101
214847 12
214849 58
214859 34
214880 16
214887 3
214922 115
214940 32
214960 44
214970 11
214996 17
215027 100
215032 3
215033 120
215035 123
215052 21
215056 73
215073 17
215101 14
215142 1
215170 4
215188 66
215222 31
215251 95
215274 33
215292 76
215320 82
215356 32
215360 113
215392 56
215398 70
215401 55
215427 114
215444 7
215474 104
215516 37
215554 84
215563 25
215587 87
215595 51
215618 53
215652 99
215679 43
215685 86
215715 78
215722 49
215767 91
215806 11
215849 1
215885 79
215924 34
215924 97
215960 108
215977 95
216015 124
216021 77
216036 84
216080 22
216121 89
216154 2
216177 7
216193 26
216231 38
216249 71
216294 14
216302 101
216324 46
216352 42
216352 62
216395 45
216405 23
216428 81
216461 95
216483 30
216507 65
216515 99
216524 12
216536 39
216579 9
216624 89
216624 56
216639 55
216668 6
216703 96
216718 118
216751 79
216784 116
216822 43
216861 3
216865 120
216878 49
216906 35
216913 42
216953 47
216971 22
216982 48
217002 17
217021 49
217054 79
217068 120
217091 93
217109 7
217111 115
217114 52
217145 107
217169 72
217188 18
217230 51
217235 118
217279 10
217292 43
217337 38
217367 86
217408 82
217440 26
217480 90
217492 66
217508 116
217541 60
217542 27
217547 64
217559 54
217584 123
217622 60
217626 75
217641 10
217676 41
217719 113
217730 26
217762 95
217774 48
217815 60
217822 22
217856 117
217893 98
217928 71
217956 39
217995 29
218024 123
218038 111
218038 78
218059 98
218096 85
218100 70
218119 3
218123 106
218153 78
218171 1
218189 2
218219 17
218245 70
218285 21
218317 56
218324 58
218327 31
218346 122
218349 19
218392 90
218420 103
218450 31
218480 49
218486 18
218497 72
218530 4
218566 118
218591 7
218615 45
218622 113
218628 70
218661 120
218682 32
218688 20
218688 115
218707 48
218737 58
218749 12
218757 28
218788 67
218800 89
218827 89
218860 40
218903 9
218910 109
218943 51
218979 113
218982 104
219023 8
219061 94
219076 51
219106 90
219125 69
219139 50
219159 41
219160 119
219191 101
219221 126
219254 46
219290 39
219323 55
219344 24
219384 19
219404 122
219421 113
219427 14
219440 112
219474 23
219499 99
219544 117
219553 36
219556 85
219562 3
219603 119
219622 7
219654 55
219656 64
219692 111
219731 8
219741 84
219781 115
219823 5
219824 45
219837 45
219845 68
219867 4
219894 21
219911 117
219924 113
219960 123
219998 34
220003 73
220044 111
220045 4
220070 47
220098 119
220134 79
220134 102
220171 67
220178 121
220184 47
220204 107
220211 88
220212 46
220238 25
220243 120
220253 92
220294 16
220323 126
220345 59
220378 111
220401 20
220415 70
220416 31
220435 111
220477 108
220497 122
220540 104
220573 115
220612 114
220625 68
220668 4
220713 61
220739 124
220751 91
220786 110
220801 84
220818 121
220859 104
220859 92
220888 53
220894 38
220898 80
220901 109
220930 15
220944 4
220945 107
220946 2
220968 8
220982 79
221000 1
221021 97
221062 50
221069 108
221072 91
221114 6
221124 120
221131 66
221132 103
221135 122
221135 101
221135 39
221167 110
221193 105
221236 73
221267 33
221294 90
221320 98
221343 5
221375 93
221400 111
221443 56
221486 88
221503 109
221529 30
221561 87
221573 87
221605 58
221648 4
221655 26
221696 11
221697 122
221720 17
221736 127
221761 26
221791 68
221824 57
221852 98
221852 60
221880 34
221897 26
221920 15
221938 109
221972 87
221995 18
222036 85
222068 84
222074 26
222104 63
222145 78
222146 65
222181 58
222212 33
222243 68
222272 48
222277 116
222290 12
222309 105
222322 81
222346 112
222352 7
222391 104
222391 68
222409 39
222450 4
222492 121
222517 11
222541 51
222562 126
222600 42
222638 24
222662 90
222674 57
222700 76
222702 71
222729 28
222737 27
222748 118
222758 16
222773 64
222804 13
222821 54
222846 117
222860 4
222885 46
222897 18
222925 70
222953 12
222956 46
222994 61
223028 82
223041 90
223059 94
223082 24
223105 99
223149 7
223173 8
223215 3
223218 36
223253 119
223292 31
223331 75
223375 42
223396 90
223441 113
223451 10
223479 113
223516 45
223539 35
223583 8
223598 3
223621 66
223657 5
223661 6
223666 127
223681 103
223715 5
223716 58
223722 86
223752 32
223785 119
223812 66
223843 63
223884 26
223898 59
223901 56
223911 63
223946 54
223969 9
223989 98
224016 16
224028 7
224033 41
224052 63
224054 27
224093 34
224123 109
224127 71
224143 21
224154 12
224175 28
224178 93
224209 65
224232 37
224277 10
224304 60
224318 114
224345 126
224390 49
224392 83
224415 75
224426 46
224436 93
224447 32
224491 32
224514 109
224518 27
224518 102
224542 62
224559 29
224569 57
224597 44
224599 64
224627 32
224665 36
224668 119
224700 12
224717 17
224722 19
224757 12
224766 51
224776 110
224784 74
224819 3
224829 88
224871 121
224882 28
224898 20
224919 6
224937 69
224941 98
224942 48
224979 24
225006 11
225015 126
225055 59
225073 18
225101 99
225125 117
225166 106
225197 14
225204 105
225236 118
225262 106
225294 23
225337 30
225381 72
225389 62
225413 106
225415 25
225454 45
225470 25
225480 98
225518 127
225528 123
225531 82
225536 31
225542 99
225550 31
225577 51
225592 23
225622 124
225646 53
225670 52
225690 5
225707 107
225738 97
225744 41
225752 65
225753 77
225791 5
225814 49
225829 53
225842 78
225850 28
225872 98
225890 75
225917 69
225936 117
225970 127
225993 81
226017 33
226023 45
226025 26
226034 14
226053 108
226097 56
226127 3
226130 34
226130 12
226168 111
226191 113
226212 3
226214 92
226216 118
226232 70
226233 27
226276 19
226287 36
226287 14
226327 112
226363 88
226367 60
226381 5
226401 75
226402 30
226441 16
