10 62
23 98
24 61
38 95
40 85
57 4
100 90
144 59
172 27
200 66
209 49
210 108
217 121
221 121
254 86
298 127
307 19
312 59
326 43
358 1
393 110
431 98
449 51
473 121
495 13
527 44
543 107
550 66
567 41
598 110
615 67
641 51
685 19
707 12
725 61
760 101
802 11
826 102
860 27
869 122
870 3
904 13
939 93
983 17
1013 24
1053 92
1084 107
1112 18
1126 74
1161 108
1167 38
1185 10
1228 77
1247 79
1286 71
1313 42
1316 91
1356 86
1378 67
1409 44
1409 22
1444 105
1484 93
1489 62
1501 114
1520 32
1556 83
1564 96
1601 36
1635 32
1656 37
1676 127
1717 22
1748 48
1755 113
1782 76
1793 101
1811 37
1853 50
1897 124
1933 113
1977 67
1993 109
1999 40
2012 5
2027 75
2036 77
2067 112
2103 13
2110 70
2154 41
2189 54
2225 124
2241 81
2262 66
2276 118
2289 80
2292 8
2317 111
2349 30
