11 13
53 27
85 79
116 118
120 11
140 112
143 96
159 43
198 123
231 8
271 92
297 65
335 48
344 79
363 76
403 1
404 58
433 45
450 41
456 10
481 115
504 65
506 79
533 30
556 5
567 27
599 39
603 58
642 63
684 46
693 115
736 49
748 40
790 91
799 4
841 37
841 75
862 63
874 21
902 103
929 42
958 13
1003 33
1042 79
1045 89
1086 76
1110 37
1150 113
1175 96
1211 72
1255 41
1293 85
1330 39
1361 19
1390 30
1409 20
1433 55
1445 61
1469 4
1504 86
1504 50
1539 36
1574 58
1597 26
1639 73
1656 36
1682 122
1724 42
1725 15
1764 82
1776 68
1799 42
1828 98
1855 109
1878 8
1899 107
1926 94
1959 14
1966 21
1988 79
2031 66
2041 16
2069 20
2084 20
2090 101
2122 101
2134 13
2168 40
2179 53
2216 49
2252 107
2277 77
2313 83
2326 24
2370 50
2390 110
2395 11
2415 104
2449 124
2460 90
2480 97
2489 43
2531 115
2539 46
2577 45
2607 113
2643 18
2672 66
2684 81
2714 55
2727 49
2754 23
2784 3
2813 104
2845 2
2845 67
2865 5
2881 75
2910 15
2929 52
2931 28
2950 18
2962 80
2978 60
3009 99
3054 89
3091 124
3096 9
3136 93
3156 101
3175 107
3186 47
3190 30
3198 123
3237 99
3270 122
3283 7
3314 33
3342 64
3368 83
3383 107
3400 29
3436 12
3479 59
3490 30
3497 34
3533 36
3533 65
3561 80
3593 30
3635 31
3637 6
3673 70
3711 107
3750 61
3794 85
3811 14
3846 111
3859 84
3890 59
3894 76
3898 94
3941 61
3964 5
4001 21
4042 3
4077 11
4081 127
4122 30
4151 122
4183 79
4226 28
4249 89
4276 2
4305 65
4319 98
4345 95
4348 88
4371 7
4375 115
4396 58
4430 12
4444 33
4454 62
4456 114
4460 67
4488 126
4529 68
4568 73
4570 112
4601 22
4638 117
4662 22
4688 52
4721 16
4762 8
4788 22
4800 39
4811 123
4847 22
4857 44
4880 1
4886 4
4906 67
4949 68
4966 92
4989 89
5019 76
5057 92
5079 89
5111 89
5119 109
5128 108
5148 33
5166 52
5188 30
5207 38
5209 67
5225 126
5270 23
5292 63
5309 56
5350 4
5377 47
5408 34
5441 16
5446 51
5469 68
5513 51
5533 51
5566 60
5583 64
5604 4
5619 120
5645 20
5673 112
5705 89
5734 116
5739 45
5778 29
5778 97
5796 7
5816 61
5861 49
5866 103
5899 61
5935 33
5943 82
5951 51
5996 78
6039 97
6068 59
6089 6
6118 80
6120 92
6124 23
6147 106
6177 111
6178 32
6190 8
6206 23
6234 64
6279 48
6290 96
6321 82
6323 104
6343 41
6365 54
6377 127
6381 107
6397 68
6413 56
6435 118
6457 61
6502 8
6516 93
6540 11
6543 30
6548 1
6585 60
6625 30
6660 48
6664 22
6701 117
6742 36
6759 108
6768 27
6805 17
6820 127
6825 100
6846 12
6874 49
6884 95
6921 106
6928 47
6964 74
7003 108
7032 79
7070 7
7076 12
7116 102
7131 49
7135 88
7156 97
7178 86
7223 15
7259 38
7290 74
7321 69
7351 62
7379 39
7404 107
7421 52
7452 50
7464 103
7487 59
7517 56
7556 118
7600 5
7640 98
7654 9
7685 13
7692 5
7701 116
7736 15
7760 95
7761 36
7793 60
7837 119
7863 64
7903 113
7912 79
7945 8
7967 13
8005 43
8015 101
8043 109
8087 103
8089 43
8122 86
8152 16
8172 33
8216 27
8258 51
8271 98
8295 81
8338 63
8358 56
8403 5
8420 126
8459 116
8459 12
8497 50
8524 106
8526 82
8541 108
8549 47
8554 112
8563 63
8573 13
8601 48
8615 15
8622 82
8658 21
8677 100
8697 1
8716 98
8746 13
8766 72
8797 36
8803 101
8826 16
8856 46
8865 125
8909 125
8947 49
8982 93
8997 47
9037 43
9055 44
9084 24
9085 80
9114 80
9132 38
9170 31
9212 62
9250 31
9254 86
9261 107
9284 18
9311 23
9353 40
9379 20
9401 59
9403 47
9446 42
9461 126
9493 126
9512 29
9512 59
9546 6
9561 54
9602 98
9632 79
9676 43
9714 127
9716 109
9753 1
9776 83
9794 127
9804 112
9843 120
9882 77
9920 124
9940 105
9976 45
9983 111
9992 111
10031 117
10053 69
10083 55
10084 53
10109 90
10138 33
10143 10
10176 124
10213 51
10244 29
10276 40
10291 68
10326 47
10329 3
10364 111
10397 70
10422 108
10441 17
10455 105
10484 19
10501 120
10534 15
10575 50
10597 76
10631 88
10636 114
10674 15
10680 48
10724 115
10763 47
10785 81
10801 1
10843 81
10869 87
10882 69
10895 35
10923 118
10923 97
10966 94
10972 102
10975 81
11018 110
11057 51
11057 93
11064 28
11078 28
11111 73
11151 104
11171 44
11191 9
11191 102
11235 53
11263 116
11270 117
11289 105
11299 7
11300 22
11316 109
11328 52
11338 77
11380 118
11402 120
11431 47
11455 52
11484 31
11509 93
11549 62
11593 125
11613 63
11622 8
11667 43
11698 103
11727 41
11741 83
11760 17
11791 50
11796 16
11836 43
11859 109
11866 7
11875 10
11879 69
11904 30
11948 123
11983 123
12021 61
12042 3
12042 28
12083 124
12096 29
12135 100
12135 14
12156 125
12184 116
12189 119
12233 72
12253 53
12258 20
12277 88
12322 72
12356 32
12395 25
12397 63
12416 56
12446 44
12471 87
12509 113
12520 125
12535 34
12576 25
12604 51
12648 56
12658 97
12672 29
12695 85
12710 38
12745 56
12765 61
12783 4
12806 38
12845 76
12873 121
12896 90
12897 60
12915 91
12943 81
12984 107
13010 127
13048 16
13061 71
13070 86
13104 105
13133 35
13144 23
13178 84
13217 27
13237 17
13269 16
13312 52
13335 101
13371 107
13405 57
13405 102
13450 83
13472 2
13495 18
13539 11
13568 29
13605 12
13619 105
13637 8
13650 32
13682 104
13701 100
13704 83
13721 122
13741 66
13785 19
13798 49
13829 53
13847 28
13869 31
13887 73
13927 29
13954 88
13975 119
14007 60
14022 94
14026 112
14062 104
14105 72
14107 89
14120 79
14150 109
14178 85
14211 11
14224 15
14243 64
14266 48
14276 69
14290 32
14317 29
14334 124
14374 83
14377 69
14420 76
14445 91
14461 14
14465 88
14474 56
14477 43
14497 44
14539 1
14540 46
14546 127
14546 31
14575 64
14591 72
14613 29
14651 19
14686 67
14692 23
14708 118
14724 30
14733 100
14760 36
14779 35
14801 123
14808 72
14835 102
14841 43
14885 93
14924 41
14952 111
14976 107
14994 50
14999 20
15025 106
15049 38
15057 5
15097 14
15141 34
15155 10
15179 11
15220 88
15230 56
15274 58
15305 102
15311 19
15322 68
15344 37
15383 38
15413 118
15444 16
15447 53
15487 99
15514 111
15514 102
15517 105
15522 114
15541 87
15561 65
15576 114
15584 24
15622 112
15635 1
15650 43
15682 52
15688 28
15720 121
15758 123
15779 45
15823 29
15851 60
15895 71
15919 118
15957 15
15991 94
16019 58
16027 123
16067 108
16078 74
16100 97
16101 21
16117 75
16157 127
16164 31
16185 45
16215 87
16215 110
16236 23
16256 124
16264 10
16308 3
16308 55
16352 106
16374 30
16379 84
16393 21
16420 98
16422 120
16423 71
16451 114
16460 11
16482 72
16524 34
16553 16
16591 103
16620 48
16642 89
16661 91
16696 33
16722 114
16763 20
16807 69
16841 82
16870 30
16901 61
16942 38
16951 100
16981 84
16991 53
17011 126
17044 124
17081 64
17100 65
17115 116
17121 97
17121 89
17132 29
17146 48
17156 102
17188 99
17201 35
17216 89
17223 90
17256 6
17266 118
17270 72
17287 121
17300 2
17343 8
17352 47
17369 31
17404 103
17409 24
17413 13
17430 65
17438 76
17465 25
17483 24
17491 79
17526 29
17535 24
17566 49
17569 77
17574 98
17607 119
17615 119
17624 67
17656 105
17700 2
17736 25
17752 61
17794 10
17833 58
17847 13
17861 37
17876 29
17892 52
17917 126
17945 98
17975 24
17999 84
18033 34
18052 18
18062 126
18098 82
18132 103
18141 8
18185 59
18218 122
18222 55
18228 125
18232 37
18247 66
18254 30
18265 17
18283 48
18317 76
18355 16
18384 96
18405 82
18444 11
18474 123
18502 115
18546 61
18553 31
18573 98
18593 43
18608 67
18647 37
18689 101
18694 78
18722 78
18763 56
18770 111
18796 18
18830 80
18859 25
18901 39
18913 102
18932 96
18933 66
18955 98
18960 6
18981 27
19020 107
19064 92
19090 3
19113 108
19115 68
19153 39
19177 72
19199 40
19243 79
19264 6
19296 126
19299 89
19314 49
19317 88
19355 110
19373 116
19414 83
19449 81
19468 51
19491 86
19520 127
19541 98
19542 10
19567 46
19589 115
19614 12
19632 36
19654 113
19672 45
19703 46
19706 74
19750 73
19788 58
19833 80
19858 84
19883 50
19889 105
19915 84
19941 50
19945 7
19955 118
19975 122
20009 32
20033 126
20067 10
20075 17
20088 63
20098 95
20116 85
20154 52
20163 70
20201 74
20230 19
20249 88
20273 108
20275 68
20313 90
20344 108
20372 101
20416 39
20461 80
20484 103
20493 15
20526 115
20546 121
20583 18
20595 60
20610 78
20622 12
20627 92
20648 122
20674 90
20710 67
20734 109
20735 95
20750 88
20772 124
20804 51
20842 24
20844 66
20863 52
20881 124
20891 64
20893 36
20934 102
20956 91
20977 109
20985 43
21005 24
21034 119
21062 35
21062 12
21086 12
21089 68
21120 1
21154 85
21162 35
21185 103
21189 34
21195 114
21238 91
21278 118
21298 39
21328 1
21360 52
21395 23
21424 97
21459 88
21504 118
21536 25
21573 89
21606 115
21621 14
21654 59
21663 100
21685 81
21687 116
21697 88
21714 98
21750 37
21751 7
21755 111
21785 117
21830 74
21836 119
21872 110
21881 52
21909 4
21918 95
21928 43
21952 24
21980 17
22016 34
22058 85
22079 4
22090 100
22107 18
22121 115
22158 33
22181 56
22222 114
22251 79
22294 16
22298 29
22306 29
22335 121
22369 69
22386 45
22407 56
22439 127
22481 96
22516 70
22530 10
22558 92
22571 115
22612 109
22633 89
22676 42
22720 30
22747 77
22777 33
22785 99
22808 48
22822 6
22863 16
22890 40
22922 95
22954 77
22990 96
22996 6
23009 24
23039 123
23075 114
23120 90
23155 14
23155 67
23170 84
23189 42
23225 49
23270 51
23287 124
23304 18
23335 8
23366 15
23401 46
