7 80
34 100
57 16
90 6
92 110
115 82
137 26
145 97
163 58
171 74
193 51
195 83
232 30
247 55
276 33
287 62
312 31
347 27
385 85
427 115
450 40
452 91
469 87
481 59
502 64
522 42
551 36
584 34
586 36
623 43
638 62
681 71
726 45
738 32
743 125
747 127
772 14
798 85
818 20
863 59
900 87
934 14
975 114
1012 4
1026 28
1032 127
1039 26
1074 18
1117 28
1135 27
1178 113
1222 67
1265 91
1305 108
1327 95
1347 57
1363 68
1399 68
1421 56
1452 112
1455 79
1488 34
1491 2
1513 77
1531 75
1557 67
1562 24
1604 103
1615 27
1619 74
1623 92
1644 74
1661 104
1664 58
1690 26
1718 90
1719 33
1749 44
1785 47
1826 30
1842 89
1850 38
1889 20
1906 93
1934 64
1960 84
2003 37
2018 29
2028 46
2035 57
2058 64
2086 112
2115 124
2136 57
2170 45
2209 78
2224 72
2248 92
2290 101
2322 118
2345 111
2352 126
2356 106
2367 56
2388 56
2400 27
2423 112
2423 6
2440 32
2443 61
2483 1
2517 22
2548 29
2568 22
2610 47
2639 70
2675 98
2710 74
2710 88
2740 75
2753 86
2784 77
2801 102
2832 68
2841 29
2859 115
2892 85
2933 54
2939 2
2941 11
2982 96
2987 45
2992 119
3010 37
3027 70
3036 38
3060 37
3098 125
3141 21
3154 45
3198 20
3218 57
3248 107
3281 85
3318 13
3343 79
3360 102
3382 59
3425 101
3441 62
3459 94
3477 117
3480 77
3521 127
3543 100
3572 109
3574 25
3614 13
3654 17
3692 42
3730 34
3762 63
3802 19
3833 81
3867 25
3892 125
3936 101
3939 85
3972 84
3996 62
4011 66
4027 47
4045 63
4087 108
4102 85
4123 58
4134 37
4135 44
4179 16
4182 21
4194 28
4234 18
4247 48
4284 114
4314 52
4344 13
4375 100
4385 15
4423 84
4449 76
4481 87
4522 72
4560 127
4574 26
4602 34
4621 107
4628 79
4636 62
4646 113
4657 43
4699 97
4702 14
4712 124
4712 27
4743 25
4766 26
4776 39
4779 114
4800 32
4813 73
4844 55
4874 39
4901 35
4914 94
4953 60
4959 114
4969 57
4990 20
5023 12
5046 24
5082 61
5089 46
5115 95
5156 19
5177 113
5185 107
5224 55
5262 9
5286 99
5293 123
5334 42
5341 51
5349 113
5388 68
5392 105
5435 31
5436 13
5480 69
5513 3
5556 45
5562 124
5594 90
5630 22
5663 75
5687 106
5691 54
5699 52
5741 74
5769 126
5804 64
5805 106
5824 96
5869 123
5875 32
5878 20
5910 24
5914 13
5926 71
5937 21
5981 68
5987 66
6017 79
6055 3
6095 26
6095 13
6125 68
6143 20
6145 107
6166 81
6177 96
6210 78
6236 122
6239 89
6269 9
6271 31
6307 14
6343 90
6361 51
6393 27
6425 87
6457 43
6495 54
6527 35
6531 94
6532 78
6542 58
6570 68
6571 41
6584 68
6604 41
6628 29
6656 24
6674 44
6683 21
6727 23
6763 77
6797 74
6840 108
6865 14
6869 19
6886 58
6904 114
6947 15
6950 17
6961 97
6969 88
6987 95
7026 76
7036 51
7038 114
7075 105
7089 25
7116 20
7155 93
7159 62
7166 49
7172 90
7207 121
7240 77
7259 118
7276 127
7292 16
7322 41
7325 82
7367 75
7388 25
7411 121
7456 122
7457 102
7493 30
7524 87
7553 21
7597 22
7636 118
7646 46
7680 16
7691 85
7710 111
7713 60
7718 8
7753 100
7765 116
7810 56
7841 52
7865 7
7888 96
7904 89
7911 121
7952 105
7974 109
8013 46
8028 106
8047 10
8052 125
8093 67
8137 125
8138 52
8147 108
8175 73
8207 38
8233 123
8258 13
8302 8
8346 9
8373 85
8407 103
8446 115
8484 74
8529 125
8545 120
8573 59
8587 83
8629 80
8670 57
8702 67
8716 118
8725 118
8729 79
8752 118
8777 102
8787 107
8807 10
8814 49
8836 64
8851 16
8894 59
8916 4
8918 80
8948 126
8985 100
9013 69
9026 28
9036 89
9078 44
9080 25
9094 89
9110 22
9135 48
9177 107
9219 24
9253 114
9293 125
9308 34
9325 56
9343 41
9349 32
9360 46
9369 116
9370 21
9413 32
9448 44
9475 96
9506 5
9518 71
9558 23
9582 66
9606 115
9607 64
9649 18
9650 2
9688 101
9700 58
9706 121
9728 2
9740 122
9769 75
9771 21
9779 91
9821 61
9835 52
9879 36
9890 6
9901 49
9910 47
9929 92
9969 37
9982 65
10027 122
10067 26
10087 115
10106 48
10111 115
10152 120
10186 42
10211 34
10239 98
10270 3
10302 117
10337 73
10371 121
10414 55
10453 75
10471 47
10486 70
10505 87
10518 104
10534 102
10561 75
10584 126
10601 118
10625 108
10640 37
10682 62
10683 83
10717 27
10737 80
10740 47
10770 75
10774 78
10818 88
10834 56
10865 10
10878 31
10892 7
10934 10
10937 34
10972 23
10999 38
11007 114
11018 106
11037 89
11037 59
11053 76
11064 62
11102 101
11131 31
11162 88
11168 81
11189 58
11215 25
11230 96
11253 84
11253 82
11258 27
11300 40
11309 105
11345 41
11387 20
11416 119
11427 25
11441 85
11476 61
11500 126
11527 38
11565 71
11592 91
11613 75
11648 82
11692 126
11712 6
11735 4
11753 32
11798 111
11808 124
11816 81
11849 62
11882 90
11885 19
11920 56
11936 53
11948 127
11949 83
11986 57
11999 19
12020 86
12044 123
12081 10
12113 126
12135 36
12142 97
12158 108
12161 21
12176 86
12203 86
12207 63
12208 11
12241 117
12261 94
12264 102
12265 45
12282 24
12285 117
12320 116
12355 65
12364 110
12409 82
12435 90
12439 80
12479 54
12500 17
12526 93
12529 3
12532 64
12567 107
12611 45
12627 100
12627 24
12648 20
12656 66
12681 22
12703 96
12723 54
12760 94
12782 87
12790 63
12823 47
12838 59
12859 95
12904 105
12923 81
12923 108
12940 44
12984 29
13017 14
13051 90
13060 78
13068 47
13079 37
13083 26
13125 23
13137 18
13157 44
13183 71
13190 67
13221 83
13261 31
13274 63
13297 44
13311 47
13342 90
13374 8
13395 115
13402 80
13434 17
13475 124
13490 70
13522 36
13531 15
13573 109
13591 69
13604 45
13628 50
13629 4
13665 102
13673 97
13712 74
13716 44
13743 26
13758 112
13799 40
13844 86
13861 82
13867 102
13898 13
13919 87
13924 11
13955 115
14000 65
14038 15
14061 54
14073 100
14083 39
14095 24
14097 95
14130 96
14174 31
14179 20
14192 79
14210 56
14252 97
14292 111
14337 71
14360 19
14385 6
14396 65
14423 107
14459 108
14459 67
14475 10
14480 99
14502 85
14525 23
14553 6
14561 13
14577 89
14589 7
14624 77
14661 124
14668 109
14697 43
14733 43
14741 101
14765 47
14770 94
14794 72
14805 88
14845 115
14860 78
14899 82
14902 116
14941 82
14980 84
15009 99
15016 118
15034 47
15075 25
15089 94
15115 64
15124 15
15165 114
15210 24
15233 77
15241 52
15278 40
15282 45
15311 48
15319 11
15327 81
15349 10
15378 121
15422 122
15460 101
15490 76
15532 81
15555 94
15570 71
15599 59
15608 115
15652 88
15691 111
15711 9
15743 4
15772 23
15807 51
15845 75
15851 114
15860 38
15866 29
15911 4
15927 11
15963 78
15963 81
15984 4
15995 116
16029 65
16058 88
16074 4
16088 118
16109 111
16137 76
16137 14
16148 1
16154 56
16171 70
16209 27
16239 110
16255 1
16296 51
16312 125
16340 30
16375 41
16392 59
16431 95
16457 71
16466 13
16496 121
16504 91
16521 85
16553 87
16567 48
16574 111
16590 90
16609 61
16633 50
16634 59
16645 95
16688 66
16713 66
16715 73
16718 41
16763 21
16788 64
16820 76
16831 69
16870 12
16875 126
16880 80
16918 54
16939 50
16957 49
16986 123
17013 98
17052 70
17092 18
17131 40
17157 22
17179 12
17194 55
17229 15
17270 126
17290 13
17314 127
17321 97
17357 47
17390 43
17424 76
17442 113
17473 47
17507 43
17516 122
17533 120
17577 49
17606 97
17649 5
17665 9
17705 66
17734 52
17757 50
17802 35
17805 104
17842 103
17878 82
17885 112
17910 62
17930 71
17948 81
17986 13
18029 31
18071 119
18078 11
18097 54
18130 64
18157 34
18188 77
18214 54
18252 61
18257 28
18291 59
18300 97
18300 7
18303 7
18346 117
18354 32
18379 103
18406 53
18417 73
18421 58
18435 49
18467 6
18499 34
18537 124
18554 13
18579 54
18616 90
18637 59
18640 79
18676 110
18688 62
18723 106
18748 101
18756 34
18784 29
18795 60
18797 70
18814 80
18848 57
18872 55
18901 119
18942 4
18972 98
19016 66
19036 47
19071 69
19114 60
19131 123
19156 21
19165 53
19203 56
19204 107
19242 46
19257 14
19283 53
19293 30
19311 53
19319 72
19353 4
19389 60
19429 74
19469 35
19480 98
19499 116
19532 39
19543 16
19558 52
19587 39
19621 76
19629 71
19633 17
19633 103
19646 88
19670 29
19712 113
19728 27
19770 118
19779 101
19819 117
19822 99
19863 71
19863 47
19884 76
19925 55
19927 41
19945 111
19973 17
20016 126
20019 32
20052 124
20083 41
20116 74
20116 11
20130 61
20168 72
20168 28
20178 51
20194 103
20209 118
20246 69
20275 111
20278 89
20294 67
20297 45
20309 107
20318 57
20318 110
20352 58
20363 117
20384 60
20398 26
20417 98
20432 45
20459 101
20472 116
20516 100
20543 97
20558 83
20591 60
20606 10
20623 108
20663 97
20702 20
20730 122
20760 25
20763 43
20779 105
20779 19
20782 118
20803 4
20826 18
20848 80
20872 4
20917 78
20943 24
20966 30
21005 37
21036 21
21078 5
21100 120
21125 91
21157 111
21195 87
21205 28
21213 52
21230 95
21232 92
21272 28
21280 29
21323 80
21354 54
21382 83
21421 49
21427 123
21427 22
21463 125
21506 55
21522 45
21539 4
21546 94
21555 61
21590 23
21600 45
21613 4
21638 34
21677 104
21697 37
21712 59
21756 79
21784 24
21795 49
21820 47
21823 46
21830 111
21853 117
21893 102
21930 61
21943 50
21956 11
21985 15
22009 16
22050 112
22075 2
22089 108
22109 44
22151 115
22171 109
22197 49
22228 84
22265 126
22289 124
22318 59
22318 48
22329 35
22329 73
22350 87
22395 91
22401 57
22407 15
22413 64
22430 102
22447 59
22462 122
22462 17
22464 13
22503 97
22524 29
22540 61
22557 29
22580 96
22603 85
22621 123
22655 99
