6 47
27 9
68 19
104 103
118 76
124 84
148 72
158 6
174 8
195 77
234 112
251 11
288 126
291 28
316 119
318 127
319 125
326 22
339 83
360 55
375 108
376 54
416 123
461 111
485 107
498 13
504 46
541 104
586 110
615 102
660 122
674 64
703 112
736 90
740 126
748 9
757 74
797 70
820 32
822 50
829 41
830 89
866 91
886 21
930 120
959 59
979 121
981 91
991 42
1003 67
1021 24
1043 73
1057 4
1093 95
1124 68
1131 113
1131 118
1148 18
1153 83
1193 76
1233 87
1261 13
1267 104
1280 5
1318 63
1332 43
1365 14
1384 51
1399 121
1435 79
1480 72
1482 94
1501 41
1533 51
1539 33
1542 19
1550 123
1591 78
1602 115
1604 2
1619 5
1654 48
1668 70
1684 74
1721 93
1728 120
1734 19
1753 58
1783 123
1828 115
1859 125
1892 3
1933 101
1940 19
1956 30
2001 19
2001 90
2023 17
2045 52
2082 121
