34 107
45 27
66 36
66 28
101 54
139 37
164 68
193 40
193 20
227 63
263 39
285 19
319 126
348 74
371 10
396 54
408 102
414 104
422 23
460 69
478 101
502 47
516 56
550 9
561 98
579 57
581 73
615 79
644 20
668 91
685 108
690 7
695 62
702 116
747 102
750 70
783 54
799 120
812 57
855 12
874 44
890 7
908 40
924 37
950 120
980 124
986 68
1006 21
1020 116
1020 76
1064 124
1071 33
1106 16
1120 44
1120 44
1149 109
1172 57
1183 90
1225 41
1234 91
1279 67
1283 120
1284 122
1294 43
1302 87
1302 118
1341 12
1373 51
1383 31
1416 117
1459 107
1465 67
1498 88
1533 82
1546 77
1557 83
1565 48
1590 115
1620 48
1663 82
1693 119
1700 104
1705 120
1705 92
1744 117
1770 109
1781 43
1783 78
1811 59
1820 112
1842 14
1873 74
1887 60
1918 14
1934 23
1960 12
1986 77
2006 32
2047 120
2083 40
2122 108
2166 83
2208 63
2211 13
2246 106
2286 124
2323 110
2334 68
2363 56
2376 66
2384 32
2426 112
2435 104
2477 121
2484 106
2524 12
2547 32
2575 39
2599 41
2606 100
2648 48
2678 77
2713 14
2724 39
2744 33
2778 13
2779 3
2785 44
2830 114
2872 103
2886 109
2926 121
2936 14
2972 120
2986 54
3028 39
3062 24
3064 87
3090 33
3116 30
3154 29
3168 96
3180 61
3225 97
3247 23
3254 85
3295 41
3304 100
3322 82
3334 70
3377 87
3377 117
3380 10
3393 6
3426 65
3454 10
3454 120
3476 77
3495 16
3499 33
3523 72
3534 95
3556 77
3593 23
3607 22
3648 21
3655 5
3673 34
3694 115
3711 65
3745 38
3790 4
3831 117
3834 113
3877 22
3903 74
3948 18
3962 77
3986 116
4008 95
4039 31
4042 65
4069 99
4103 78
4104 71
4125 85
4127 60
4172 106
4203 23
4237 79
4245 110
4270 22
4280 2
4283 61
4315 121
4348 108
4376 100
4416 36
4459 98
4485 38
4495 113
4523 113
4543 30
4576 124
4587 34
4622 24
4636 111
4653 114
4662 74
4693 52
4693 38
4697 8
4735 14
4779 91
4798 47
4801 3
4805 17
4809 44
4831 29
4838 48
4854 94
4899 42
4936 85
4979 37
5000 11
5041 71
5049 58
5050 116
5067 52
5097 5
5139 22
5146 107
5183 69
5221 8
5249 103
5268 117
5311 54
5320 68
5323 85
5346 20
5375 9
5381 60
5395 22
5432 22
5456 57
5499 10
5501 99
5537 123
5546 24
5565 96
5588 56
5632 44
5637 70
5648 47
5663 16
5663 13
5664 113
5666 57
5710 94
5754 12
5780 83
5800 105
5802 83
5829 125
5846 37
5851 39
5853 116
5887 77
5931 100
5949 98
5986 103
6000 29
6028 89
6048 97
6065 96
6075 63
6119 126
6130 9
6135 74
6137 118
6175 67
6176 60
6185 24
6230 122
6265 65
6305 59
6344 100
6379 57
6398 21
6427 28
6452 53
6479 22
6516 32
6547 118
6569 61
6576 43
6582 122
6586 56
6625 11
6661 30
6674 84
6686 59
6703 7
6737 52
6770 46
6815 64
6857 69
6866 107
6885 13
6894 100
6896 114
6915 64
6944 120
6951 82
6952 111
6989 35
7022 98
7033 18
7057 29
7060 117
7105 118
7110 82
7134 64
7169 92
7184 92
7219 85
7248 67
7248 54
7263 63
7307 22
7314 41
7356 123
7366 4
7399 40
7425 115
7455 110
7459 77
7491 41
7491 92
7531 100
7539 124
7545 13
7569 58
7609 49
7614 98
7626 124
7658 121
7698 100
7713 1
7725 19
7764 79
7803 91
7844 92
7888 86
7926 45
7948 8
7987 32
8020 3
8047 33
8083 95
8101 25
8145 27
8189 73
8234 22
8269 43
8278 3
8295 4
8319 61
8355 68
8369 80
8406 24
8417 16
8448 26
8464 61
8506 68
8530 88
8572 42
8586 48
8612 38
8621 100
8631 110
8635 2
8655 5
8667 36
8699 50
8732 74
8746 120
8789 42
8796 29
8798 44
8815 78
8851 10
8892 55
8921 107
8924 59
8942 4
8970 28
9001 62
9009 113
9051 44
9083 19
9118 107
9136 89
9181 68
9189 92
9205 42
9238 116
9272 27
9306 47
9348 122
9388 14
9425 88
9440 127
9457 96
9482 114
9494 120
9495 40
9528 62
9566 101
9599 37
9631 38
9635 111
9677 113
9694 90
9729 19
9764 123
9809 105
9811 14
9839 37
9862 86
9874 95
9910 108
9945 3
9945 114
9971 125
9988 75
9988 37
10023 122
10058 38
10091 46
10122 90
10137 84
10168 47
10183 105
10188 62
10189 40
10194 18
10208 102
10209 46
10215 59
10230 52
10246 37
10265 86
10281 17
10314 62
10342 53
10363 27
10396 82
10426 47
10431 44
10472 114
10482 118
10486 63
10496 113
10539 51
10575 37
10576 106
10616 88
10619 52
10639 70
10666 3
10673 96
10690 98
10695 27
10701 61
10711 67
10734 99
10777 32
10799 3
10808 15
10833 107
10876 18
10892 2
10901 33
10942 67
10967 110
10991 126
10993 109
11015 124
11053 41
11072 65
11102 17
11144 122
11148 99
11177 39
11188 121
11219 58
11236 112
11256 55
11273 12
11299 15
11303 60
11331 127
11334 118
11371 122
11414 106
11431 11
11435 88
11446 64
11462 25
11492 115
11502 61
11530 66
11561 86
11565 15
11594 86
11601 9
11603 28
11629 108
11664 93
11703 7
11730 32
11737 77
11779 16
11804 51
11830 53
11830 11
11871 69
11881 105
11919 67
11927 23
11970 89
11997 95
12034 9
12044 45
12074 123
12085 8
12103 35
12142 46
12150 38
12192 26
12225 56
12268 42
12310 103
12318 75
12348 56
12371 31
12406 66
12413 117
12435 78
12439 76
12447 125
12485 45
12486 79
12519 112
12554 19
12587 46
12599 30
12644 89
12688 1
12714 9
12732 11
12744 26
12752 19
12782 51
12821 111
12842 115
12870 59
12879 26
12906 42
12939 124
12942 118
12969 107
12992 79
13001 86
13012 106
13052 111
13067 114
13077 51
13091 7
13093 44
13118 1
13161 21
13167 122
13189 116
13231 4
13234 19
13262 57
13296 82
13336 46
13377 40
13384 41
13418 44
13420 12
13422 10
13425 93
13461 28
13502 112
13521 30
13521 94
13527 97
13559 1
13577 68
13592 112
13603 1
13643 18
13676 46
13713 18
13720 68
13722 65
13750 119
13792 116
13827 39
13853 122
13871 74
13879 61
13919 54
13957 92
13965 14
13997 33
14009 80
14033 59
14076 16
14096 77
14141 86
14160 99
14195 27
14231 30
14273 88
14274 7
14298 47
14337 15
14377 58
14391 115
14424 60
14439 106
14442 34
14477 104
14498 44
14527 30
14530 38
14531 50
14574 118
14574 23
14608 33
14648 52
14671 108
14683 49
14716 66
14754 5
14799 18
14832 114
14871 107
14901 108
14932 38
14951 109
14973 109
14982 82
15008 11
15028 127
15065 85
15085 11
15111 117
15147 5
15158 50
15164 72
15166 10
15210 68
15227 29
15272 58
15311 37
15356 21
15375 58
15397 23
15426 7
15433 115
15463 92
15468 31
15485 100
15520 46
15550 64
15576 66
15600 15
15642 95
15677 121
15682 85
15688 78
15720 101
15720 33
15745 75
15751 3
15754 108
15756 114
15798 113
15798 74
15843 43
15886 108
15903 103
15947 123
15972 81
15973 120
15985 39
15995 36
16027 13
16035 91
16064 9
16064 119
16091 82
16095 21
16123 122
16166 28
16176 43
16187 96
16214 64
16240 88
16271 37
16280 44
16289 120
16322 83
16365 36
16399 38
16401 47
16409 78
16454 2
16491 10
16514 10
16558 88
16563 39
16577 71
16587 115
16619 8
16654 105
16668 8
16681 126
16697 107
16727 18
16740 48
16760 30
16785 25
16810 101
16825 84
16833 106
16856 51
16867 68
16911 11
16952 31
16952 37
16964 85
17001 12
17013 48
17051 75
17068 48
17096 112
17130 84
17160 107
17172 123
17193 43
17223 94
17226 25
17239 125
17250 69
17253 4
17259 53
17295 83
17299 54
17315 64
17334 91
17353 9
17361 35
17399 11
17418 84
17426 120
17428 93
17468 22
17498 35
17533 126
17571 82
17587 16
17608 54
17639 28
17682 40
17695 117
17735 9
17735 72
17779 1
17801 108
17840 6
17853 85
17858 30
17866 86
17882 51
17915 68
17915 30
17944 84
17945 2
17952 69
17965 83
17994 32
18025 98
18065 103
18083 107
18125 87
18165 21
18168 96
18209 30
18246 11
18285 122
18318 33
18341 125
18366 47
18380 64
18380 102
18420 58
18437 34
18474 112
18474 5
18491 20
18536 109
18544 6
18553 16
18581 31
18609 60
18634 34
18641 113
18662 48
18689 82
18699 20
18734 90
18740 19
18740 66
18778 117
18820 60
18864 107
18896 114
18941 35
18956 107
18981 84
19010 95
19041 39
19079 11
19117 123
19150 119
19189 65
19208 44
19232 78
19241 64
19276 37
19292 107
19337 108
19357 103
19362 87
19365 87
19406 97
19411 65
19446 85
19472 84
19483 14
19486 96
19505 33
19536 123
19550 102
19582 104
19611 12
19637 71
19670 112
19703 120
19708 107
19728 72
19739 72
19746 75
19765 115
19786 25
19805 108
19810 26
19829 49
19852 23
19869 64
19883 93
19921 51
19923 122
19961 44
19963 7
19992 41
19994 96
20026 79
20047 8
20092 112
20106 100
20138 116
20174 126
20195 57
20218 18
20227 75
20233 90
20251 93
20290 32
20308 110
20326 55
20333 65
20358 51
20400 72
20442 116
20459 95
20468 100
20510 24
20542 5
20587 124
20608 60
20635 21
20648 45
20652 59
20652 78
20695 86
20708 111
20735 63
20763 113
20793 27
20828 35
20849 117
20874 114
20910 89
20933 84
20935 6
20971 43
20977 65
21002 43
21011 25
21034 82
21047 69
21087 6
21114 80
21157 50
21191 111
21210 71
21212 71
21222 76
21236 19
21254 12
21297 68
21298 119
21310 105
21310 122
21349 75
21391 60
21402 105
21428 43
21462 100
21484 62
21486 107
21510 50
21544 4
21574 75
21575 90
21615 119
21619 66
21640 53
21660 49
21684 115
21717 40
21732 84
21757 127
21784 58
21810 72
21852 60
21896 46
21932 67
21957 7
22001 17
22007 2
22025 59
22055 30
22057 119
22089 53
22089 103
22124 71
22160 121
22186 49
22190 25
22223 7
22258 20
22266 100
22299 101
22310 111
22332 79
22357 84
22398 26
22441 95
22481 85
22507 49
22551 42
22559 40
22581 77
22624 2
22664 6
22701 82
22724 34
22765 113
22775 27
22791 69
22817 117
