40 62
41 46
52 86
82 120
126 78
158 11
173 51
202 83
223 7
245 84
264 98
275 59
284 96
292 64
335 25
340 105
376 38
396 112
423 71
442 85
473 77
510 112
512 93
543 41
586 16
606 22
618 72
618 25
634 127
651 1
680 97
724 71
744 14
786 51
802 121
807 97
841 52
881 83
896 27
917 6
924 88
950 39
986 19
990 102
1015 83
1015 76
1039 74
1070 104
1082 100
1084 69
1120 46
1122 73
1149 47
1166 45
1176 69
1182 64
1223 26
1258 76
1261 57
1298 97
1343 10
1353 115
1371 5
1379 110
1400 43
1423 94
1436 13
1480 94
1505 35
1517 13
1545 1
1590 77
1623 38
1646 108
1666 45
1680 5
1680 14
1722 49
1734 38
1737 50
1747 61
1771 97
1789 18
1828 71
1869 48
1885 53
1908 119
1911 67
1917 18
1954 70
1979 68
1986 53
2027 109
2056 114
2082 120
2083 36
2107 19
2129 66
2130 116
2170 116
2171 33
2207 92
2240 102
2268 104
2304 31
2306 60
2323 17
2353 98
2386 46
2431 6
2471 104
2515 123
2535 88
2538 26
2541 65
2569 87
2601 105
2602 56
2610 74
2647 51
2661 76
2694 92
2717 87
2749 98
2783 89
2826 13
2832 21
2870 8
2875 105
2911 78
2932 113
2977 121
3008 24
3049 115
3075 109
3090 100
3130 20
3146 42
3155 86
3180 120
3181 29
3191 66
3225 108
3261 30
3271 59
3277 31
3297 10
3302 38
3307 66
3351 126
3389 2
3395 25
3413 49
3458 85
3467 105
3480 39
3500 55
3516 96
3521 71
3551 71
3580 54
3585 37
3598 82
3608 122
3613 54
3649 65
3676 1
3692 108
3693 35
3723 114
3763 51
3805 12
3848 48
3860 98
3885 117
3915 61
3946 46
3984 26
4014 39
4030 51
4032 41
4052 119
4083 18
4101 126
4128 75
4172 68
4186 1
4194 104
4230 57
4263 31
4289 94
4298 54
4327 49
4333 120
4363 51
4371 62
4375 67
4407 83
4434 27
4474 38
4507 41
4546 3
4573 51
4615 118
4624 41
4626 112
4662 69
4665 78
4708 78
4719 117
4758 117
4774 14
4790 2
4795 72
4795 84
4825 37
4856 68
4899 13
4938 100
4949 127
4984 17
4995 72
5006 33
5030 116
5074 127
5094 109
5095 19
5107 28
5110 18
5131 117
5159 102
5161 29
5173 54
5218 92
5240 39
5275 58
5289 8
5319 5
5337 81
5362 63
5398 88
5440 99
5460 98
5471 5
5479 116
5486 94
5510 34
5510 124
5525 96
5567 44
5581 124
5607 86
5630 119
5638 123
5651 10
5692 121
5703 84
5744 64
5761 99
5792 64
5792 70
5798 41
5805 103
5838 115
5868 56
5887 1
5890 79
5902 114
5917 102
5959 80
5963 127
5980 1
5996 16
6014 22
6026 35
6068 115
6077 123
6085 65
6116 26
6123 100
6131 32
6154 60
6184 38
6217 58
6226 103
6257 28
6268 127
6296 73
6322 115
6354 72
6368 119
6369 64
6381 104
6399 86
6427 88
6437 97
6473 65
6493 76
6512 106
6552 79
6584 121
6610 51
6620 89
6655 60
6658 78
6701 94
6741 25
6778 115
6794 4
6797 9
6803 85
6816 25
6853 11
6876 66
6900 1
6924 116
6954 33
6999 93
7044 102
7047 100
7050 53
7070 64
7075 77
7098 121
7098 8
7140 24
7149 37
7192 127
7194 58
7239 111
7271 53
7297 13
7339 83
7364 42
7374 35
7411 77
7437 96
7457 112
7493 27
7506 6
7545 3
7562 104
7564 118
7588 5
7608 83
7626 47
7650 43
7690 63
7727 92
7742 55
7746 123
7777 12
7780 90
7791 105
7794 91
7798 41
7817 81
7830 120
7841 52
7886 17
7898 78
7926 83
7946 5
7946 121
7980 53
7993 121
8024 54
8037 89
8052 51
8090 109
8135 50
8172 96
8191 82
8202 35
8202 3
8203 15
8211 92
8219 53
8248 56
8290 36
8294 125
8304 17
8349 111
8378 40
8384 96
8412 62
8440 105
8450 62
8488 76
8529 79
8566 21
8591 114
8598 97
8614 3
8659 96
8682 72
8714 53
8741 29
8770 125
8811 10
8827 52
8831 19
8847 28
8871 18
8906 103
8942 57
8953 120
8992 119
9002 28
9004 75
9036 92
9052 28
9096 9
9122 30
9135 21
9179 11
9222 43
9227 116
9256 106
9296 4
9303 66
9346 11
9370 68
9397 114
9424 57
9434 8
9439 125
9439 62
9444 64
9484 81
9502 97
9508 17
9532 2
9561 127
9581 104
9616 79
9650 93
9684 72
9705 29
9710 68
9721 75
9766 123
9804 101
9809 103
9819 106
9855 13
9879 14
9890 17
9932 74
9962 94
9997 44
10004 112
10043 68
10071 104
10084 48
10098 40
10116 67
10130 106
10147 121
10156 14
10191 105
10231 55
10274 62
10304 52
10343 16
10384 49
10422 102
10426 57
10459 82
10477 69
10482 120
10520 18
10534 42
10558 94
10602 103
10630 27
10642 126
10665 3
10688 31
10727 6
10770 83
10815 97
10818 75
10836 52
10867 76
10907 62
10907 26
10942 42
10953 76
10968 122
11011 39
11037 59
11057 76
11087 38
11092 71
11109 4
11146 33
11177 72
11187 105
11211 90
11247 47
11274 61
11298 90
11340 68
11377 68
11387 103
11419 39
11431 7
11472 77
11515 21
11558 44
11558 108
11573 110
11600 70
11616 108
11641 40
11648 76
11654 80
11680 39
11713 43
11752 104
11780 110
11797 105
11800 70
11808 96
11827 8
11829 35
11859 93
11863 88
11883 43
11892 52
11900 23
11939 44
11940 73
11950 26
11968 44
11997 53
12035 1
12048 70
12062 70
12098 11
12113 116
12139 24
12173 12
12184 69
12211 75
12252 45
12277 78
12309 16
12342 38
12344 33
12365 16
12387 109
12417 127
12423 28
12432 10
12449 18
12452 13
12479 5
12481 5
12493 15
12505 56
12537 22
12556 108
12585 19
12602 20
12620 65
12651 26
12670 71
12708 57
12740 84
12778 48
12790 73
12790 77
12826 86
12854 118
12892 66
12932 60
12976 71
12977 67
13012 119
13030 40
13057 17
13078 116
13119 2
13139 30
13170 24
13179 46
13184 84
13221 108
13262 12
13294 80
13308 26
13350 95
13387 111
13422 104
13442 36
13459 97
13478 82
13502 85
13523 9
13531 96
13559 94
13588 65
13598 46
13611 117
13651 36
13695 59
13704 43
13705 86
13736 6
13765 72
13798 16
13840 14
13868 38
13882 100
13917 19
13924 46
13967 113
13984 41
14009 69
14038 90
14071 84
14108 50
14150 120
14189 71
14206 97
14207 47
14247 18
14254 46
14256 97
14280 117
14324 19
14328 74
14368 99
14390 35
14430 92
14431 101
14449 74
14493 115
14493 14
14538 50
14549 6
14590 19
14633 56
14674 23
14681 25
14708 99
14725 106
14726 113
14745 87
14781 59
14805 88
14810 8
14845 45
14855 73
14895 45
14923 31
14966 68
15006 12
15018 64
15047 32
15077 75
15118 76
15147 68
15148 79
15158 30
15179 46
15208 87
15224 57
15226 47
15251 98
15265 100
15293 23
15301 15
15337 16
15354 51
15392 95
15411 35
15441 18
15476 19
15520 10
15552 79
15575 95
15583 106
15584 66
15620 88
15647 32
15690 97
15734 4
15769 68
15785 31
15808 55
15830 21
15859 97
15880 11
15917 37
15950 45
15982 81
16021 75
16047 110
16066 64
16083 47
16099 123
16131 94
16158 2
16168 91
16172 116
16190 107
16214 39
16239 123
16284 27
16320 110
16327 73
16351 40
16376 85
16414 120
16423 101
16430 27
16464 5
16485 75
16512 97
16530 98
16540 51
16555 9
16594 43
16632 58
16639 77
16639 113
16674 112
16689 37
16732 114
16767 5
16794 18
16837 37
16864 27
16905 63
16932 118
16955 115
16970 47
17001 109
17030 2
17067 49
17085 26
17110 55
17154 52
17190 31
17228 6
17229 42
17268 127
17312 31
17353 114
17375 58
17379 24
17393 26
17422 119
17441 36
17448 94
17462 36
17497 98
17538 13
17558 90
17597 114
17629 70
17654 17
17686 125
17722 62
17745 125
17783 87
17783 7
17788 115
17832 113
17850 32
17858 79
17864 62
17889 85
17893 93
17918 66
17947 91
17952 124
17986 116
18022 55
18064 114
18085 99
18089 27
18101 116
18146 97
18162 36
18172 52
18215 99
18238 44
18248 23
18251 20
18251 70
18274 114
18280 86
18287 78
18332 56
18344 3
18387 105
18424 25
18447 123
18466 110
18496 114
18536 90
18556 78
18577 69
18599 78
18633 68
18677 116
18694 29
18695 9
18716 68
18743 111
18781 96
18789 9
18834 4
18877 18
18908 90
18936 38
18979 28
19013 109
19047 109
19085 38
19085 84
19111 33
19138 83
19140 64
19148 115
19171 56
19200 50
19218 84
19218 29
19239 31
19252 46
19286 78
19296 25
19298 20
19322 70
19346 79
19384 14
19403 36
19446 35
19490 101
19493 47
19517 70
19526 122
19549 120
19553 4
19571 104
19583 28
19614 15
19634 50
19648 122
19652 33
19653 127
19689 94
19698 84
19703 83
19716 20
19753 43
19798 96
19807 89
19811 94
19849 119
19849 70
19878 126
19881 11
19890 109
19929 48
19939 78
19944 1
19955 56
19980 114
19990 104
20031 28
20042 102
20086 48
20110 123
20133 22
20174 111
20204 124
20232 51
20276 26
20290 65
20293 12
20297 113
20317 49
20357 90
20391 16
20393 48
20401 80
20419 62
20443 6
20454 28
20464 4
20499 17
20502 5
20536 25
20567 97
20605 111
20644 24
20682 19
20719 42
20731 31
20753 35
20772 44
20792 15
20826 5
20832 81
20837 75
20855 82
20899 27
20939 115
20971 54
20987 117
20999 92
21043 25
21058 22
21058 47
21078 60
21084 84
21115 66
21141 106
21165 91
21189 89
21203 58
21230 36
21232 47
21267 79
21301 94
21306 14
21327 116
21363 97
21390 81
21415 10
21454 98
21483 36
21490 92
21529 83
21544 23
21567 58
21578 64
21621 52
21633 14
21636 97
21637 66
21676 17
21690 58
21695 22
21717 17
21729 68
21773 43
21806 82
21819 54
21834 62
21846 117
21870 41
21908 104
21937 61
21960 118
21989 51
22020 60
22056 110
22056 53
22092 106
22116 52
22117 50
22152 10
22173 104
22217 90
22223 98
22259 68
22288 102
22313 78
22320 111
22325 87
22364 93
22367 50
22409 48
22420 21
22443 122
22464 72
22479 67
22482 13
22494 66
22519 87
22561 112
22567 51
22592 42
22630 119
22649 87
22681 116
22699 118
22727 84
22758 66
22767 90
22769 106
22802 114
22821 104
