39 13
42 72
45 101
56 29
67 95
94 31
95 110
116 112
157 7
176 2
213 56
250 102
284 29
288 93
333 108
340 55
369 8
400 48
432 22
471 74
481 38
526 81
533 79
554 126
592 119
621 8
655 52
679 79
679 25
687 29
712 51
718 92
762 3
770 10
774 95
778 89
800 111
813 102
833 118
844 62
847 51
861 105
902 119
904 11
923 95
924 22
958 77
997 20
1031 121
1052 119
1084 114
1121 35
1164 49
1197 127
1215 122
1247 117
1285 84
1285 74
1312 100
1354 104
1383 115
1418 72
1419 39
1442 29
1469 98
1479 61
1497 77
1538 36
1583 25
1627 123
1645 74
1686 23
1699 45
1726 93
1747 95
1784 83
1808 122
1848 52
1863 72
1899 111
1904 78
1939 32
1968 43
1992 57
2016 115
2031 61
2054 52
2084 71
2118 7
2129 2
2163 32
2197 92
2223 121
2229 82
2247 44
2258 51
2291 86
2303 22
2315 117
2329 106
