2 47
29 87
43 80
66 31
106 120
149 118
189 45
193 88
233 123
259 14
302 40
314 52
328 72
369 77
372 4
408 14
452 99
478 105
483 2
511 102
541 78
541 28
573 52
575 54
596 97
604 40
606 95
615 118
655 56
684 12
721 86
738 111
774 90
805 55
845 14
846 96
864 88
864 34
872 5
916 16
934 80
938 1
960 99
966 31
1006 108
1045 39
1062 23
1098 114
1120 92
1148 34
1176 2
1201 115
1222 126
1256 111
1288 45
1289 56
1304 109
1332 19
1366 75
1399 94
1411 4
1415 38
1419 9
1449 3
1483 61
1486 32
1503 62
1517 28
1524 127
1549 107
1580 68
1623 36
1653 47
1672 39
1717 85
1731 102
1733 77
1743 42
1779 1
1806 41
1809 6
1831 38
1847 125
1855 124
1879 125
1886 92
1900 46
1918 11
1920 74
1929 52
1940 73
1949 22
1987 39
2020 4
2062 49
2099 57
2128 70
2135 64
2144 79
2163 93
2198 103
2218 56
2244 71
2282 25
2289 8
2310 72
2351 79
2373 79
2384 18
2424 115
2441 40
2481 84
2487 103
2502 76
2515 12
2560 36
2570 41
2571 64
2576 55
2613 117
2618 95
2626 117
2632 113
2632 78
2649 43
2655 113
2675 29
2717 120
2725 105
2751 64
2756 120
2779 95
2800 107
2838 51
2841 65
2878 51
2893 118
2899 13
2899 94
2908 105
2944 29
2947 3
2984 120
3011 90
3035 117
3056 63
3088 48
3115 48
3138 84
3144 45
3147 112
3177 30
3194 123
3202 1
3246 121
3260 36
3265 84
3280 104
3298 8
3334 29
3348 85
3371 43
3399 72
3426 25
3430 77
3462 22
3499 3
3504 111
3547 81
3569 72
3599 46
3629 26
3667 109
3687 104
3696 60
3737 5
3737 44
3746 127
3791 82
3836 48
3880 121
3894 74
3917 60
3937 86
3971 54
4015 99
4016 122
4038 12
4054 53
4061 102
4106 76
4146 122
4149 52
4192 52
4215 21
4250 33
4264 86
4287 82
4302 36
4303 23
4303 105
4321 81
4353 88
4355 117
4394 113
4399 54
4435 14
4480 11
4485 14
4515 59
4528 97
4556 51
4598 42
4627 111
4651 121
4666 80
4711 45
4727 55
4767 53
4804 102
4837 72
4851 33
4895 2
4915 14
4957 83
4993 89
5022 20
5026 50
5068 105
5070 119
5091 2
5113 83
5117 60
5160 5
5202 7
5241 75
5260 123
5274 117
5290 56
5318 15
5359 101
5380 75
5409 82
5414 11
5446 127
5465 20
5506 13
5543 41
5582 40
5625 19
5631 72
5674 62
5682 112
5688 91
5713 34
5748 81
5756 126
5771 106
5789 123
5800 4
5841 54
5862 57
5888 38
5910 71
5916 77
5945 3
5983 111
6019 120
6062 117
6080 37
6104 54
6125 90
6140 120
6173 67
6185 36
6185 74
6213 42
6239 104
6256 47
6269 107
6275 87
6303 3
6308 31
6322 102
6327 61
6329 125
6369 68
6393 35
6398 8
6403 75
6428 87
6433 78
6455 46
6492 115
6499 45
6541 1
6551 56
6582 34
6611 124
6613 116
6624 72
6668 91
6685 112
6687 48
6693 117
6720 82
6765 96
6781 43
6794 54
6835 42
6861 109
6875 51
6918 24
6941 75
6961 17
7000 87
7022 85
7025 21
7044 67
7046 122
7062 67
7066 127
7109 68
7112 50
7147 66
7176 71
7195 56
7222 61
7258 124
7294 79
7330 20
7357 46
7371 63
7372 41
7387 73
7407 41
7427 62
7464 26
7474 65
7476 37
7486 106
7508 100
7513 124
7537 71
7577 31
7594 74
7630 79
7650 21
7671 55
7710 93
7710 65
7718 80
7726 112
7754 67
7779 91
7796 39
7809 73
7812 72
7856 75
7897 74
7927 48
7968 104
7991 115
8021 127
8023 97
8031 20
8062 17
8064 12
8068 48
8107 1
8151 37
8155 35
8196 17
8234 36
8273 71
8273 113
8292 66
8315 4
8333 20
8370 44
8381 55
8386 34
8399 24
8411 100
8436 60
8471 69
8507 52
8544 120
8575 96
8597 123
8636 57
8638 55
8669 79
8685 49
8702 115
8736 55
8765 55
8781 66
8811 55
8834 101
8847 72
8853 67
8865 33
8882 49
8918 123
8930 87
8941 19
8976 111
8976 14
9002 67
9003 2
9042 60
9052 44
9078 90
9121 37
9142 7
9172 52
9206 58
9206 20
9222 46
9227 64
9258 92
9299 19
9302 73
9346 84
9350 10
9387 66
9403 94
9443 34
9474 56
9475 105
9495 46
9527 116
9531 15
9572 110
9574 69
9597 32
9635 100
9651 65
9655 18
9676 57
9721 43
9762 76
9779 35
9819 120
9830 32
9848 92
9884 1
9908 90
9942 112
9942 81
9958 111
9997 113
10026 60
10033 4
10067 40
10103 112
10121 6
10161 63
10162 67
10202 88
10246 43
10253 117
10296 98
10328 49
10361 48
10366 47
10389 70
10423 49
10432 4
10466 92
10485 66
10495 38
10517 125
10546 44
10564 69
10566 43
10606 66
10606 14
10627 68
10627 107
10640 28
10675 113
10702 40
10716 112
10757 105
10777 78
10804 86
10834 108
10838 28
10858 57
10867 3
10875 43
10887 65
10925 24
10956 101
10995 81
11040 38
11057 42
11064 82
11069 50
11081 11
11108 77
11123 46
11145 58
11172 10
11192 9
11215 50
11217 10
11255 39
11255 94
11280 99
11285 17
11291 51
11310 32
11325 35
11369 55
11412 26
11430 28
11431 111
11461 59
11462 37
11486 62
11531 56
11554 55
11599 37
11599 103
11642 68
11656 60
11676 90
11684 26
11728 127
11739 28
11752 25
11788 29
11831 28
11863 11
11893 25
11897 56
11919 77
11925 83
11951 104
11951 45
11974 60
12013 45
12021 99
12038 83
12040 96
12059 99
12059 20
12059 126
12062 101
12103 74
12147 62
12154 97
12178 54
12211 15
12253 19
12277 111
12282 35
12312 13
12335 30
12349 5
12367 118
12401 103
12422 85
12423 114
12428 91
12454 19
12478 43
12496 109
12536 28
12572 40
12598 62
12606 127
12648 111
12655 102
12675 100
12709 64
12722 27
12746 60
12753 94
12792 74
12832 121
12850 32
12880 25
12909 109
12953 58
12962 84
13000 76
13010 66
13038 110
13041 9
13045 97
13057 104
13074 40
13100 44
13102 66
13147 79
13151 95
13170 16
13191 111
13198 100
13218 82
13222 62
13263 31
13274 104
13291 8
13303 38
13335 79
13337 85
13349 40
13350 87
13390 25
13411 122
13452 112
13465 52
13487 94
13508 107
13526 14
13564 19
13584 40
13615 71
13634 66
13662 112
13705 100
13732 33
13767 8
13787 87
13797 122
13803 61
13822 78
13828 116
13840 41
13882 65
13885 23
13910 108
13948 23
13974 105
13982 112
13989 10
13994 27
14008 100
14040 12
14080 51
14114 63
14159 47
14171 98
14185 22
14223 32
14265 38
14300 101
14345 76
14345 5
14354 76
14382 50
14422 51
14445 46
14469 24
14504 52
14544 127
14571 94
14601 115
14602 30
14638 112
14679 20
14711 60
14715 44
14744 80
14758 115
14793 106
14825 30
14849 85
14855 85
14886 47
14890 33
14905 74
14915 103
14925 5
14961 41
14998 27
15041 48
15066 18
15110 53
15139 26
15180 70
15204 35
15230 26
15234 51
15244 88
15274 40
15285 34
15325 69
15342 122
15362 1
15403 12
15426 118
15437 34
15462 127
15485 69
15487 103
15491 22
15496 25
15502 31
15534 126
15556 57
15590 64
15620 110
15644 58
15663 98
15704 126
15716 17
15722 64
15728 109
15733 26
15773 81
15779 40
15819 101
15832 107
15874 113
15915 106
15933 22
15964 70
15999 100
16014 66
16058 29
16061 109
16098 71
16102 112
16110 20
16139 100
16139 100
16168 21
16188 41
16223 91
16263 36
16293 14
16301 95
16313 26
16352 49
16381 60
16403 51
16414 122
16419 56
16440 47
16440 75
16446 116
16451 81
16494 110
16524 109
16543 28
16552 37
16581 75
16590 81
16590 114
16602 63
16646 37
16670 58
16682 116
16706 113
16734 41
16752 29
16782 77
16782 117
16786 82
16815 124
16851 34
16874 126
16878 55
16892 71
16935 76
16959 41
16976 113
16991 51
17021 13
17033 82
17072 35
17088 32
17109 60
17121 91
17130 47
17158 110
17163 82
17183 65
17198 38
17233 107
17277 78
17284 117
17305 108
17330 10
17332 11
17377 58
17421 90
17450 125
17473 108
17500 33
17527 55
17543 17
17557 106
17567 101
17597 40
17600 119
17604 71
17629 54
17632 65
17665 64
17676 118
17691 23
17695 12
17733 123
17774 116
17788 89
17816 61
17854 31
17864 59
17909 7
17947 101
17974 45
17987 26
17994 87
18037 72
18051 126
18096 54
18098 95
18123 107
18142 58
18144 115
18184 75
18226 35
18239 21
18275 27
18297 67
18317 49
18349 68
18355 42
18376 38
18405 28
18438 37
18473 111
18480 113
18520 65
18526 17
18529 30
18570 34
18611 73
18618 49
18635 27
18678 126
18702 42
18743 37
18781 84
18796 25
18807 108
18810 67
18850 17
18878 100
18915 63
18924 12
18964 102
18977 110
19016 61
19017 107
19040 125
19084 13
19129 29
19130 68
19136 8
19179 60
19203 12
19204 63
19208 72
19215 118
19235 73
19240 31
19267 34
19271 30
19302 86
19322 108
19366 6
19381 105
19397 33
19420 20
19430 41
19458 120
19482 123
19501 51
19537 17
19563 99
19586 85
19609 85
19616 20
19624 53
19647 34
19663 60
19706 120
19742 18
19772 43
19791 15
19818 43
19858 6
19859 68
19871 82
19882 29
19915 3
19949 21
19980 72
20020 28
20032 39
20032 5
20075 73
20104 106
20116 120
20137 50
20173 28
20175 13
20195 89
20201 60
20228 2
20250 12
20289 107
20297 16
20316 81
20352 9
20354 72
20398 10
20402 63
20419 63
20448 59
20457 40
20468 68
20489 108
20534 113
20559 71
20572 45
20597 93
20607 65
20645 47
20681 5
20720 11
20756 104
20771 82
20804 45
20804 126
20817 74
20849 44
20873 108
20902 53
20930 16
20950 34
20977 4
20997 9
21013 64
21039 107
21053 46
21084 27
21106 67
21132 51
21133 9
21149 120
21171 6
21196 50
21205 83
21212 107
21220 30
21222 90
21265 19
21290 17
21327 77
21349 109
21364 81
21408 34
21437 123
21464 42
21503 55
21529 15
21529 11
21558 27
21571 104
21612 50
21641 113
21660 114
21694 98
21721 68
21736 60
21762 55
21804 62
21814 45
21851 51
21889 39
21909 79
21938 84
21983 33
21992 97
21994 99
22006 120
22042 105
22083 105
22086 73
22090 19
22103 49
22111 70
22116 83
22123 42
22142 40
22185 6
22215 127
22252 126
22261 106
22284 81
22310 49
22321 110
22358 63
22361 94
22378 106
22422 119
22459 25
22502 76
22521 116
22538 69
22558 4
22586 59
22598 6
22603 97
22642 110
22650 42
22655 60
22669 16
22681 50
22686 73
22703 27
22707 122
22715 9
22716 100
22734 21
22756 38
22771 113
22811 106
22853 75
22885 28
22928 64
22971 107
22975 78
23009 67
23024 32
23065 7
23071 71
23088 109
23129 67
23154 68
23161 82
23161 31
23172 120
23174 64
23184 79
23228 115
23269 46
23273 104
23300 31
23304 17
23325 32
23348 14
23354 78
23380 14
23415 121
23436 123
23441 100
23486 50
23498 122
23536 63
23562 119
23578 26
23584 40
23603 45
23614 99
23620 98
23652 84
23676 47
23718 91
23744 59
23775 35
23806 49
23818 15
23850 57
23891 114
23897 108
23906 31
23931 29
23943 108
23981 52
23984 28
23989 42
24006 36
24014 23
24037 41
24072 56
24089 115
24115 122
24158 58
24190 76
24218 11
24260 17
24299 107
24340 2
24340 119
24377 20
24395 40
24413 18
24432 24
24461 72
24482 68
24487 84
24525 124
24528 116
24554 55
24575 50
24612 43
24642 67
24656 11
24657 3
24685 42
24694 125
24710 33
24713 93
24724 64
24732 15
24760 4
24779 67
24787 119
24792 58
24793 33
24795 25
24819 106
24850 122
24891 60
24919 119
24931 93
24961 72
24981 62
24982 11
25022 37
25035 7
25052 103
25097 74
25115 46
25136 50
25170 116
25175 31
25189 89
25228 92
25267 109
25271 77
25273 106
25278 114
25322 14
25351 24
25361 91
25365 35
25405 26
25420 17
25440 123
25464 82
25489 29
25490 27
25513 74
25515 119
25553 15
25571 79
25576 122
25578 1
25620 28
25644 1
25662 106
25684 22
25724 123
25737 100
25782 17
25827 101
25846 104
25875 64
25888 83
25921 48
25933 107
25972 37
26017 68
26050 20
26053 101
26076 59
26116 41
26143 9
26143 94
26179 30
26183 49
26228 37
26234 109
26266 50
26284 100
26318 75
26331 55
26359 76
26394 82
26423 35
26425 86
26469 80
26513 77
26526 1
26571 101
26604 87
26647 69
26664 76
26665 25
26681 83
26691 127
26721 16
26735 76
26776 123
26808 106
26816 8
26831 115
26866 13
26909 31
26948 35
26985 13
27016 82
27026 93
27047 65
27070 6
27108 21
27112 60
27141 73
27181 10
27210 46
27219 22
27247 34
27280 47
27299 105
27326 79
27365 2
27394 99
27396 95
27413 2
27452 67
27465 71
27508 103
27510 30
27555 111
27582 49
27605 2
27641 76
27652 32
27665 86
27668 98
27697 126
27734 12
27754 39
27783 22
27819 22
27858 10
27888 126
27893 94
27908 25
27942 63
27971 29
27996 125
28008 116
28027 118
28031 52
28057 95
28075 69
28082 110
28115 111
28152 112
28188 99
28232 2
28268 99
28283 20
28317 107
28359 64
28404 107
28418 45
28419 28
28424 93
28461 62
28504 18
28530 20
28564 72
28609 127
28637 123
28672 56
28713 113
28741 69
28755 55
28795 6
28827 32
28868 3
28909 7
28920 88
28958 44
28977 117
28995 115
29026 127
29071 95
29089 85
29110 106
29119 65
29164 72
29193 74
29238 57
29270 91
29291 61
29299 16
29337 90
29363 82
29369 103
29373 119
29412 22
29416 103
29441 70
29450 34
29461 98
29461 8
29501 52
29524 45
29530 42
29536 74
29581 52
29584 24
29628 77
29672 99
29675 64
29706 8
29725 42
29734 14
29764 104
29791 36
29805 34
29816 2
29846 24
29887 81
29900 112
29931 73
29959 80
29959 117
29993 5
30034 103
30039 12
30040 8
30080 104
30082 110
30083 120
30086 123
30109 56
30131 56
30144 9
30159 56
30196 87
30241 54
30269 21
30285 54
30297 72
30313 17
30343 58
30348 49
30378 41
30389 82
30404 117
30416 57
30455 53
30491 86
30529 109
30539 127
30553 39
30593 49
30636 1
30638 55
30649 2
30678 47
30681 11
30695 99
30730 56
30758 50
30762 15
30791 34
30833 126
30867 3
30906 106
30924 2
30938 83
30953 58
30957 69
30974 108
31018 120
31022 51
31026 114
31062 30
31070 127
31081 72
31125 36
31125 64
31138 10
31159 43
31187 3
31199 27
31204 21
31233 68
31238 18
31248 59
31254 108
31276 34
31289 68
31303 12
31347 103
31370 19
31408 84
31428 25
31457 37
31463 51
31477 59
31494 27
31510 2
31510 55
31537 95
31576 115
31595 69
31597 11
31642 71
31675 96
31675 2
31713 53
31728 24
31762 37
31795 39
31840 114
31881 10
31882 88
31906 90
31923 66
31943 40
31958 25
31985 37
31989 52
32019 46
32025 31
32051 122
32052 89
32065 15
32084 24
32091 115
32128 61
32129 20
32152 98
32180 30
32196 19
32208 38
32222 29
32231 82
32256 94
32269 112
32295 44
32296 80
32327 70
32371 78
32375 45
32382 27
32420 79
32459 63
32497 92
32523 89
32562 126
32604 81
32620 63
32657 47
32686 32
32688 44
32709 6
32721 65
32722 20
32760 90
32763 59
32776 95
32796 78
32829 106
32862 121
32865 71
32902 1
32920 22
32924 93
32967 11
32990 13
33033 124
33065 115
33100 7
33123 112
33152 49
33189 106
33201 102
33201 33
33220 104
33263 28
33265 26
33275 60
33297 38
33330 104
33363 125
33396 76
33409 13
33424 14
33449 84
33478 39
33505 108
33543 89
33581 55
33617 80
33621 90
33637 30
33650 46
33670 28
33700 116
33725 97
33764 107
33798 11
33817 80
33859 100
33868 32
33909 89
33927 119
33947 51
33992 5
33999 30
33999 77
34016 48
34049 105
34072 58
34094 116
34121 123
34146 13
34153 108
34165 47
34180 25
34213 25
34234 13
34241 15
34286 54
34290 51
34326 19
34327 86
34352 118
34391 91
34402 60
34447 19
34459 119
34472 118
34508 30
34547 46
34551 79
34575 8
34592 67
34610 6
34653 75
34677 23
34700 86
34715 4
34746 53
34773 48
34811 13
34831 34
34876 65
34913 41
34918 27
34945 67
34961 47
34984 83
35021 111
35053 93
35056 49
35088 27
35096 73
35109 102
35145 16
35145 115
35171 113
35184 60
35195 19
35214 36
35241 43
35274 2
35319 4
35357 65
35401 48
35428 100
35429 39
35432 14
35432 97
35453 74
35470 54
35473 81
35503 16
35539 35
35568 69
35573 106
35590 77
35593 102
35627 27
35631 38
35657 9
35666 35
35679 65
35716 24
35719 24
35746 66
35791 66
35810 15
35810 94
35813 90
35856 86
35871 69
35878 3
35901 16
35903 26
35947 57
35984 122
35988 85
36005 38
36049 86
36070 50
36074 14
36084 22
36116 81
36142 102
36178 25
36196 86
36197 18
36235 17
36273 24
36298 41
36319 38
36344 25
36378 64
36384 112
36385 50
36385 76
36425 64
36444 94
36462 1
36507 100
36515 31
36540 4
36541 91
36567 104
36594 78
36594 9
36597 125
36637 43
36640 112
36662 85
36703 127
36725 121
36735 68
36746 98
36789 59
36834 104
36837 99
36856 32
36899 118
36925 108
36947 25
36986 20
37000 87
37009 67
37048 123
37082 76
37121 8
37140 39
37178 97
37216 85
37224 27
37249 75
37256 8
37267 21
37303 40
37345 5
37371 80
37381 55
37411 50
37425 20
37428 72
37469 86
37485 116
37514 109
37516 12
37543 44
37570 82
37588 3
37625 103
37654 14
37666 105
37687 34
37703 11
37732 109
37742 59
37751 54
37781 79
37809 26
37841 127
37878 64
37884 42
37893 113
37913 112
37941 97
37974 1
37978 58
38023 122
38029 20
38032 127
38054 55
38092 32
38102 115
38126 121
38146 103
38172 121
38173 15
38211 16
38240 120
38246 113
38271 61
38311 72
38330 91
38354 51
38395 6
38412 88
38420 108
38450 87
38477 72
38506 101
38519 4
38544 104
38573 67
38576 62
38594 34
38620 38
38636 104
38656 126
38673 53
38715 28
38729 106
38759 58
38770 91
38779 43
38803 84
38827 76
38869 48
38896 17
38904 21
38933 8
38958 37
38989 70
39030 30
39035 124
39046 16
39077 87
39085 76
39099 21
39117 102
39151 91
39179 66
39191 67
39206 9
39249 38
39277 87
39288 51
39297 34
39317 70
39341 101
39366 17
39399 33
39405 60
39450 13
39492 19
39536 95
39570 16
39585 9
39628 54
39664 54
39674 104
39682 37
39707 33
39725 57
39746 24
39757 39
39793 104
39821 7
39857 38
39888 107
39898 31
39914 23
39948 103
39973 5
39979 67
40024 116
40026 84
40040 97
40049 49
40080 9
40100 110
40142 79
40185 14
40220 21
40246 79
40280 47
40322 61
40325 108
40359 44
40376 126
40400 11
40443 94
40477 56
40521 55
40549 34
40578 90
40580 21
40611 62
40628 123
40657 109
40682 7
40686 80
40711 17
40736 10
40747 90
40759 44
40801 76
40829 124
40872 120
40898 88
40926 57
40967 103
40981 63
41025 48
41049 124
41088 11
41115 22
41152 106
41175 98
41202 100
41233 29
41265 100
41289 29
41311 67
41316 57
41331 78
41338 33
41352 10
41379 52
41417 15
41423 60
41455 69
41481 123
41508 76
41538 21
41574 24
41597 51
41613 102
41639 117
41682 49
41703 28
41716 8
41731 111
41733 10
41761 110
41792 100
41811 119
41837 18
41854 96
41863 30
41869 53
41906 87
41906 106
41918 96
41958 42
41997 2
42039 115
42072 101
42103 72
42119 54
42146 65
42153 31
42196 86
42216 81
42240 101
42249 57
42289 14
42314 6
42348 46
42374 125
42393 109
42402 90
42446 17
42449 15
42462 51
42469 104
42490 79
42513 87
42536 2
42541 118
42578 14
42591 45
42624 9
42644 87
42678 102
42707 51
42730 44
42755 3
42797 100
42814 54
42851 121
42853 119
42882 99
42906 50
42931 113
42963 74
42967 20
42977 35
43011 112
43056 64
43093 53
43132 29
43136 66
43158 92
43197 123
43209 105
43245 104
43245 119
43252 104
43266 9
43278 73
43294 46
43302 107
43323 101
43332 125
43345 96
43375 72
43405 118
43418 71
43445 12
43472 23
43506 120
43520 45
43529 126
43533 71
43541 27
43571 119
43600 25
43602 26
43630 21
43656 81
43695 77
43700 5
43744 116
43780 93
43807 45
43812 16
43847 7
43864 51
43908 33
43937 91
43949 111
43952 24
43994 114
44007 44
44043 73
44076 66
44094 36
44099 38
44112 83
44119 4
44130 53
44150 66
44187 76
44206 127
44244 119
44248 108
44285 88
44311 94
44339 22
44372 64
44399 127
44428 85
44432 42
44443 46
44458 1
44473 63
44488 103
44497 58
44497 105
44510 42
44526 12
44542 38
44561 9
44576 54
44620 52
44643 65
44684 83
44691 112
44709 39
44714 25
44748 23
44754 57
44764 21
44797 30
44807 125
44817 16
44846 99
44884 123
44895 115
44909 60
44910 93
44930 81
44953 5
44955 26
45000 68
45006 4
45015 33
45023 93
45057 80
45081 38
45082 40
45092 17
45092 127
45122 80
45142 43
45143 28
45149 13
45163 75
45184 87
45194 119
45222 61
45263 51
45305 7
45309 104
45330 120
45344 96
45386 95
45391 30
45422 4
45437 111
45475 106
45503 93
45516 112
45552 57
45558 41
45597 71
45623 18
45665 81
45682 100
45694 10
45735 53
45773 46
45804 126
45829 18
45870 97
45900 117
45911 117
45919 102
45928 92
45943 123
45946 91
45987 55
46023 97
46059 9
46065 119
46093 26
46103 52
46106 12
46146 21
46186 84
46189 32
46200 124
46222 59
46224 74
46269 42
46294 54
46329 85
46333 1
46357 91
46363 61
46385 26
46385 65
46388 25
46388 49
46429 87
46440 4
46451 3
46468 65
46472 113
46476 66
46519 49
46546 10
46547 55
46576 88
46601 26
46618 54
46627 10
46660 22
46688 90
46724 102
46728 80
46760 107
46805 31
46840 96
46859 43
46865 18
46909 56
46941 112
46958 8
46997 88
47003 56
47034 95
47043 37
47076 110
47115 14
47156 5
47164 2
47185 12
47201 110
47214 105
47238 53
47246 16
47262 84
47264 18
47278 64
47286 76
47302 97
47318 3
47356 105
47378 112
47406 2
47445 96
47488 86
47489 2
47511 29
47511 4
47516 88
47534 17
47548 36
47578 54
47580 55
47596 92
47598 69
47610 103
47654 16
47699 119
47737 90
47772 99
47803 15
47811 93
47843 99
47852 110
47879 21
47908 108
47940 89
47977 3
47998 33
48019 101
48043 117
48069 72
48077 75
48101 48
48116 2
48160 9
48166 21
48168 68
48213 11
48240 99
48280 29
48309 121
48347 91
48354 10
48369 14
48394 102
48401 42
48403 102
48404 73
48409 95
48433 100
48442 71
48442 18
48458 125
48475 49
48509 101
48518 121
48558 3
48569 125
48592 11
48633 42
48662 38
48698 64
48740 126
48767 106
48784 79
48806 63
48819 79
48831 24
48869 28
48882 2
48912 76
48933 21
48978 112
49005 21
49021 120
49052 78
49093 59
49127 105
49146 7
49173 88
49213 93
49231 56
49233 109
49259 6
49301 123
49310 35
49325 41
49361 82
49369 63
49380 73
49385 110
49396 62
49433 79
49457 82
49491 117
49536 113
49580 119
49591 92
49618 51
49658 98
49695 126
49708 119
49752 47
49770 105
49802 17
49819 125
49843 12
49884 26
49912 126
49935 71
49975 28
49977 11
50015 88
50055 114
50096 14
50128 15
50139 22
50143 64
50160 69
50204 27
50235 87
50262 124
50305 11
50310 100
50346 83
50359 18
50382 16
50414 89
50426 111
50447 124
50487 93
50513 12
50537 14
50568 102
50592 98
50602 105
50621 70
50641 19
50649 38
50665 75
50688 21
50703 42
50737 125
50763 53
50787 47
50800 7
50833 15
50870 81
50882 11
50912 70
50950 37
50970 24
50976 20
50976 18
50994 52
50997 105
51033 82
51061 65
51061 10
51076 127
51112 110
51137 27
51182 65
51191 82
51213 103
51238 126
51278 92
51292 77
51326 127
51346 48
51365 125
51403 58
51404 51
51426 3
51469 66
51497 46
51506 61
51531 92
51575 11
51597 69
51632 67
51652 15
51687 113
51691 23
51701 28
51711 79
51748 10
51776 91
51782 17
51822 77
51850 114
51894 103
51902 104
51904 45
51935 103
51971 73
51985 91
51992 6
51994 25
52028 104
52069 52
52112 30
52113 112
52123 43
52151 85
52167 7
52197 38
52216 79
52222 83
52230 37
52265 38
52300 124
52311 32
52353 82
52374 69
52374 11
52377 84
52393 61
52397 18
52425 55
52438 123
52449 87
52449 26
52475 115
52518 109
52553 116
52569 120
52578 16
52594 20
52594 82
52605 89
52636 79
52662 35
52669 3
52684 10
52729 80
52768 32
52779 84
52783 39
52828 98
52862 18
52892 46
52915 39
52940 6
52941 4
52974 64
52983 20
52998 53
53034 77
53035 13
53046 112
53070 81
53101 7
53111 59
53137 75
53151 116
53157 24
53187 75
53220 104
53235 116
53274 92
53284 37
53315 87
53337 2
53352 41
53353 84
53367 70
53402 31
53403 7
53430 26
53459 10
53484 3
53513 77
53556 121
53574 19
53577 41
53616 83
53618 25
53641 66
53644 24
53652 125
53688 86
53731 86
53767 14
53812 70
53826 106
53871 28
53879 123
53882 72
53912 67
53923 61
53938 92
53970 92
54014 116
54036 54
54063 73
54072 50
54115 16
54143 25
54168 24
54174 24
54210 18
54254 88
54290 19
54302 49
54326 35
54355 77
54398 85
54416 96
54455 75
54495 33
54537 50
54574 42
54587 98
54589 12
54599 100
54617 74
54648 77
54692 52
54705 121
54715 21
54751 10
54753 8
54795 111
54840 53
54870 104
54881 34
54902 41
54938 119
54940 119
54942 80
54968 117
54971 20
55015 92
55045 108
55090 65
55100 118
55145 28
55154 118
55176 62
55177 90
55190 36
55235 40
55271 59
55273 61
55290 64
55326 74
55339 98
55350 56
55370 37
55385 21
55401 123
55412 114
55446 20
55491 59
55492 57
55496 114
55519 47
55531 51
55555 56
55571 107
55607 64
55630 110
55655 82
55688 66
55699 92
55723 23
55757 101
55774 80
55812 69
55823 93
55868 116
55881 4
55902 106
55908 30
55935 81
55951 35
55978 72
56016 127
56060 92
56099 16
56129 106
56152 99
56154 74
56184 112
56211 89
56222 47
56238 121
56270 14
56283 87
56292 50
56304 74
56340 8
56356 5
56388 45
56403 3
56436 26
56480 42
56507 122
56547 113
56553 42
56591 109
56623 52
56628 122
56663 66
56702 11
56729 14
56771 20
56795 30
56807 29
56818 116
56818 75
56830 109
56844 42
56867 48
56877 60
56880 30
56918 56
56935 103
56951 7
56966 54
56988 69
57008 86
57051 44
57091 42
57103 79
57111 84
57137 97
57167 27
57170 89
57178 54
57208 116
57234 38
57259 106
57277 81
57301 44
57307 3
57351 3
57389 122
57422 1
57455 26
57482 29
57494 21
57518 25
57543 68
57544 122
57570 66
57574 53
57597 54
57634 16
57674 57
57684 40
57693 26
57731 8
57734 24
57747 44
57759 112
57773 7
57802 25
57814 63
57826 91
57867 117
57896 87
57924 107
57931 69
57942 91
57982 61
57995 20
57999 105
58012 93
58035 48
58069 110
58070 28
58112 2
58152 69
58178 2
58211 107
58236 51
58275 105
58282 3
58312 68
58331 25
58367 74
58396 63
58419 25
58434 45
58442 14
58458 120
58468 10
58474 8
58498 45
58521 123
58561 89
58578 84
58614 126
58655 86
58673 2
58677 120
58710 123
58751 46
58752 111
58761 122
58803 6
58837 123
58868 125
58904 66
58911 7
58926 82
58946 36
58963 19
58967 34
58989 5
59026 57
59059 31
59071 8
59102 62
59112 104
59142 67
59158 121
59203 58
59211 19
59250 7
59282 117
59290 25
59309 42
59352 101
59363 83
59369 18
59396 99
59430 67
59453 122
59485 78
59517 59
59546 114
59580 29
59621 2
59661 78
59671 35
59697 20
59709 70
59722 2
59736 56
59746 26
59763 66
59786 114
59808 55
59853 122
59874 97
59899 108
59934 4
59958 95
59989 85
60024 124
60024 54
60046 41
60047 66
60051 76
60061 72
60086 12
60098 93
60118 11
60138 105
60141 124
60171 99
60182 82
60189 14
60232 73
60239 108
60242 72
60274 66
60292 26
60300 49
60313 114
60337 10
60369 59
60386 60
60412 102
60417 12
60431 42
60431 30
60432 83
60474 11
60496 10
60510 121
60521 75
60527 50
60535 120
60572 103
60582 33
60595 103
60623 122
60623 23
60638 111
60654 84
60686 29
60722 70
60736 80
60772 118
60790 54
60796 107
60801 10
60834 111
60862 94
60865 43
60906 29
60925 2
60935 57
60976 27
60995 60
60997 45
61005 65
61013 72
61055 103
61061 74
61068 123
61085 6
61103 127
61113 3
61130 72
61169 69
61214 16
61239 25
61272 41
61306 9
61310 68
61348 8
61389 14
61407 10
61434 8
61473 77
61479 81
61497 13
61509 95
61531 102
61544 66
61580 113
61580 3
61607 27
61639 123
61683 61
61708 83
61740 53
61773 11
61785 7
61806 46
61813 91
61841 53
61852 122
61895 124
61905 27
61945 73
61980 10
61981 63
62025 85
62042 68
62081 114
62086 70
62099 106
62120 22
62122 95
62140 114
62165 122
62182 112
62206 119
62243 98
62255 33
62274 64
62290 14
62302 73
62320 73
62336 78
62365 18
62407 119
62423 18
62428 80
62465 30
62496 72
62497 3
62517 97
62542 113
62558 48
62579 90
62608 19
62612 86
62655 62
62676 53
62694 48
62720 84
62743 43
62768 123
62780 124
62819 63
62863 45
62899 105
62941 66
62959 53
62988 3
62992 103
63035 49
63080 110
63116 93
63160 31
63194 100
63194 60
63221 100
63266 90
63299 110
63323 43
63368 119
63410 58
63412 81
63453 123
63476 50
63476 34
63478 15
63499 53
63536 112
63545 41
63576 27
63598 23
63633 88
63677 122
63720 112
63750 110
63763 94
63772 43
63810 106
63855 52
63865 7
63879 97
63889 76
63918 103
63949 92
63985 118
64005 74
64020 61
64045 92
64085 109
64086 94
64098 22
64124 127
64154 48
64196 9
64212 61
64248 95
64267 58
64310 59
64343 108
64362 6
64400 32
64411 123
64424 65
64465 102
64465 98
64484 103
64506 37
64549 94
64576 20
64613 110
64616 30
64649 103
64667 3
64695 4
64703 85
64742 121
64750 2
64759 120
64777 34
64780 95
64781 75
64795 34
64827 69
64865 92
64876 96
64894 51
64905 29
64946 81
64981 87
65003 55
65046 93
65060 93
65072 1
65086 23
65086 34
65108 69
65147 109
65149 27
65173 124
65188 93
65190 102
65212 114
65231 119
65272 25
65283 5
65285 121
65297 29
65336 25
65366 12
65379 99
65417 70
65423 31
65457 77
65457 50
65487 13
65517 84
65523 49
65535 98
65550 113
65561 58
65598 51
65611 27
65656 19
65663 52
65707 18
65742 19
65744 125
65789 94
65817 6
65822 72
65842 28
65847 71
65857 96
65879 125
65907 95
65937 119
65968 10
66003 89
66028 77
66036 44
66059 114
66071 19
66086 107
66108 37
66144 117
66157 56
66181 86
66198 104
66236 56
66269 68
66309 90
66333 45
66343 96
66364 116
66368 109
66374 97
66382 75
66406 14
66409 82
66444 21
66463 104
66468 94
66477 58
66486 80
66493 101
66519 82
66550 39
66569 18
66596 3
66626 93
66664 31
66703 67
66710 113
66751 1
66767 14
66767 125
66804 24
66810 68
66813 26
66838 104
66867 48
66872 27
66885 37
66907 127
66936 15
66958 10
66973 44
66981 120
66987 51
67002 109
67019 117
67049 103
67079 120
67110 32
67112 58
67124 72
67133 47
67176 26
67199 34
67208 114
67233 42
67259 10
67292 8
67337 118
67339 32
67379 76
67402 115
67437 50
67463 37
67477 112
67514 19
67551 50
67579 56
67590 58
67623 88
67659 38
67679 64
67685 100
67725 119
67757 53
67794 100
67828 52
67842 69
67873 26
67913 107
67956 56
67978 56
67997 89
68021 71
68046 82
68054 50
68085 35
68126 44
68149 67
68192 91
68226 87
68240 20
68285 25
68326 107
68349 126
68394 113
68400 1
68420 51
68446 122
68476 89
68476 38
68500 19
68542 1
68550 123
68586 58
68624 101
68625 103
68665 44
68688 79
68692 122
68735 73
68758 36
68776 12
68806 17
68826 36
68853 101
68894 117
68923 55
68947 103
68961 113
68984 35
68985 88
68994 127
68995 35
69039 82
69059 125
69094 79
69136 121
69151 14
69167 72
69179 98
69187 71
69197 20
69233 121
69245 74
69275 81
69301 69
69335 45
69358 16
69402 65
69412 70
69413 35
69446 100
69461 89
69484 70
69510 1
69536 15
69550 78
69592 100
69613 98
69637 17
69665 77
69704 87
69713 42
69734 13
69738 94
69781 117
69789 38
69811 3
69843 9
69882 64
69891 99
69893 99
69894 106
69928 106
69959 52
69993 82
70030 49
70048 44
70065 27
70096 48
70128 59
70138 43
70172 125
70180 118
70186 106
70227 4
70236 49
70238 124
70270 40
70293 7
70320 69
70350 110
70359 107
70390 32
70430 117
70430 106
70465 84
70510 69
70527 113
70530 64
70536 38
70557 84
70597 52
70639 93
70644 14
70661 96
70681 83
70697 116
70740 15
70785 117
70815 47
70845 98
70865 115
70909 40
70928 17
70952 28
70972 34
70985 127
70985 56
70998 124
71026 100
71030 59
71041 56
71076 37
71109 72
71131 51
71164 18
71197 4
71229 6
71243 63
71288 51
71311 95
71324 41
71342 116
71379 71
71381 105
71407 105
71433 101
71473 95
71500 96
71519 99
71543 116
71586 29
71630 53
71635 93
71645 24
71678 121
71682 44
71686 101
71711 64
71714 82
71731 29
71755 55
71787 10
71821 82
71861 95
71881 68
71897 14
71907 119
71914 38
71926 64
71940 54
71942 69
71980 67
71982 11
71989 60
72009 92
72051 112
72091 110
72105 77
72142 24
72187 116
72215 34
72242 46
72245 126
72251 65
72283 111
72288 114
72305 125
72308 73
72320 3
72334 70
72349 64
72364 103
72391 79
72405 119
72410 79
72436 97
72446 37
72453 7
72479 70
72492 114
72515 17
72535 63
72562 48
72595 18
72602 60
72637 91
72665 61
72701 27
72743 43
72744 46
72788 1
72806 33
72828 49
72847 41
72872 61
72894 19
72906 1
72922 127
72947 71
72950 123
72990 104
73002 33
73039 8
73077 117
73113 88
73143 62
73173 126
73196 61
73228 6
73252 23
73281 124
73304 92
73307 113
73341 85
73350 96
73383 65
73428 76
73456 121
73467 16
73509 83
73521 57
73529 44
73533 98
73568 46
73611 122
73620 10
73625 69
73667 45
73697 15
73715 43
73717 40
73722 89
73737 108
73763 43
73805 91
73837 79
73864 68
73880 49
73922 78
73958 38
73971 92
74011 73
74016 119
74044 41
74069 113
74107 88
74119 57
74130 64
74157 44
74197 6
74200 23
74203 41
74230 18
74248 57
74258 38
74262 34
74269 101
74277 83
74313 120
74317 115
74329 115
74370 60
74413 46
74419 4
74460 22
74490 26
74522 69
74528 90
74561 65
74575 113
74591 24
74621 116
74624 4
74624 46
74634 107
74651 91
74693 98
74695 17
74714 8
74726 124
74728 122
74742 53
74767 22
74797 102
74835 91
74876 81
74900 46
74909 32
74919 105
74959 71
74976 84
74988 51
75007 69
75017 72
75031 82
75034 87
75058 84
75080 80
75102 54
75119 5
75132 5
75164 55
75203 35
75220 77
75241 65
75262 54
75287 36
75287 74
75321 82
75349 57
75376 94
75390 125
75391 60
75421 122
75463 18
75490 110
75495 6
75519 100
75548 13
75580 50
75624 118
75630 9
75665 4
75683 6
75699 68
75727 65
75735 92
75772 126
75812 51
75836 93
75871 6
75907 8
75929 75
75965 43
76007 36
76025 21
76049 48
76081 44
76108 95
76123 99
76139 74
76154 26
76157 22
76186 19
76190 44
76191 57
76199 63
76224 75
76255 98
76267 122
76289 49
76326 38
76340 112
76351 73
76362 102
76382 107
76415 45
76421 3
76429 85
76453 7
76474 53
76510 65
76547 31
76565 126
76574 19
76605 22
76650 16
76654 56
76699 81
76706 21
76739 31
76770 95
76799 105
76800 127
76824 73
76832 80
76875 91
76902 99
76914 36
76955 16
77000 58
77026 27
77070 113
77105 118
77139 88
77158 71
77187 17
77209 44
77224 40
77245 61
77254 80
77269 121
77289 5
77310 13
77320 119
77343 83
77387 32
77430 64
77467 35
77468 46
77468 8
77510 125
77530 119
77542 15
77572 22
77610 60
77638 28
77677 62
77706 29
77706 80
77711 22
77713 124
77747 22
77774 5
77784 15
77800 19
77836 32
77837 64
77841 15
77858 67
77861 51
77862 46
77904 44
77911 117
77940 64
77955 127
77986 39
78008 69
78040 61
78053 56
78090 82
78126 24
78170 48
78209 43
78232 74
78248 121
78269 110
78312 68
78341 98
78345 89
78377 45
78412 38
78420 113
78426 41
78471 54
78472 118
78496 16
78540 47
78569 73
78607 71
78626 68
78665 12
78694 70
78718 19
78723 55
78737 80
78747 51
78761 66
78763 7
78801 74
78827 64
78845 20
78850 47
78861 49
78891 106
78936 57
78956 79
78976 42
78989 35
79007 59
79036 114
79065 71
79108 101
79131 60
79158 116
79196 97
79214 76
79255 10
79281 32
79325 50
79370 90
79383 81
79395 26
79418 125
79458 43
79485 30
79506 82
79545 39
79577 4
79590 11
79627 42
79630 52
79643 67
79681 39
79695 88
79707 81
79726 95
79762 25
79772 23
79806 84
79837 117
79846 105
79873 16
79885 107
79891 44
79918 5
79921 10
79936 81
79966 126
79970 97
80007 49
80009 23
80039 94
80060 100
80102 126
80134 81
80164 64
80186 47
80187 46
80190 107
80213 30
80229 70
80252 25
80272 85
80315 51
80359 123
80368 116
80369 119
80405 2
80444 33
80484 53
80520 43
80523 92
80542 56
80549 94
80585 99
80616 117
80644 11
80671 44
80713 31
80733 71
80741 8
80768 83
80808 27
80827 114
80853 45
80855 117
80897 103
80904 123
80908 32
80933 17
80973 37
80978 98
81003 53
81028 23
81056 116
81087 10
81114 119
81143 45
81179 98
81212 81
81241 59
81265 64
81265 119
81283 45
81288 118
81320 9
81325 70
81342 79
81364 65
81373 16
81373 85
81413 55
81425 47
81464 11
81472 65
81501 56
81536 111
81571 65
81585 54
81620 79
81625 7
81651 98
81692 97
81700 89
81720 38
81750 12
81784 71
81810 46
81811 39
81850 3
81895 75
81934 23
81950 127
81973 88
81977 112
81978 70
81991 29
82000 78
82044 33
82081 82
82091 101
82117 24
82120 122
82157 8
82176 119
82185 114
82199 26
82241 91
82256 69
82294 105
82315 88
82357 83
82386 27
82426 111
82428 75
82464 119
82495 20
82534 87
82551 72
82555 8
82562 19
82585 79
82617 79
82652 26
82685 115
82723 79
82726 75
82763 6
82777 115
82785 86
82819 32
82847 30
82866 40
82893 43
82917 90
82955 62
82996 65
83023 19
83058 23
83095 14
83111 36
83116 36
83143 17
83169 117
83176 68
83209 26
83212 107
83218 105
83241 73
83247 3
83256 125
83257 31
83291 5
83315 67
83336 45
83365 3
83386 21
83423 54
83464 58
83479 50
83516 55
83536 71
83577 29
83598 22
83626 39
83669 85
83701 36
83701 82
83720 110
83730 72
83771 115
83804 18
83817 67
83820 47
83833 14
83842 12
83876 61
83889 18
83923 41
83949 106
83991 41
84005 49
84032 19
84067 38
84106 63
84125 55
84130 77
84136 112
84163 43
84176 101
84198 76
84237 69
84247 115
84291 27
84297 64
84321 115
84330 83
84341 88
84370 91
84414 74
84441 50
84444 79
84468 126
84491 74
84506 6
84525 34
84555 28
84576 8
84609 114
84630 114
84675 75
84691 63
84735 41
84745 83
84747 44
84771 85
84780 121
84792 51
84832 109
84849 100
84873 75
84886 127
84917 119
84917 98
84931 30
84966 38
85004 29
85018 58
85027 105
85054 64
85060 75
85100 83
85111 79
85142 36
85153 126
85156 6
85189 78
85214 42
85257 5
85286 7
85309 27
85315 6
85336 75
85367 74
85369 24
85408 37
85422 124
85454 54
85458 93
85494 106
85537 6
85550 105
85566 30
85584 31
85600 18
85607 38
85612 44
85644 114
85663 50
85677 99
85704 59
85730 110
85766 110
85801 7
85812 92
85841 118
85851 4
85855 64
85885 23
85919 115
85928 1
85947 109
85953 104
85992 107
86008 48
86049 12
86065 76
86069 68
86079 52
86083 44
86086 14
86126 12
86169 51
86183 95
86223 103
86226 111
86247 64
86253 19
86290 127
86299 63
86333 41
86342 33
86369 61
86396 56
86431 41
86433 83
86434 57
86477 29
86506 62
86509 111
86525 34
86526 88
86534 76
86548 34
86575 76
86590 76
86598 87
86614 14
86626 55
86663 64
86682 14
86690 33
86699 82
86700 68
86726 119
86731 25
86776 78
86776 126
86790 10
86822 116
86854 19
86861 107
86869 87
86873 18
86916 71
86940 84
86948 97
86985 84
87011 22
87015 119
87037 105
87049 54
87061 2
87076 122
87079 121
87094 32
87111 53
87124 13
87136 119
87166 14
87206 19
87245 50
87279 21
87282 27
87325 111
87347 54
87370 46
87397 110
87428 117
87436 39
87437 27
87447 46
87458 104
87497 111
87501 78
87502 33
87519 46
87545 40
87584 86
87595 51
87625 102
87626 6
87633 11
87669 57
87686 20
87719 43
87728 16
87742 4
87751 4
87752 120
87755 45
87770 74
87776 40
87785 44
87799 91
87841 117
87870 102
87885 103
87896 74
87912 31
87927 59
87945 79
87979 6
87984 60
88001 30
88040 53
88051 15
88061 53
88069 123
88099 5
88109 62
88110 43
88127 44
88158 42
88163 89
88171 43
88177 57
88194 33
88207 101
88233 89
88245 11
88264 127
88276 52
88280 53
88297 69
88340 13
88351 62
88380 96
88404 55
88433 38
88469 55
88489 89
88517 48
88548 45
88554 117
88576 102
88589 112
88591 68
88608 9
88618 90
88649 3
88652 30
88693 36
88707 40
88751 44
88774 59
88798 34
88799 87
88814 106
88814 117
88823 57
88841 15
88877 52
88921 100
88961 96
89002 59
89047 13
89089 62
89121 21
89134 41
89153 60
89164 122
89207 79
89245 75
89247 118
89277 83
89283 88
89300 98
89310 69
89321 85
89354 84
89363 56
89365 35
89385 64
89429 120
89467 114
89494 59
89539 102
89577 127
89581 50
89600 3
89621 68
89631 14
89648 48
89688 106
89726 79
89764 96
89808 15
89832 23
89851 38
89895 103
89936 35
89978 98
89979 60
90005 1
90047 24
90089 77
90114 31
90140 84
90177 89
90203 50
90228 28
90228 21
90264 28
90266 82
90297 36
90308 121
90338 88
90338 18
90356 32
90390 77
90431 43
90444 68
90484 47
90489 35
90502 23
90525 64
90550 50
90564 29
90588 108
90611 16
90612 65
90630 55
90645 19
90684 7
90692 67
90697 69
90741 77
90757 77
90763 117
90798 17
90813 52
90837 23
90881 14
90925 87
90926 99
90932 94
90965 53
90966 42
91005 33
91018 11
91047 39
91057 16
91090 95
91113 35
91141 103
91163 15
91178 78
91207 81
91243 81
91249 7
91286 58
91312 107
91344 45
91352 24
91362 11
91370 17
91395 26
91427 9
91442 8
91446 118
91470 63
91480 122
91503 35
91520 24
91529 83
91567 109
91567 43
91598 19
91615 127
91630 71
91638 102
91656 124
91688 94
91692 27
91731 118
91756 80
91780 113
91791 19
91811 5
91842 116
91868 1
91890 7
91931 99
91966 21
92003 85
92030 31
92049 50
92074 5
92109 69
92148 81
92160 74
92186 112
92189 113
92193 124
92205 50
92234 18
92269 58
92295 46
92319 126
92362 80
92382 120
92383 114
92423 25
92466 112
92480 55
92482 26
92509 52
92546 1
92591 99
92625 38
92631 104
92669 62
92710 105
92719 64
92757 36
92779 117
92804 97
92824 92
92847 82
92861 6
92868 52
92876 90
92876 28
92892 30
92901 42
92933 22
92966 3
93011 83
93017 67
93047 120
93069 70
93086 71
93104 59
93120 87
93151 50
93182 101
93190 88
93222 84
93262 126
93293 120
93326 67
93366 123
93393 114
93405 92
93427 27
93446 6
93448 44
93489 82
93505 84
93516 59
93521 33
93547 84
93580 83
93619 50
93637 117
93645 114
93668 60
93688 74
93697 113
93735 125
93737 93
93745 95
93768 99
93782 40
93794 107
93825 109
93869 42
93892 56
93926 68
93965 127
94009 82
94052 80
94057 95
94057 78
94061 117
94065 103
94073 61
94082 4
94122 4
94149 60
94179 39
94190 52
94195 21
94218 110
94236 84
94266 52
94297 91
94304 76
94324 87
94349 38
94362 24
94407 27
94423 5
94452 53
94460 117
94460 46
94505 124
94524 49
94527 89
94558 79
94591 1
94628 54
94657 68
94675 113
94697 22
94739 16
94774 72
94790 59
94792 98
94818 79
94846 26
94886 113
94890 76
94927 15
94941 97
94947 117
94962 70
94978 89
94999 68
95027 9
95057 104
95095 51
95104 7
95117 53
95129 31
95131 22
95172 42
95180 100
95225 8
95243 118
95266 94
95290 109
95290 109
95314 33
95337 25
95381 16
95412 38
95413 54
95441 89
95443 109
95485 28
95521 10
95551 56
95557 89
95567 52
95597 118
95628 70
95634 104
95636 105
95647 20
95687 32
95706 56
95744 95
95757 108
95799 84
95805 63
95839 122
95875 52
95890 111
95902 63
95947 47
95974 114
96006 107
96013 117
96045 71
96080 9
96123 21
96138 99
96143 119
96171 91
96215 87
96229 36
96266 51
96294 1
96329 50
96357 64
96391 17
96418 107
96419 97
96454 105
96486 33
96522 31
96544 104
96585 44
96586 22
96595 46
96630 84
96645 66
96670 26
96706 49
96709 69
96709 76
96749 77
96764 19
96798 66
96831 81
96859 13
96895 2
96903 68
96939 74
96971 11
96977 24
96999 92
97013 66
97037 80
97056 43
97091 23
97119 119
97156 38
97160 60
97171 70
97179 23
97181 119
97217 101
97223 21
97230 82
97232 2
97277 72
97313 45
97332 70
97375 105
97410 107
97424 93
97428 98
97455 82
97484 58
97529 121
97529 11
97545 111
97568 83
97597 41
97608 4
97635 35
97638 126
97667 8
97667 64
97712 70
97754 89
97786 4
97808 33
97816 20
97832 123
97877 39
97879 80
97912 11
97941 67
97949 38
97981 27
97992 44
98014 97
98040 121
98082 120
98094 101
98131 105
98176 15
98220 64
98259 35
98293 110
98328 3
98371 51
98414 62
98430 90
98441 8
98459 51
98497 63
98513 40
98531 11
98565 123
98578 40
98606 80
98630 99
98640 29
98648 43
98680 20
98717 61
98750 113
98766 104
98784 3
98811 15
98821 113
98866 77
98908 123
98950 88
98991 23
99025 73
99057 39
99069 112
99073 30
99088 82
99096 14
99133 88
99154 38
99170 100
99201 85
99214 67
99218 52
99240 55
99280 32
99321 107
99335 85
99352 2
99363 77
99394 46
99394 99
99426 61
99440 13
99446 92
99480 41
99501 20
99517 29
99529 73
99573 22
99614 100
99616 110
99659 46
99700 22
99711 69
99716 125
99731 19
99759 15
99764 31
99781 1
99798 13
99833 89
99843 112
99874 78
99879 73
99893 34
99938 76
99975 97
100016 20
100049 81
100081 20
100089 49
100093 21
100121 30
100149 7
100161 48
100185 7
100223 51
100266 115
100293 18
100306 96
100315 6
100354 64
100391 78
100433 54
100462 14
100475 41
100487 79
100508 122
100534 4
100551 116
100579 34
100584 19
100602 18
100640 59
100684 81
100727 79
100749 41
100776 64
100816 70
100833 107
100856 115
100877 115
100887 23
100910 104
100915 66
100920 75
100920 105
100945 13
100955 59
100972 68
101014 78
101027 86
101053 121
101079 11
101099 111
101126 22
101136 91
101139 33
101144 55
101150 25
101175 120
101211 24
101256 53
101270 37
101308 60
101350 38
101379 118
101381 21
101408 117
101432 79
101463 4
101495 13
101540 106
101574 80
101619 103
101623 81
101655 90
101663 89
101705 100
101735 90
101752 7
101775 126
101786 105
101801 55
101813 29
101853 108
101897 126
101932 35
101970 20
102000 101
102033 113
102067 48
102110 17
102130 53
102171 66
102214 39
102214 66
102255 102
102277 15
102297 25
102301 16
102327 95
102353 59
102396 83
102440 124
102484 21
102514 105
102536 101
102559 18
102573 68
102575 60
102595 65
102608 99
102634 76
102666 48
102700 33
102721 70
102734 124
102747 56
102782 78
102796 51
102806 92
102835 39
102849 37
102858 106
102885 73
102915 111
102930 2
102965 41
102997 4
103011 29
103040 97
103060 99
103094 127
103095 67
103135 17
103135 59
103139 14
103157 126
103184 43
103191 96
103193 56
103196 94
103237 121
103244 62
103265 7
103296 71
103327 39
103365 18
103396 6
103396 36
103417 116
103462 108
103502 93
103535 95
103556 24
103568 27
103595 5
103637 96
103644 18
103661 19
103674 62
103676 13
103719 66
103720 21
103758 115
103765 92
103795 22
103795 101
103838 61
103850 12
103879 43
103898 74
103940 57
103983 17
104001 119
104019 38
104060 12
104082 44
104096 119
104110 109
104116 90
104148 91
104156 122
104175 97
104214 83
104226 51
104255 74
104273 114
104305 113
104327 82
104339 4
104382 85
104403 121
104414 46
104446 37
104476 98
104476 91
104513 103
104519 95
104526 110
104543 112
104553 59
104557 60
104585 119
104588 36
104622 83
104646 80
104676 84
104713 91
104738 112
104766 71
104777 17
104785 23
104814 36
104844 62
104849 28
104857 114
104870 94
104913 73
104919 15
104920 110
104925 12
104939 20
104951 101
104976 74
104992 4
105031 20
105035 34
105038 49
105066 27
105066 57
105094 47
105131 121
105152 121
105158 84
105161 80
105179 73
105212 119
105220 3
105248 69
105263 70
105271 56
105299 72
105305 74
105326 24
105356 87
105387 124
105423 14
105426 123
105459 75
105477 60
105504 35
105522 110
105530 78
105564 51
105575 15
105616 71
105619 17
105627 96
105632 32
105669 89
105674 94
105715 100
105752 71
105758 89
105760 33
105778 51
105796 70
105809 102
105827 116
105837 126
105855 41
105857 50
105894 93
105908 71
105918 115
105947 24
105963 95
106004 60
106025 37
106036 66
106040 55
106059 8
106070 118
106087 61
106113 82
106150 45
106181 48
106187 29
106220 56
106264 106
106278 116
106298 66
106299 58
106303 43
106314 55
106346 120
106387 126
106411 52
106447 109
106448 83
106487 23
106530 110
106550 112
106593 53
106600 4
106613 35
106629 90
106670 48
106694 55
106731 15
106734 84
106779 18
106792 92
106834 79
106851 77
106878 95
106920 57
106955 20
106977 53
107015 73
107016 30
107040 100
107080 22
107096 101
107128 118
107167 3
107212 97
107227 101
107239 8
107277 7
107281 8
107308 123
107348 54
107356 27
107366 116
107410 79
107434 73
107478 54
107508 36
107551 11
107566 80
107584 40
107600 32
107608 45
107651 102
107685 96
107721 64
107755 105
107793 35
107804 65
107815 43
107838 82
107855 107
107861 8
107893 36
107910 95
107916 89
107927 53
107970 33
107999 84
108039 88
108058 109
108098 121
108122 14
108129 109
108146 77
108146 83
108158 52
108159 29
108190 114
108219 67
108253 80
108274 37
108319 116
108358 27
108391 48
108417 43
108439 69
108450 39
108450 72
108478 120
108498 11
108533 32
108562 120
108572 70
108585 92
108604 88
108612 7
108614 90
108644 4
108671 80
108701 23
108714 96
108749 12
108766 19
108782 86
108787 94
108802 50
108808 44
108842 55
108855 65
108870 105
108878 89
108899 51
108916 35
108959 64
108998 120
109010 16
109025 48
109054 65
109083 43
109107 12
109127 24
109146 68
109184 103
109206 66
109213 12
109245 12
109258 103
109277 127
109303 6
109319 57
109334 47
109334 23
109373 96
109395 22
109429 12
109471 39
109503 85
109518 60
109546 87
109583 88
109603 115
109633 43
109650 20
109668 58
109670 29
109700 103
109700 3
109710 118
109737 70
109778 80
109806 99
109829 53
109854 29
109896 22
109937 108
109957 3
109970 70
110001 111
110018 16
110024 44
110055 102
110082 94
110096 44
110116 13
110125 42
110145 28
110161 119
110184 126
110211 37
110251 122
110277 91
110301 38
110322 112
110340 92
110346 39
110378 14
110410 96
110425 102
110460 76
110486 84
110517 55
110536 56
110547 23
110548 35
110591 9
110615 94
110640 117
110685 28
110726 106
110755 38
110755 54
110759 112
110804 12
110849 77
110864 50
110886 88
110916 23
110927 78
110955 18
110956 117
110958 53
110969 11
110992 17
111021 25
111036 44
111071 57
111107 61
111113 47
111133 7
111144 115
111165 17
111199 28
111223 69
111253 72
111280 76
111321 68
111354 12
111396 7
111409 99
111454 17
111495 56
111502 106
111526 33
111561 22
111589 2
111621 79
111635 87
111670 123
111709 54
111719 53
111737 61
111767 14
