36 29
50 118
52 111
76 53
119 62
161 95
202 49
230 95
264 90
294 20
332 54
356 8
365 23
391 87
398 21
407 85
426 66
467 54
478 22
523 50
534 101
556 48
582 53
618 90
653 69
693 60
722 34
753 79
768 48
796 106
833 126
858 79
884 81
908 123
938 53
963 69
983 124
1007 51
1019 10
1044 42
1060 46
1096 93
1121 79
1166 112
1199 18
1230 112
1242 99
1259 25
1277 98
1282 102
1321 1
1360 62
1395 72
1404 36
1409 93
1417 117
1428 17
1456 50
1489 7
1530 104
1551 18
1587 19
1602 90
1636 33
1664 94
1691 50
1716 119
1743 27
1744 39
1779 54
1781 104
1783 69
1800 53
1823 8
1862 50
1887 109
1919 77
1930 124
1963 57
1991 25
2013 46
2026 47
2067 66
2100 95
2108 3
2153 81
2195 59
2221 83
2260 87
2286 120
2317 20
2343 12
2381 77
2387 83
2399 71
2425 79
2430 43
2469 35
2474 69
2483 116
2517 120
2556 21
2569 98
2596 55
2625 30
2670 36
2674 70
2708 109
2724 117
2758 44
2799 117
2809 78
2838 118
2878 82
2899 25
2908 47
2914 106
2926 111
2940 61
2955 123
2982 13
3007 74
3012 52
3054 22
3063 97
3094 96
3110 102
3151 118
3187 125
3208 32
3228 85
3234 65
3271 37
3301 15
3307 124
3312 67
3357 26
3380 91
3408 23
3438 68
3448 113
3482 119
3515 10
3516 16
3547 24
3555 83
3566 30
3570 76
3605 82
3635 74
3638 4
3655 72
3681 24
3686 41
3704 37
3735 19
3746 69
3758 95
3758 87
3769 88
3814 15
3843 31
3887 6
3912 69
3916 15
3934 126
3973 51
3977 82
3978 54
3985 47
4015 80
4029 25
4057 121
4066 21
4109 76
4121 66
4159 21
4201 112
4243 123
4273 89
4313 42
4335 11
4376 57
4399 64
4405 123
4439 31
4451 9
4453 48
4458 68
4495 7
4539 6
4574 69
4586 64
4599 33
4640 42
4659 81
4683 116
4717 94
4761 38
4804 66
4849 103
4852 99
4886 28
4900 90
4928 103
4954 125
4972 126
4981 75
5019 65
5042 107
5085 16
5098 70
5107 94
5131 103
5139 109
5149 96
5164 126
5184 65
5185 51
5228 82
5230 8
5256 123
5293 14
5294 92
5300 25
5319 114
5335 21
5357 123
5394 57
5418 57
5458 10
5459 34
5498 52
5526 88
5550 56
5582 32
5617 121
5658 118
5658 110
5666 47
5690 87
5727 22
5741 63
5752 7
5784 99
5806 32
5831 48
5834 119
5842 46
5850 96
5863 48
5903 103
5925 13
5946 28
5962 104
5999 6
6044 6
6076 80
6093 116
6109 103
6122 45
6132 72
6133 41
6148 55
6165 41
6209 42
6210 37
6214 85
6229 4
6240 24
6271 12
6282 47
6310 20
6353 26
6385 92
6399 58
6422 40
6440 99
6458 37
6479 4
6518 5
6559 46
6576 26
6586 115
6616 63
6632 32
6662 91
6680 125
6719 86
6741 31
6745 70
6789 79
6827 51
6847 121
6892 34
6911 42
6953 59
6994 61
7017 69
7026 112
7028 27
7040 52
7044 67
7045 108
7059 59
7091 112
7115 37
7130 6
7166 21
7207 11
7240 7
7262 122
7291 37
7328 108
7341 30
7374 97
7401 72
7409 1
7430 14
7436 21
7473 111
7482 81
7512 62
7552 104
7585 19
7590 97
7608 56
7627 111
7639 28
7684 104
7718 45
7751 3
7779 19
7784 28
7817 93
7827 88
7846 123
7875 43
7879 46
7907 13
7917 26
7938 114
7945 57
7978 25
7993 63
8037 10
8080 79
8123 50
8129 43
8138 51
8171 43
8200 20
8243 88
8247 97
8288 61
8314 115
8350 39
8365 57
8397 12
8414 19
8448 10
8484 51
8492 59
8502 62
8509 103
8536 84
8548 43
8556 91
8593 51
8631 6
8655 54
8674 85
8687 22
8731 2
8762 95
8781 79
8813 109
8818 60
8852 65
8896 62
8913 52
8930 118
8952 94
8955 116
8972 113
8991 44
9028 54
9062 5
9087 32
9121 11
9157 28
9194 13
9228 70
9241 86
9274 45
9307 73
9331 47
9340 127
9383 116
9387 115
9387 82
9428 30
9444 55
9458 1
9484 84
9493 85
9516 79
9534 123
9572 12
9574 61
9583 41
9599 57
9608 11
9648 116
9660 76
9670 86
9713 119
9733 89
9759 23
9777 65
9806 68
9823 25
9853 74
9894 39
9897 96
9935 125
9963 9
9994 69
10035 81
10049 88
10083 51
10088 74
10112 75
10130 101
10168 64
10174 89
10189 48
10190 13
10235 65
10236 90
10261 27
10280 80
10281 30
10295 57
10309 5
10325 53
10327 70
10366 52
10411 34
10428 51
10438 80
10467 125
10481 44
10505 91
10513 114
10551 56
10587 43
10614 106
10643 11
10655 90
10683 47
10707 90
10721 92
10741 37
10757 66
10776 43
10821 100
10866 29
10868 56
10910 19
10925 44
10932 68
10943 24
10943 126
10972 56
11010 23
11013 96
11021 75
11065 69
11093 109
11133 79
11161 30
11203 20
11246 111
11288 117
11313 32
11324 110
11336 4
11350 116
11356 4
11366 111
11370 104
11412 116
11418 32
11431 46
11475 45
11519 60
11527 60
11542 42
11547 62
11584 56
11623 87
11649 15
11652 10
11670 102
11712 71
11746 86
11754 98
11762 122
11802 31
11836 119
11852 77
11866 22
11887 103
11913 108
11933 5
11976 14
12008 4
12043 47
12070 39
12108 109
12118 7
12128 55
12167 83
12186 95
12223 3
12241 14
12243 105
12283 18
12309 13
12313 117
12354 12
12362 10
12395 13
12430 86
12440 69
12456 18
12467 36
12473 38
12504 105
12515 9
12520 47
12551 51
12594 52
12621 104
12624 87
12648 18
12679 117
12724 101
12741 112
12781 49
12787 66
12807 43
12852 60
12885 27
12889 49
12918 64
12941 39
12968 70
12984 74
12986 39
13031 121
13053 111
13058 99
13062 61
13104 27
13136 102
13154 64
13172 80
13213 67
13253 117
13268 23
13280 104
13293 79
13318 73
13336 24
13357 49
13376 83
13421 101
13443 25
13468 43
13483 32
13515 64
13558 110
13567 84
13604 1
13621 113
13659 94
13673 18
13714 76
13745 92
13774 96
13814 22
13821 32
13858 123
13897 97
13898 13
13920 37
13945 69
13963 58
13988 64
13989 30
14021 66
14039 7
14054 75
14080 12
14108 65
14120 48
14147 101
14157 114
14176 86
14191 123
14220 33
14230 46
14269 45
14281 9
14285 19
14290 123
14312 47
14335 8
14378 101
14418 35
14437 64
14460 70
14461 45
14502 106
14540 55
14559 61
14570 46
14579 9
14614 9
14652 58
14662 89
14684 59
14696 121
14712 78
14743 2
14759 64
14797 38
14811 110
14834 63
14856 99
14898 80
14906 26
14909 49
14923 42
14925 57
14948 112
14963 5
15008 73
15015 73
15018 93
15056 89
15089 125
15097 84
15111 92
15132 17
15157 81
15177 66
15218 58
15220 39
15223 90
15251 122
15268 102
15283 55
15305 38
15306 18
15339 25
15383 20
15396 11
15437 96
15460 69
15495 37
15495 58
15505 32
15513 53
15513 84
15517 101
15544 94
15561 28
15562 92
15597 18
15637 25
15652 85
15677 43
15686 31
15708 115
15735 64
15772 112
15801 92
15825 45
15839 22
15861 96
15888 9
15918 16
15919 120
15934 7
15939 62
15984 91
16022 10
16036 70
16048 114
16089 114
16126 111
16162 3
16182 83
16223 115
16240 77
16254 39
16266 53
16296 123
16316 19
16325 14
16334 30
16361 80
16386 101
16406 14
16434 10
16473 121
16479 5
16498 16
16501 115
16529 25
16559 58
16585 4
16596 86
16641 21
16647 75
16689 86
16728 75
16768 125
16797 57
16826 3
16841 50
16856 86
16881 89
16881 69
16920 93
16951 49
16990 29
16999 74
17007 101
17021 89
17033 40
17043 110
17086 54
17098 116
17111 24
17114 95
17116 38
17161 125
17172 18
17216 100
17239 83
17258 92
17263 60
17268 50
17295 67
17315 30
17325 125
17326 4
17353 29
17390 86
17421 36
17425 86
17447 126
17475 65
17499 125
17504 106
17505 23
17516 126
17541 14
17574 9
17592 32
17637 58
17651 100
17668 44
17698 20
17735 41
17760 4
17769 119
17808 43
17834 127
17879 118
17896 58
17936 76
17959 46
18003 79
18021 47
18024 50
18045 18
18090 18
18108 8
18116 64
18154 126
18174 33
18201 5
18238 93
18275 108
18309 120
18332 79
18350 65
18380 22
18398 26
18434 29
18450 22
18455 88
18480 58
18502 38
18510 125
18519 77
18563 22
18583 45
18605 77
18605 99
18611 76
18624 72
18640 117
18658 114
18665 97
18696 64
18723 99
18739 81
18771 104
18784 82
18828 127
18866 1
18877 82
18897 101
18938 66
18982 106
18998 80
19018 33
19048 5
19065 57
19089 112
19126 106
19155 118
19193 33
19216 40
19254 60
19295 41
19313 57
19313 72
19343 103
19354 13
19386 40
19419 102
19425 91
19428 49
19441 47
19473 82
19486 73
19516 123
19540 52
19543 105
19573 68
19616 62
19620 26
19633 36
19645 13
19653 2
19669 119
19686 96
19717 122
19720 103
19736 47
19772 41
19774 77
19819 119
19849 120
19879 9
19909 78
19909 40
19939 76
19980 91
20004 5
20015 111
20043 43
20050 91
20068 91
20112 93
20116 109
20159 24
20179 13
20193 121
20215 25
20253 8
20256 91
20288 115
20291 78
20324 70
20335 6
20343 117
20360 65
20382 90
20412 37
20442 19
20446 2
20459 112
20502 44
20502 87
20510 9
20520 5
20562 118
20565 28
20591 59
20611 122
20619 103
20628 89
20640 26
20653 49
20676 126
20715 29
20730 63
20736 8
20749 121
20774 83
20800 102
20838 110
20871 74
20902 95
20943 46
20975 125
21008 20
21018 78
21048 31
21053 28
21096 24
21099 63
21109 59
21138 86
21171 111
21186 93
21230 46
21268 89
21279 114
21305 108
21345 48
21352 3
21354 105
21389 63
21408 14
21413 67
21442 104
21470 40
21489 19
21498 20
21504 101
21512 113
21546 58
21547 3
21591 33
21633 40
21661 86
21691 86
21717 20
21731 89
21750 23
21780 16
21819 18
21831 67
21865 125
21874 99
21884 122
21908 103
21916 9
21935 49
21977 11
22020 84
22062 105
22106 38
22136 82
22167 111
22208 121
22239 21
22275 42
22292 101
22294 55
22317 96
22341 66
22374 41
22378 53
22389 9
22405 68
22424 22
22460 103
22504 88
22520 97
22526 60
22540 99
22543 88
22547 76
22568 52
22601 49
22615 126
22635 54
22640 105
22657 17
22660 95
22664 85
22678 16
22688 123
22711 53
22729 107
22760 88
22790 114
22831 39
22852 1
22857 23
22898 46
22907 22
22921 77
22929 76
22956 96
22992 11
23017 73
23028 4
23067 94
23082 40
23111 6
23137 75
23138 111
23158 77
23166 12
23173 2
23183 64
23208 89
23211 10
23225 127
23264 31
23278 111
23283 58
23295 23
23319 4
23339 59
23380 104
23381 88
23389 119
23396 67
23404 97
23416 96
23421 68
23461 8
23472 122
23487 56
23487 104
23499 65
23539 69
23557 84
23587 124
23590 98
23602 5
23602 55
23622 39
23667 63
23674 53
23712 63
23748 42
23760 96
23767 54
23784 83
23796 105
23831 44
23867 34
23894 17
23895 62
23916 91
23941 99
23946 117
23985 55
23989 102
23998 24
24032 27
24067 52
24087 100
24122 115
24143 59
24186 100
24194 84
24235 58
24249 67
24286 114
24293 48
24333 120
24363 91
24383 35
24416 78
24421 127
24445 9
24459 89
24496 105
24511 19
24531 77
24541 55
24575 70
24605 124
24630 46
24633 42
24662 66
24665 119
24701 41
24735 111
24755 121
24766 89
24777 88
24789 119
24809 2
24821 4
24855 58
24877 59
24909 42
24917 120
24944 67
24962 84
24962 18
24992 5
24997 34
25028 12
25032 63
25037 3
25039 14
25063 27
25089 85
25132 78
25162 108
25165 77
25168 111
25188 5
25229 38
25243 105
25263 51
25288 22
25320 21
25334 50
25345 73
25351 4
25358 31
25375 84
25382 112
25400 73
25414 41
25454 75
25470 80
25487 100
25498 10
25535 29
25554 116
25568 78
25591 18
25606 103
25636 99
25639 76
25663 55
25694 6
25707 54
25746 39
25766 113
25794 114
25806 52
25817 31
25836 121
25871 62
25889 91
25899 20
25902 93
25920 31
25946 51
25968 6
26009 99
26039 125
26050 90
26069 98
26075 9
26088 100
26101 76
26137 99
26170 61
26178 5
26213 33
26238 9
26242 60
26275 91
26291 47
26324 12
26368 59
26390 102
26390 67
26394 17
26407 78
26452 52
26486 121
26491 83
26508 3
26536 58
26546 121
26549 46
26591 116
26621 93
26647 36
26662 61
26671 121
26702 4
26705 2
26724 64
26761 1
26762 117
26781 93
26817 47
26834 29
26858 124
26858 38
26883 75
26920 99
26953 8
26963 122
26993 49
27009 124
27030 69
27058 57
27092 23
27107 35
27109 39
27118 27
27161 104
27178 40
27221 15
27243 9
27254 7
27257 58
27282 57
27287 65
27323 79
27359 91
27366 46
27408 52
27427 91
27442 66
27456 90
27476 102
27512 75
27546 21
27590 19
27595 70
27612 89
27642 101
27666 70
27692 89
27709 1
27737 83
27774 24
27787 93
27818 18
27857 111
27893 56
27906 119
27910 30
27947 108
27954 30
27962 10
27984 10
28016 105
28019 8
28058 111
28071 127
28073 49
28093 91
28121 73
28156 100
28185 42
28200 55
28220 49
28224 58
28258 125
28288 85
28303 24
28340 69
28385 103
28420 126
28428 104
28472 44
28513 32
28550 3
28587 5
28624 75
28648 81
28691 7
28723 17
28747 49
28755 41
28764 45
28798 39
28809 21
28852 50
28862 115
28872 101
28896 35
28920 22
28952 30
28997 125
29036 22
29058 70
29058 76
29073 107
29112 3
29155 26
29162 113
29182 65
29183 49
29190 24
29227 106
29241 41
29248 7
29257 124
29258 99
29265 78
29305 84
29311 85
29354 28
29362 3
29393 118
29409 64
29450 4
29455 115
29458 68
29464 58
29473 78
29498 86
29531 85
29544 13
29573 119
29593 7
29603 108
29641 72
29656 14
29688 65
29690 106
29733 118
29755 79
29758 35
29797 47
29837 124
29845 123
29868 80
29894 120
29898 75
29935 34
29968 100
29999 55
30041 59
30067 76
30105 90
30124 7
30163 16
30169 55
30184 39
30213 13
30215 44
30249 75
30250 114
30284 12
30328 98
30342 106
30369 114
30411 71
30454 12
30467 72
30512 80
30529 116
30535 69
30546 80
30551 22
30576 52
30603 70
30623 20
30642 60
30658 67
30691 14
30699 90
30712 48
30722 45
30745 35
30783 117
30793 80
30817 78
30857 63
30894 74
30902 46
30908 65
30911 18
30930 95
30964 127
30968 66
30974 40
30975 70
30993 52
31036 89
31053 59
31078 25
31082 13
31084 29
31099 81
31107 114
31108 14
31116 68
31135 94
31140 64
31172 3
31174 25
31177 66
31215 76
31226 6
31243 122
31245 10
31259 87
31300 56
31316 68
31353 97
31393 74
31434 24
31447 120
31492 17
31505 1
31507 117
31552 118
31571 104
31577 42
31577 92
31606 54
31650 30
31673 126
31707 126
31721 80
31745 83
31769 15
31811 120
31837 34
31852 6
31871 59
31898 25
31919 31
31959 75
31992 111
32018 86
32053 15
32067 65
32097 72
32120 59
32126 92
32146 21
32150 16
32182 23
32194 9
32209 66
32230 12
32260 21
32274 103
32275 61
32316 121
32323 127
32354 48
32363 82
32392 96
32401 30
32426 48
32457 100
32492 108
32510 70
32545 44
32568 74
32613 123
32619 99
32653 45
32675 86
32695 76
32723 124
32743 55
32758 3
32792 48
32833 77
32877 77
32910 15
32930 101
32939 91
32966 29
32991 116
33010 100
33018 87
33029 29
33045 5
33049 46
33082 28
33125 126
33131 49
33138 51
33150 27
33157 17
33159 102
33202 121
33204 67
33209 117
33242 97
33269 65
33292 65
33331 81
33362 85
33393 75
33406 87
33444 9
33452 118
33489 39
33503 108
33535 9
33565 107
33566 57
33600 48
33627 34
33672 71
33696 104
33708 72
33731 23
33756 7
33796 98
33834 30
33857 2
33864 102
33906 92
33940 82
33952 53
33966 68
33978 3
33979 11
33992 21
34025 13
34046 24
34066 41
34073 120
34115 60
34133 100
34154 127
34183 105
34186 39
34213 95
34246 109
34267 10
34269 63
34281 55
34318 74
34340 61
34347 42
34358 53
34393 101
34412 96
34451 18
34484 22
34484 82
34492 17
34492 112
34517 111
34525 4
34544 70
34551 34
34570 87
34591 39
34602 109
34633 59
34637 120
34660 69
34674 123
34676 10
34689 60
34727 29
34772 124
34797 24
34815 91
34821 125
34832 47
34837 42
34864 17
34900 67
34914 94
34937 9
34975 113
34998 51
35042 23
35080 23
35102 82
35112 83
35130 20
35171 17
35193 27
35211 45
35219 16
35222 90
35222 107
35223 99
35226 79
35232 79
35240 78
35269 3
35278 97
35309 13
35321 94
35340 124
35371 54
35383 68
35405 94
35446 55
35468 33
35503 42
35511 24
35543 39
35572 47
35598 4
35610 7
35643 4
35683 45
35715 112
35720 102
35756 2
35790 110
35829 115
35836 58
35840 123
35875 13
35883 84
35908 29
35924 66
35960 94
35970 3
35971 94
35982 13
36010 84
36023 102
36059 105
36101 62
36144 52
36166 22
36193 124
36235 41
36237 33
36238 9
36251 102
36291 94
36292 125
36292 69
36330 27
36356 72
36387 2
36425 88
36456 106
36466 2
36493 2
36520 20
36531 108
36541 120
36564 8
36608 6
36639 61
36670 115
36674 2
36715 5
36736 43
36736 23
36741 81
36762 88
36781 41
36817 40
36832 115
36841 17
36853 61
36888 20
36905 5
36940 38
36951 52
36984 11
36989 110
37002 66
37019 50
37050 93
37063 80
37071 62
37106 50
37110 35
37110 40
37112 106
37156 16
37198 105
37242 65
37246 26
37252 113
37291 91
37330 14
37347 95
37377 33
37401 72
37437 66
37442 75
37463 109
37490 80
37532 15
37567 35
37584 14
37598 75
37628 101
37671 31
37711 70
37716 29
37729 48
37769 6
37786 11
37826 121
37864 31
37896 59
37902 43
37943 95
37985 75
37995 63
38037 112
38042 59
38064 1
38080 42
38110 38
38140 114
38177 36
38199 31
38211 110
38233 83
38268 29
38299 122
38336 116
38378 66
38390 101
38393 105
38399 90
38415 123
38420 37
38435 74
38448 79
38467 49
38504 61
38523 89
38565 4
38578 101
38606 126
38620 105
38630 79
38647 92
38681 47
38713 84
38752 38
38789 61
38796 36
38815 96
38818 109
38825 61
38827 37
38840 67
38844 80
38886 34
38927 127
38947 17
38966 118
38986 72
39029 9
39046 96
39056 34
39093 20
39097 54
39112 24
39139 119
39184 32
39186 58
39196 67
39218 44
39222 95
39262 106
39284 81
39317 9
39331 37
39369 27
39391 88
39395 67
39423 3
39432 106
39453 1
39454 126
39485 92
39525 70
39549 68
39580 96
39610 86
39626 73
39636 119
39675 95
39679 19
39690 59
39717 77
39720 115
39755 2
39787 3
39789 121
39795 41
39811 90
39825 107
39868 7
39897 91
39924 124
39952 90
39959 80
40004 64
40043 1
40071 58
40089 115
40114 92
40121 67
40149 101
40149 53
40161 25
40165 75
40205 127
40245 28
40289 112
40322 112
40340 54
40377 50
40388 113
40407 123
40437 111
40453 107
40484 9
40507 35
40550 70
40552 72
40558 45
40580 95
40591 63
40613 36
40636 63
40659 93
40695 65
40710 115
40740 33
40772 126
40797 60
40806 90
40850 21
40884 127
40907 44
40923 7
40966 124
40983 16
41020 23
41053 76
41062 53
41085 71
41095 11
41110 80
41123 12
41154 38
41161 69
41185 40
41207 63
41216 123
41257 91
41264 44
41291 80
41329 69
41350 56
41382 106
41419 91
41421 32
41438 86
41462 100
41498 26
41543 77
41572 24
41605 36
41629 32
41638 34
41666 101
41691 48
41714 58
41737 10
41753 10
41760 82
41799 44
41833 60
41861 33
41879 79
41881 36
41903 74
41909 1
41926 4
41944 75
41957 48
42001 60
42005 99
42030 35
42035 23
42051 25
42056 112
42059 29
42089 54
42092 123
42133 74
42141 66
42143 86
42151 85
42187 126
42227 89
42257 14
42284 6
42302 34
42325 67
42344 116
42369 16
42403 101
42420 104
42422 67
42454 7
42475 13
42517 55
42529 83
42560 13
42567 60
42567 31
42594 39
42604 60
42637 101
42663 29
42683 95
42684 45
42703 43
42706 102
42744 17
42758 17
42788 57
42826 91
42839 1
42881 50
42904 55
42908 83
42923 33
42968 60
42985 63
42986 58
43006 90
43039 46
43071 28
43080 99
43113 109
43123 41
43125 127
43136 61
43174 47
43195 119
43229 51
43273 1
43305 25
43319 112
43321 1
43346 79
43391 9
43428 72
43473 81
43475 40
43518 48
43526 113
43567 21
43589 40
43596 93
43618 126
43635 9
43673 87
43702 110
43714 61
43720 111
43748 6
43778 20
43790 21
43802 75
43818 40
43828 33
43834 90
43859 86
43894 121
43925 99
43961 125
43970 118
43976 41
44008 52
44018 37
44061 119
44093 122
44131 103
44164 126
44173 30
44199 100
44220 70
44250 31
44268 88
44311 85
44315 114
44351 57
44357 90
44379 121
44423 22
44449 73
44482 64
44508 1
44508 24
44535 41
44539 94
44546 85
44567 115
44582 16
44596 55
44623 10
44668 113
44670 83
44714 94
44747 50
44780 24
44820 4
44846 56
44871 88
44914 20
44939 87
44982 115
45011 39
45015 61
45045 77
45085 43
45102 1
45140 66
45176 103
45216 39
45241 63
45245 61
45274 88
45289 28
45321 42
45326 49
45346 2
45366 94
45382 53
45416 117
45437 80
45455 44
45466 69
45484 83
45511 113
45512 104
45543 82
45557 3
45566 44
45582 116
45617 70
45623 117
45639 125
45674 86
45715 62
45747 70
45749 32
45762 24
45776 9
45792 53
45815 56
45832 4
45874 112
45908 48
45926 10
45966 115
45982 97
46021 43
46052 123
46060 6
46075 61
46099 61
46143 11
46180 20
46195 17
46236 79
46273 68
46277 116
46317 57
46343 74
46384 108
46417 88
46455 100
46474 67
46490 21
46494 6
46522 46
46566 8
46604 24
46623 33
46631 29
46651 47
46685 101
46709 66
46710 106
46748 91
46769 25
46771 75
46771 112
46788 122
46798 118
46841 53
46846 44
46863 101
46875 111
46882 119
46920 5
46960 49
46996 107
47028 2
47068 33
47077 38
47089 34
47096 25
47126 73
47151 69
47180 101
47220 90
47241 51
47268 31
47284 87
47284 118
47308 127
47316 70
47323 75
47357 55
47359 113
47403 6
47447 7
47482 111
47518 96
47554 34
47561 30
47600 127
47602 114
47643 27
47661 78
47702 108
47708 39
47719 116
47758 122
47765 7
47786 23
47809 112
47839 43
47848 20
47875 33
47890 8
47890 47
47895 2
47928 97
47943 45
47974 56
47976 116
48018 22
48058 127
48079 54
48122 15
48162 99
48170 59
48212 47
48231 9
48267 4
48282 32
48315 59
48345 65
48357 3
48372 116
48380 13
48391 27
48398 107
48422 123
48467 35
48476 37
48520 52
48540 24
48547 40
48558 18
48559 122
48561 31
48564 50
48599 57
48618 45
48640 16
48655 84
48685 19
48729 55
48769 17
48790 38
48805 4
48848 61
48850 44
48889 7
48890 97
48931 62
48941 109
48967 54
48980 117
49014 9
49030 40
49048 89
49063 113
49108 32
49151 62
49183 27
49202 104
49225 98
49232 103
49266 115
49287 101
49314 89
49316 72
49348 71
49356 39
49401 126
49430 78
49432 60
49434 42
49461 72
49493 115
49516 117
49539 40
49552 28
49579 72
49600 109
49621 102
49648 32
49656 111
49698 18
49738 125
49766 71
49796 111
49835 34
49842 53
49878 92
49897 24
49900 47
49943 61
49957 91
49970 85
49989 94
49998 111
50021 106
50059 53
50066 47
50111 28
50127 37
50151 59
50158 15
50198 114
50218 113
50255 53
50282 63
50321 57
50325 80
50330 96
50374 45
50418 122
50428 30
50438 115
50457 6
50498 91
50529 109
50547 107
50584 96
50619 72
50646 96
50648 90
50657 9
50670 94
50712 52
50718 105
50734 41
50735 102
50738 47
50754 23
50778 52
50818 62
50830 15
50853 35
50881 120
50896 92
50925 46
50935 39
50944 108
50971 65
51016 100
51042 73
51074 68
51078 78
51084 55
51093 8
51129 67
51135 4
51159 67
51176 105
51180 35
51187 32
51229 25
51231 20
51254 18
51295 113
51340 94
51362 3
51390 104
51398 127
51410 47
51411 16
51421 17
51464 121
51505 33
51522 47
51541 7
51580 123
51583 48
51617 6
51662 5
51675 13
51681 79
51716 57
51731 38
51753 101
51769 45
51777 24
51790 49
51821 25
51853 17
51890 51
51902 41
51922 44
51965 1
52009 82
52037 115
52052 19
52073 86
52113 40
52144 44
52188 115
52212 40
52255 36
52288 2
52309 35
52331 1
52375 54
52410 13
52452 109
52459 81
52484 68
52510 118
52513 44
52516 60
52550 49
52562 98
52583 103
52583 14
52622 87
52640 58
52684 48
52689 116
52694 98
52709 109
52718 45
52761 1
52777 44
52809 3
52843 63
52871 123
52909 110
52926 40
52927 47
52932 40
52945 64
52959 36
52969 64
52976 91
52989 15
53010 102
53049 51
53092 108
53122 43
53138 70
53144 23
53183 95
53212 50
53250 50
53288 121
53332 42
53353 15
53367 89
53375 21
53402 123
53426 94
53464 108
53477 38
53491 117
53511 43
53523 101
53555 115
53585 89
53627 76
53643 80
53643 10
53666 86
53674 20
53717 26
53733 86
53771 66
53774 109
53807 14
53836 31
53845 114
53866 37
53881 85
53914 14
53953 79
53961 40
53975 127
54018 76
54031 94
54074 87
54079 34
54094 41
54134 65
54169 102
54188 34
54204 51
54212 1
54238 106
54259 94
54274 32
54296 9
54304 94
54326 89
54351 104
54385 8
54400 21
54425 89
54450 66
54480 106
54505 52
54520 38
54536 61
54545 44
54588 88
54595 25
54614 48
54638 42
54673 64
54715 66
54757 78
54790 36
54819 74
54840 40
54861 126
54883 119
54905 68
54941 36
54964 5
55001 35
55002 47
55032 5
55062 39
55074 73
55107 73
55127 20
55145 60
55180 119
55194 126
55229 94
55238 83
55246 107
55259 55
55286 50
55313 53
55330 64
55354 124
55381 75
55419 117
55450 31
55493 45
55538 83
55543 56
55581 105
55613 44
55623 29
55654 55
55682 60
55699 52
55703 106
55748 43
55789 106
55800 84
55845 111
55890 4
55902 37
55941 19
55977 50
56000 102
56016 118
56037 30
56041 121
56044 29
56056 63
56101 72
56141 38
56148 46
56148 31
56150 100
56161 58
56192 70
56201 121
56225 15
56254 71
56290 92
56328 9
56353 49
56353 25
56366 69
56402 22
56402 45
56403 35
56415 13
56452 14
56462 87
56493 19
56511 42
56554 77
56564 92
56576 57
56586 33
56611 20
56645 10
56670 92
56679 99
56698 92
56721 52
56730 108
56732 34
56774 92
56795 93
56828 6
56830 117
56848 48
56856 55
56875 71
56916 32
56949 45
56982 46
56988 73
57033 45
57043 9
57044 74
57057 17
57100 93
57123 83
57142 21
57179 103
57182 37
57215 83
57247 98
57260 102
57288 70
57297 64
57308 79
57338 49
57365 46
57385 5
57420 109
57456 67
57495 103
57534 64
57551 82
57574 91
57597 66
57634 109
57676 7
57699 3
57742 58
57755 64
57780 68
57804 89
57832 72
57837 7
57861 8
57861 19
57892 64
57895 101
57932 13
57943 41
57967 17
57971 30
57982 47
58001 106
58012 102
58018 29
58041 32
58086 103
58098 21
58111 63
58117 46
58130 1
58147 126
58152 9
58191 127
58204 21
58237 94
58279 27
58321 78
58356 3
58397 74
58416 115
58442 36
58470 111
58504 30
58537 36
58547 41
58561 53
58577 119
58589 106
58615 122
58647 39
58667 30
58693 12
58719 118
58723 110
58760 17
58762 110
58784 42
58794 79
58832 44
58865 119
58871 96
58886 9
58903 118
58939 5
58964 27
59000 37
59006 124
59013 122
59023 12
59038 126
59074 5
59085 109
59129 50
59171 46
59199 123
59205 120
59248 117
59257 78
59275 46
59289 63
59334 57
59365 83
59388 15
59429 97
59436 118
59450 92
59469 41
59514 6
59534 15
59560 21
59575 15
59600 105
59619 102
59647 50
59672 87
59717 79
59726 39
59748 64
59786 64
59817 42
59829 77
59852 53
59854 102
59883 4
59920 75
59936 41
59947 122
59989 103
59992 58
60028 47
60070 64
60081 6
60096 55
60127 54
60168 84
60194 117
60211 71
60220 41
60231 114
60247 83
60288 101
60318 64
60355 94
60371 68
60381 17
60411 95
60432 17
60467 106
60467 30
60483 121
60505 91
60535 55
60537 127
60579 97
60589 51
60615 90
60641 4
60680 105
60688 10
60727 95
60742 116
60756 68
60758 83
60773 19
60775 112
60800 13
60825 14
60832 32
60836 43
60844 84
60865 95
60872 2
60911 26
60947 31
60951 87
60977 51
61021 44
61042 85
61083 69
61118 6
61158 13
61158 62
61197 18
61213 10
61257 74
61263 6
61271 69
61301 32
61324 26
61332 107
61363 71
61376 72
61415 66
61419 6
61459 25
61463 69
61472 107
61493 15
61507 107
61519 97
61550 94
61565 70
61572 108
61602 75
61629 120
61649 75
61676 53
61715 122
61752 51
61781 3
61804 73
61847 24
61892 107
61909 97
61918 30
61937 63
61940 103
61941 73
61986 26
62017 61
62021 36
62022 15
62022 93
62059 28
62098 9
62132 75
62133 50
62148 126
62151 19
62183 23
62214 102
62218 112
62237 124
62279 126
62300 25
62333 123
62342 24
62363 56
62377 104
62386 78
62417 85
62434 127
62449 112
62467 19
62468 65
62482 101
62498 98
62540 95
62570 104
62615 84
62656 112
62696 90
62697 55
62716 37
62751 24
62785 93
62812 38
62841 68
62858 49
62864 26
62879 84
62912 16
62945 35
62958 34
62981 85
63021 36
63051 55
63055 60
63061 67
63086 33
63117 104
63131 59
63163 10
63165 64
63197 6
63215 11
63247 77
63265 85
63275 71
63314 25
63331 20
63342 56
63379 17
63400 80
63440 29
63459 116
63495 85
63524 107
63553 86
63561 29
63562 82
63599 72
63618 92
63618 122
63629 120
63672 38
63675 44
63718 77
63738 121
63780 69
63820 27
63828 118
63861 100
63891 75
63930 23
63945 27
63965 60
64004 114
64047 101
64058 76
64082 100
64106 88
64135 81
64174 67
64188 74
64233 10
64245 45
64252 23
64282 62
64320 31
64320 89
64345 57
64355 26
64380 21
64405 94
64439 72
64468 16
64486 106
64525 28
64540 80
64583 36
64612 100
64643 63
64673 121
64673 26
64715 107
64734 86
64760 10
64781 108
64807 49
64841 110
64876 90
64895 96
64931 37
64957 74
64988 91
65007 40
65014 105
65055 51
65062 127
65099 110
65103 67
65111 38
65118 17
65135 6
65138 31
65153 32
65159 24
65179 73
65195 82
65240 111
65280 65
65320 25
65357 78
65402 18
65437 55
65453 24
65483 61
65489 2
65525 17
65559 15
65570 98
65585 73
65589 53
65634 31
65671 105
65691 118
65724 106
65726 25
65748 100
65773 10
65813 25
65820 102
65862 88
65893 78
65938 24
65950 4
65994 85
66005 87
66050 114
66081 73
66087 31
66092 109
66133 53
66136 29
66177 65
66205 122
66229 87
66255 114
66297 67
66335 27
66348 33
66355 41
66355 114
66383 113
66403 5
66427 13
66466 74
66509 77
66512 37
66517 21
66519 49
66546 113
66558 26
66588 62
66610 73
66624 57
66637 40
66644 104
66649 30
66670 63
66700 113
66733 16
66761 14
66796 50
66822 18
66852 101
66861 36
66862 112
66899 96
66916 36
66925 85
66943 49
66958 94
66964 42
66984 110
66986 26
66989 126
66990 116
67026 94
67060 31
67104 115
67120 70
67163 89
67208 9
67225 13
67259 85
67290 106
67325 35
67340 32
67340 58
67385 93
67419 118
67446 39
67466 101
67470 98
67472 12
67485 27
67518 69
67545 81
67567 100
67587 108
67616 60
67645 87
67681 43
67708 49
67713 81
67724 123
67745 27
67757 67
67789 47
67833 27
67843 10
67863 82
67880 15
67901 24
67946 78
67948 95
67960 61
67978 6
67986 61
67996 48
68003 24
68041 109
68065 125
68084 41
68087 115
68090 117
68095 59
68103 34
68117 91
68142 33
68175 61
68205 110
68236 42
68238 20
68248 77
68263 71
68263 20
68266 62
68271 103
68271 5
68294 101
68323 120
68345 18
68361 36
68393 112
68409 110
68426 28
68449 73
68489 92
68520 102
68557 64
68573 42
68602 70
68643 125
68654 30
68697 4
68726 62
68731 48
68770 95
68803 124
68817 29
68826 47
68832 80
68859 113
68883 9
68917 113
68936 85
68951 95
68957 108
68957 69
68980 110
68994 90
69030 118
69050 111
69051 50
69083 34
69089 80
69116 52
69127 109
69172 86
69191 81
69211 113
69237 127
69264 110
69272 87
69299 125
69317 116
69360 50
69388 41
69398 66
69428 64
69439 71
69464 41
69486 127
69488 59
69531 54
69537 93
69554 86
69555 105
69579 73
69598 114
69622 127
69625 71
69663 95
69671 18
69678 15
69711 18
69743 41
69785 6
69801 121
69815 21
69826 86
69837 16
69845 35
69859 2
69885 71
69925 57
69964 20
69999 78
70035 45
70078 3
70108 13
70131 19
70175 115
70180 42
70210 43
70231 10
70249 36
70277 98
70321 118
70328 108
70359 12
70364 11
70389 44
70420 88
70465 16
70474 37
70498 9
70535 107
70539 2
70576 38
70587 21
70629 14
70641 104
70643 100
70688 39
70729 19
70746 52
70748 15
70785 8
70805 71
70848 105
70891 127
70914 43
70922 125
70942 100
70951 76
70962 21
70965 1
71001 71
71032 54
71066 9
71074 98
71104 123
71139 106
71159 46
71178 21
71217 112
71244 115
71266 52
71308 70
71322 122
71325 116
71360 90
71375 94
71383 123
71395 107
71396 103
71419 79
71455 114
71467 16
71479 34
71506 115
71514 39
71550 66
71584 18
71597 47
71615 125
71640 16
71660 2
71686 33
71714 103
71714 67
71756 46
71761 17
71802 97
71839 109
71876 25
71901 53
71942 77
71984 11
72011 50
72015 93
72038 13
72063 64
72098 48
72106 68
72107 47
72136 22
72157 12
72164 87
72207 24
72221 12
72242 64
72265 61
72272 51
72282 122
72299 39
72332 104
72362 108
72385 48
72422 87
72434 31
72468 81
72480 108
72494 40
72528 28
72564 5
72585 18
72623 20
72647 108
72670 11
72696 93
72731 87
72733 5
72740 71
72769 59
72806 108
72807 109
72840 110
72842 80
72867 6
72890 61
72932 48
72944 9
72950 125
72954 105
72963 37
72981 55
73025 46
73055 51
73095 4
73096 32
73102 78
73118 94
73120 125
73125 93
73170 73
73187 33
73193 95
73236 54
73244 51
73252 4
73280 76
73314 45
73354 95
73363 86
73389 57
73401 15
73442 78
73472 32
73512 92
73539 93
73566 67
73575 54
73613 98
73617 13
73629 113
73661 107
73673 31
73709 25
73737 104
73753 71
73775 29
73814 73
73830 16
73858 83
73903 14
73925 71
73954 16
73972 44
73988 55
74008 34
74045 5
74062 79
74097 43
74121 52
74166 90
74166 54
74204 70
74234 4
74255 73
74264 10
74297 95
74325 105
74328 5
74341 41
74354 18
74360 33
74388 79
74423 27
74453 114
74453 65
74454 24
74478 81
74512 6
74516 22
74550 92
74581 14
74612 26
74650 42
74662 19
74675 115
74699 41
74709 106
74714 106
74736 15
74757 25
74766 3
74774 72
74800 119
74824 6
74842 39
74864 47
74888 71
74930 20
74933 21
74974 15
75010 57
75035 105
75060 122
75062 26
75065 78
75093 8
75132 84
75163 43
75169 75
75188 53
75204 60
75246 95
75279 8
75313 123
75348 24
75349 93
75366 96
75372 88
75373 39
75387 120
75389 95
75425 111
75442 26
75463 49
75500 90
75514 19
75547 106
75592 89
75630 83
75643 64
75676 2
75704 38
75730 101
75774 127
75804 57
75834 89
75861 47
75863 117
75908 24
75928 24
75936 105
75943 70
75962 56
76007 43
76015 94
76059 116
76087 6
76089 22
76103 9
76130 119
76175 28
76206 8
76227 100
76249 77
76258 105
76287 25
76299 66
76341 1
76365 64
76389 79
76400 126
76417 94
76455 47
76491 53
76520 21
76541 122
76557 103
76564 30
76587 89
76611 65
76629 74
76645 27
76685 66
76701 83
76729 2
76759 8
76767 8
76769 122
76787 112
76798 96
76828 117
76867 15
76903 112
76917 18
76954 107
76957 77
76967 95
77003 25
77026 27
77061 36
77076 90
77111 119
77156 113
77157 42
77165 72
77188 42
77203 71
77243 48
77250 75
77273 111
77283 37
77307 57
77345 102
77379 17
77403 74
77434 70
77455 71
77472 18
77477 85
77493 119
77535 79
77550 28
77572 3
77596 86
77609 39
77622 4
77654 45
77665 45
77682 98
77686 117
77693 55
77707 5
77723 73
77764 80
77775 118
77808 106
77848 81
77853 65
77881 114
77920 47
77942 80
77970 58
77972 66
77994 28
78027 99
78053 59
78081 31
78123 76
78153 116
78198 105
78204 12
78228 110
78272 56
78291 89
78304 28
78318 30
78324 110
78332 100
78341 3
78367 39
78395 90
78438 24
78450 12
78485 21
78502 123
78522 17
78547 43
78556 50
78562 126
78577 76
78608 77
78627 103
78652 111
78685 54
78699 120
78722 65
78730 105
78734 39
78735 75
78750 20
78781 103
78796 100
78833 38
78855 93
78891 33
78932 113
78961 79
78998 60
79008 36
79049 118
79058 33
79085 32
79104 52
79113 48
79151 25
79185 56
79197 29
79205 79
79238 70
79255 30
79273 102
79294 18
79322 93
79364 86
79391 16
79431 85
79456 104
79475 17
79500 82
79511 57
79550 42
79582 60
79608 15
79648 44
79652 118
79658 82
79686 68
79698 122
79738 75
79782 26
79797 22
79798 108
79821 57
79849 119
79867 98
79895 52
79930 53
79959 23
79966 13
79995 67
80012 23
80012 116
80038 109
80041 1
80074 90
80102 14
80108 2
80151 65
80177 50
80177 125
80185 27
80186 79
80224 66
80237 56
80245 12
80265 4
80308 115
80339 82
80359 67
80390 114
80428 113
80431 20
80467 29
80487 63
80527 64
80556 30
80583 108
80614 114
80631 91
80670 86
80689 35
80711 92
80730 9
80753 33
80753 81
80779 25
80780 10
80825 82
80857 64
80873 27
80887 40
80902 109
80920 112
80930 85
80965 24
80992 39
80993 94
80993 100
81010 93
81013 99
81045 4
81075 59
81091 16
81115 91
81117 61
81120 105
81138 26
81161 117
81199 111
81223 11
81230 36
81263 53
81283 54
81290 126
81308 21
81346 40
81376 42
81394 8
81398 38
81429 61
81454 102
81481 28
81494 27
81516 116
81533 67
81567 31
81575 106
81605 20
81638 23
81677 41
81699 122
81699 12
81736 118
81748 47
81759 90
81799 21
81799 59
81835 42
81877 88
81899 121
81909 38
81936 48
81953 105
81964 39
81990 95
82010 41
82038 45
82083 41
82102 7
82121 66
82137 122
82148 113
82191 17
82236 99
82271 97
82280 115
82298 44
82335 55
82356 55
82368 1
82401 83
82439 61
82469 57
82504 69
82529 50
82543 36
82580 2
82585 38
82590 125
82624 55
82660 112
82686 29
82701 91
82724 111
82733 68
82768 102
82796 11
82804 40
82805 44
82850 80
82889 43
82898 11
82930 125
82973 4
83008 96
83050 127
83082 65
83126 114
83152 17
83176 51
83176 82
83210 50
83215 27
83253 75
83279 11
83281 117
83289 2
83300 16
83344 82
83383 36
83388 92
83432 41
83439 83
83442 76
83453 12
83459 123
83465 56
83499 50
83517 28
83558 59
83580 90
83580 120
83596 17
83636 91
83671 115
83714 83
83719 36
83735 40
83772 4
83775 81
83809 44
83826 114
83828 119
83852 126
83877 76
83915 116
83934 110
83953 3
83966 81
83993 99
84014 50
84054 126
84058 11
84095 17
84132 83
84132 94
84151 92
84159 12
84183 49
84199 46
84227 47
84258 62
84275 96
84299 99
84340 103
84362 57
84403 93
84407 98
84440 125
84440 99
84469 61
84502 19
84542 97
84554 116
84557 5
84559 60
84572 106
84598 106
84629 75
84668 65
84706 78
84720 98
84746 90
84755 28
84791 16
84804 67
84828 31
84835 81
84844 24
84857 17
84894 75
84933 83
84971 28
85007 102
85039 51
85055 8
85091 121
85127 114
85166 58
85172 74
85209 13
85249 91
85273 101
85293 2
85301 8
85313 32
85350 57
85368 16
85377 44
85417 37
85427 12
85430 103
85453 92
85455 101
85498 78
85500 1
85538 43
85554 80
85582 56
85608 85
85647 55
85683 14
85712 31
85721 59
85730 30
85752 93
85777 20
85817 87
85846 110
85863 115
85867 5
85870 3
85908 12
85908 59
85928 48
85930 120
85942 46
85971 29
86011 43
86017 84
86057 36
86064 25
86096 87
86117 31
86135 16
86176 32
86210 125
86243 93
86280 4
86282 95
86311 118
86325 53
86364 127
86387 94
86401 22
86428 126
86443 10
86486 8
86492 117
86528 61
86555 13
86585 22
86623 71
86636 55
86668 120
86700 52
86702 55
86720 56
86764 86
86771 19
86811 33
86844 5
86884 126
86909 75
86923 83
86953 111
86992 99
87011 3
87055 85
87068 52
87079 99
87110 68
87122 68
87148 38
87158 101
87178 40
87207 84
87216 12
87224 117
87262 8
87290 126
87300 56
87342 16
87385 109
87415 50
87457 77
87484 58
87514 93
87516 10
87536 103
87549 80
87571 121
87587 71
87628 105
87669 122
87705 38
87748 73
87763 61
87770 100
87781 107
87790 82
87811 113
87837 90
87860 62
87889 100
87929 59
87973 26
87989 92
88021 94
88052 39
88059 76
88079 35
88106 126
88112 78
88155 75
88180 3
88217 56
88237 1
88273 74
88290 55
88316 31
88334 20
88335 87
88367 105
88367 11
88391 49
88427 47
88471 126
88474 97
88484 105
88502 49
88547 9
88560 39
88585 12
88612 50
88623 15
88667 41
88697 111
88700 32
88719 88
88726 59
88760 16
88762 117
88794 44
88823 89
88860 117
88891 2
88920 64
88940 32
88948 12
88993 76
89016 112
89060 107
89092 67
89132 15
89132 108
89153 17
89160 34
89203 38
89226 68
89240 102
89252 14
89274 120
89283 50
89300 43
89304 37
89348 103
89365 67
89384 11
89428 42
89441 59
89470 110
89511 114
89513 16
89526 4
89534 114
89535 15
89544 40
89581 60
89616 37
89643 17
89686 60
89724 75
89746 109
89776 14
89786 76
89821 10
89855 59
89856 113
89860 27
89900 12
89906 95
89913 84
89923 50
89951 111
89991 6
90032 25
90073 34
90088 127
90097 57
90124 126
90145 43
90145 9
90171 111
90191 50
90196 60
90218 84
90239 70
90280 14
90280 89
90325 118
90327 16
90356 61
90378 8
90399 53
90431 62
90468 14
90511 106
90529 78
90553 27
90595 116
90606 55
90623 51
90638 20
90668 60
90689 53
90713 8
90753 97
90768 24
90798 66
90828 101
90846 127
90878 20
90912 31
90915 4
90955 46
90963 84
90976 92
90989 62
91004 39
91029 81
91051 103
91052 100
91061 54
91100 80
91143 71
91159 51
91181 111
91186 25
91215 48
91242 84
91277 35
91287 25
91313 127
91325 108
91345 118
91350 85
91379 71
91417 54
91460 45
91485 66
91506 67
91527 91
91559 60
91583 61
91628 112
91664 101
91679 40
91696 125
91724 54
91734 25
91735 10
91778 56
91790 45
91801 66
91821 55
91857 62
91860 48
91864 25
91882 2
91906 39
91912 34
91940 25
91953 13
91964 81
91971 112
91977 119
91991 92
92035 81
92043 99
92057 43
92076 127
92077 64
92083 10
92122 107
92135 60
92145 112
92145 17
92183 108
92209 124
92254 58
92294 21
92300 9
92341 101
92362 10
92398 114
92423 24
92432 13
92453 21
92460 4
92463 79
92499 125
92508 75
92525 110
92562 30
92594 121
92618 78
92633 12
92672 95
92683 45
92687 89
92687 91
92703 54
92714 35
92714 104
92719 27
92735 29
92748 44
92782 110
92814 15
92859 22
92892 109
92931 2
92933 118
92950 14
92955 123
92973 96
93013 110
93019 118
93064 72
93067 77
93112 48
93143 32
93146 8
93178 65
93178 79
93201 87
93217 76
93242 99
93276 47
93297 91
93318 8
93361 32
93386 68
93391 102
93424 58
93456 67
93461 98
93485 38
93498 65
93526 118
93563 4
93569 92
93607 26
93614 96
93635 124
93644 31
93659 110
93689 39
93710 64
93742 68
93780 123
93790 55
93826 98
93826 52
93861 59
93890 63
93921 23
93951 107
93962 88
93982 90
94025 108
94034 62
94036 114
94059 46
94096 8
94131 96
94136 29
94155 63
94171 65
94195 126
94204 110
94242 91
94255 36
94283 53
94283 83
94296 99
94306 77
94315 114
94348 12
94379 12
94398 99
94435 3
94457 88
94477 33
94482 33
94510 106
94532 60
94548 37
94552 21
94566 101
94572 117
94597 57
94617 88
94624 87
94668 119
94683 102
94710 67
94738 47
94773 28
94788 10
94824 19
94828 126
94859 110
94885 111
94911 20
94937 117
94940 86
94982 113
95001 120
95038 123
95082 90
95096 120
95110 65
95137 11
95137 42
95159 102
95166 118
95208 75
95234 80
95276 39
95305 68
95321 14
95328 95
95338 58
95380 115
95407 83
95445 101
95461 21
95478 92
95499 113
95500 88
95520 116
95551 113
95571 49
95589 50
95610 7
95635 53
95645 117
95664 72
95686 22
95729 60
95760 42
95800 79
95825 109
95841 36
95843 90
95885 125
95907 18
95914 1
95925 78
95950 70
95963 23
95986 115
96008 47
96052 113
96084 118
96104 27
96119 39
96151 120
96188 33
96219 11
96259 60
96303 26
96318 71
96331 49
96347 52
96372 66
96377 79
96379 49
96389 122
96395 45
96439 83
96481 108
96518 6
96563 13
96575 46
96610 57
96621 87
96627 14
96643 93
96650 41
96675 116
96691 91
96696 126
96728 57
96752 62
96774 37
96816 72
96859 65
96872 111
96890 113
96907 96
96935 33
96962 44
96984 123
97017 109
97030 32
97037 20
97055 52
97093 105
97128 107
97170 105
97191 43
97198 6
97219 82
97259 71
97294 122
97319 112
97342 110
97356 15
97394 126
97422 82
97452 24
97465 107
97504 61
97504 118
97526 107
97538 84
97553 16
97574 57
97574 92
97582 91
97587 107
97604 58
97646 66
97680 114
97721 71
97743 27
97746 115
97771 89
97808 8
97821 66
97853 27
97871 20
97871 102
97905 42
97927 25
97955 29
97968 122
97978 20
98011 46
98033 10
98043 30
98079 99
98095 99
98125 46
98155 75
98157 53
98183 12
98221 52
98226 123
98241 70
98252 75
98266 15
98269 96
98292 61
98323 54
98364 98
98394 104
98423 66
98426 23
98468 61
98504 60
98514 15
98545 28
98565 98
98572 17
98573 53
98591 126
98634 43
98649 18
98675 104
98697 19
98732 116
98761 96
98780 124
98790 72
98822 58
98846 62
98882 93
98906 123
98950 76
98976 16
99017 20
99040 32
99049 13
99055 120
99061 29
99088 19
99109 62
99150 114
99171 73
99209 35
99219 47
99237 8
99274 77
99309 31
99310 92
99341 22
99365 125
99383 105
99387 79
99414 46
99423 55
99438 43
99461 9
99478 114
99521 15
99533 20
99558 43
99601 97
99633 45
99649 61
99672 67
99710 22
99727 124
99764 27
99804 14
99808 28
99848 18
99890 2
99910 19
99916 34
99928 125
99972 30
99997 43
100023 109
100049 48
100083 111
100102 11
100124 28
100147 111
100188 16
100199 49
100223 40
100260 43
100274 45
100284 57
100324 42
100326 57
100364 110
100382 87
100383 20
100384 52
100400 12
100412 118
100436 83
100464 67
100483 83
100493 121
100538 29
100559 110
100578 102
100580 119
100600 42
100640 77
100663 109
100707 33
100749 7
100776 127
100805 39
100825 32
100867 124
100873 113
100892 11
100914 110
100930 11
100955 89
100985 67
101001 124
101009 84
101050 69
101064 87
101069 125
101109 67
101144 126
101166 74
101166 4
101178 118
101192 121
101220 75
101240 39
101248 24
101272 88
101314 73
101358 49
101384 79
101384 43
101407 14
101436 95
101456 42
101456 71
101498 4
101541 96
101570 107
101610 70
101614 116
101637 78
101662 63
101705 33
101742 74
101772 24
101814 101
101824 86
101860 89
101862 114
101866 69
101909 90
101932 52
101975 87
101995 17
102029 49
102074 61
102095 127
102140 85
102157 11
102184 101
102204 42
102248 119
102254 97
102259 73
102295 107
102308 13
102326 4
102361 117
102389 71
102400 115
102427 73
102439 120
102469 68
102472 60
102479 69
102491 92
102501 81
102531 107
102572 101
102577 30
102605 42
102617 69
102625 1
102668 123
102692 11
102701 69
102706 7
102733 91
102753 32
102765 51
102785 19
102790 14
102812 9
102823 76
102843 112
102860 12
102874 125
102919 104
102949 88
102961 15
103000 118
103026 3
103043 74
103084 45
103113 42
103117 44
103154 24
103159 102
103161 79
103187 67
103215 114
103220 15
103259 11
103277 61
103288 77
103296 38
103340 33
103369 75
103391 80
103410 91
103443 119
103473 48
103486 88
103512 52
103528 33
103546 8
103570 65
103587 76
103612 65
103642 92
103659 64
103704 25
103718 62
103743 22
103774 4
103818 72
103843 123
103873 5
103886 73
103920 14
103920 89
103927 103
103946 2
103980 85
104019 87
104033 96
104035 113
104071 65
104106 89
104114 91
104129 120
104134 29
104179 118
104194 38
104209 7
104235 118
104259 18
104260 88
104263 69
104282 125
104301 94
104333 60
104338 91
104383 103
104383 21
104427 8
104438 46
104469 35
104479 73
104489 114
104507 35
104534 67
104547 126
104566 71
104593 36
104624 51
104642 20
104685 121
104704 61
104714 30
104714 78
104738 2
104754 97
104762 63
104787 46
104794 119
104800 36
104811 121
104842 34
104847 40
104872 82
104895 53
104908 79
104948 43
104979 120
105009 30
105024 72
105041 102
105050 25
105068 7
105074 5
105095 61
105109 124
105117 14
105140 9
105156 7
105180 68
105218 108
105250 102
105291 109
105323 41
105327 6
105349 13
105378 100
105417 29
105420 97
105431 110
105467 50
105483 90
105493 21
105501 117
105534 79
105560 119
105574 80
105610 73
105630 106
105660 2
105680 87
105697 63
105738 83
105781 78
105812 26
105842 24
105842 42
105881 92
105907 84
105943 19
105945 92
105961 6
105971 114
106007 4
106049 19
106072 45
106110 23
106126 103
106146 102
106158 117
106168 112
106170 11
106185 80
106227 5
106248 26
106264 103
106266 7
106305 6
106341 4
106371 28
106375 75
106381 123
106424 84
106424 78
106434 12
106465 10
106475 38
106515 7
106518 4
106536 59
106549 9
106572 118
106611 81
106633 95
106661 7
106683 7
106701 54
106741 1
106774 75
106813 31
106824 100
106829 1
106857 34
106870 70
106894 73
106896 37
106904 126
106941 52
106979 28
107015 115
107049 6
107061 12
107063 31
107099 93
107119 117
107127 118
107131 16
107145 107
107153 113
107167 31
107182 100
107209 15
107234 118
107240 115
107263 6
107305 75
107340 96
107376 111
107403 106
107447 32
107466 109
107487 102
107509 102
107548 43
107578 81
107587 50
107620 91
107652 72
107683 68
107705 90
107708 66
107725 57
107745 34
107770 90
107796 39
107813 41
107852 49
107862 12
107899 40
107913 121
107928 79
107970 19
107976 82
108002 80
108038 123
108045 17
108082 27
108104 90
108137 39
108161 116
108193 23
108220 54
108222 49
108223 92
108245 8
108283 120
108288 49
108307 60
108315 45
108321 16
108325 106
108350 73
108377 101
108383 53
108422 90
108457 11
108464 123
108501 78
108537 10
108581 56
108589 112
108596 59
108634 49
108637 34
108646 118
108661 61
108680 30
108682 65
108716 97
108724 30
108750 52
108753 80
108772 75
108811 44
108849 115
108890 20
108895 65
108897 65
108924 96
108967 56
109012 96
109032 45
109050 9
109072 48
109116 8
109133 72
109173 12
109196 81
109237 9
109261 33
109284 26
109297 123
109326 85
109330 78
109331 64
109366 62
109392 50
109396 29
109408 39
109419 61
109446 59
109473 115
109517 43
109542 106
109552 50
109593 107
109616 26
109642 26
109669 41
109697 66
109698 46
109704 60
109747 117
109773 31
109798 58
109832 66
109872 91
109915 125
109931 115
109939 110
109956 85
109959 84
109983 3
110028 53
110044 49
110047 9
110055 34
110057 53
110094 118
110102 81
110145 89
110153 65
110181 95
110184 116
110193 120
110219 116
110233 8
110258 24
110278 27
110318 127
110330 75
110366 60
110388 93
110397 26
110407 72
110416 123
110441 32
110456 127
110462 67
110494 14
110497 89
110528 55
110541 30
110555 106
110559 120
110576 30
110582 106
110596 101
110625 81
110648 78
110678 76
110711 54
110734 73
110762 96
110794 45
110820 34
110836 15
110877 116
110921 112
110958 57
110975 97
111008 81
111030 100
111068 77
111077 63
111083 13
111109 89
111124 22
111133 70
111174 114
111210 13
111244 123
111285 77
111321 64
111341 41
111386 33
111407 36
111425 99
111432 84
111471 87
111471 4
111516 101
111525 4
111534 50
111544 126
111573 44
111603 104
111605 93
111630 125
111660 43
111667 18
111686 10
111720 9
111753 49
111767 96
111781 105
