19 5
51 8
81 76
100 21
131 99
153 49
163 4
202 127
240 22
247 42
262 56
265 117
275 81
298 64
321 87
336 63
357 100
398 120
417 114
448 26
480 103
525 10
554 72
567 114
570 37
591 21
604 75
627 41
652 2
697 95
708 24
716 60
758 25
799 52
817 67
854 112
899 62
919 25
924 23
968 113
1004 34
1011 72
1041 44
1081 92
1121 67
1151 19
1175 94
1178 8
1179 40
1181 22
1226 115
1231 94
1254 29
1269 113
1275 47
1288 89
1299 42
1316 66
1350 23
1363 44
1381 103
1388 107
1428 74
1463 14
1493 8
1507 87
1541 25
1568 39
1574 15
1575 87
1601 4
1619 125
1630 47
1635 102
1635 126
1667 94
1694 54
1725 85
1732 16
1769 90
1810 92
1822 14
1856 23
1872 32
1904 71
1945 87
1976 24
1983 63
2006 105
2018 44
2030 99
2054 25
2066 104
2072 111
2113 15
2139 31
2150 54
2172 11
2208 81
2244 70
2248 51
2283 54
2285 116
2299 122
2331 30
2369 25
2402 53
2416 100
2416 106
2430 26
2449 43
2461 72
2472 82
2506 81
2540 87
2556 23
2585 120
2589 75
2596 18
2615 113
2630 86
2631 56
2644 50
2666 41
2693 68
2698 36
2731 85
2755 122
2767 101
2771 110
2775 108
2819 69
2845 11
2867 87
2897 95
2936 115
2946 69
2983 61
2995 86
3010 2
3046 36
3077 3
3080 90
3103 57
3104 115
3124 66
3158 80
3191 127
3225 34
3248 121
3248 28
3288 30
3312 72
3326 77
3333 50
3338 121
3366 52
3384 98
3418 19
3420 70
3428 2
3439 12
3453 79
3487 108
3494 93
3530 107
3545 111
3574 75
3617 93
3656 15
3664 124
3692 50
3727 27
3741 79
3775 60
3811 37
3827 2
3850 110
3887 8
3890 34
3923 89
3940 60
3981 110
4020 126
4024 125
4060 2
4093 108
4124 86
4162 84
4177 55
4177 7
4178 25
4181 59
4221 75
4265 14
4282 115
4297 61
4340 50
4365 18
4382 73
4382 49
4421 119
4441 33
4470 32
4490 88
4492 10
4520 41
4558 19
4586 121
4608 56
4643 70
4674 68
4710 103
4715 14
4720 59
4764 101
4769 9
4775 59
4805 60
4829 118
4854 126
4863 123
4891 99
4903 95
4935 22
4974 97
4988 105
5000 126
5039 6
5080 9
5113 92
5151 90
5191 11
5233 52
5262 96
5283 84
5321 21
5339 1
5342 7
5374 111
5401 59
5413 2
5442 123
5455 45
5496 42
5507 77
5547 110
5561 114
5565 95
5570 122
5571 19
5606 56
5622 69
5638 73
5672 9
5697 60
5728 108
5773 85
5791 107
5802 119
5806 32
5832 120
5876 19
5919 22
5937 65
5961 10
5978 96
6021 33
6037 65
6058 93
6068 71
6087 105
6119 93
6151 127
6177 7
6221 56
6264 98
6264 34
6285 57
6317 39
6343 9
6361 108
6400 89
6424 110
6462 82
6471 49
6491 81
6506 104
6538 113
6575 82
6594 13
6603 78
6620 10
6631 79
6664 31
6674 120
6681 80
6687 119
6708 63
6741 37
6762 69
6778 75
6797 93
6801 101
6843 17
6867 53
6884 39
6898 48
6938 62
6967 42
6999 12
7033 17
7065 118
7088 62
7121 82
7162 14
7180 60
7194 40
7204 53
7215 24
7244 90
7249 23
7268 65
7277 70
7309 55
7339 41
7368 118
7402 102
7443 77
7472 77
7490 59
7520 65
7549 35
7588 82
7603 100
7606 53
7636 75
7658 91
7675 65
7675 109
7697 57
7729 100
7738 24
7757 98
7778 36
7821 47
7852 102
7853 15
7892 58
7897 75
7905 1
7939 87
7948 37
7992 17
8009 9
8017 24
8047 6
8071 30
8099 53
8127 112
8166 5
8187 2
8214 71
8231 73
8243 6
8256 39
8288 65
8331 50
8362 16
8371 78
8385 49
8393 97
8409 119
8415 121
8447 57
8462 39
8481 47
8508 87
8546 103
8580 126
8593 21
8620 41
8627 49
8666 101
8677 111
8706 36
8708 37
8721 75
8737 127
8763 22
8788 125
8814 70
8836 115
8849 99
8861 34
8865 41
8900 15
8929 15
8929 109
8970 100
9004 67
9041 30
9042 72
9056 104
9090 54
9096 41
9136 122
9154 59
9163 53
9191 83
9204 47
9210 115
9245 20
9288 30
9321 115
9343 39
9351 75
9354 43
9392 11
9406 101
9432 108
9472 19
9493 121
9514 25
9521 85
9525 35
9549 118
9567 91
9595 7
9602 25
9632 63
9675 31
9692 6
9715 91
9724 111
9768 11
9774 60
9805 84
9829 120
9839 27
9853 17
9877 89
9907 34
9928 46
9934 95
9952 31
9984 28
10027 116
10066 100
10069 107
10113 56
10139 96
10147 45
10184 54
10228 76
10270 121
10292 39
10313 41
10343 113
10385 123
10389 81
10399 114
10406 123
10436 47
10447 79
10454 15
10490 51
10531 55
10536 65
10570 46
10605 127
10642 115
10673 55
10717 43
10727 88
10768 94
10778 118
10801 16
10834 44
10863 12
10870 98
10903 7
10906 123
10950 8
10993 33
11001 55
11042 30
11078 21
11112 70
11134 49
11162 81
11193 30
11196 60
11221 71
11235 60
11268 66
11273 110
11316 74
11355 9
11355 5
11375 75
11412 33
11424 119
11461 35
11488 91
11491 8
11497 35
11512 103
11548 22
11575 15
11603 55
11637 102
11659 50
11687 96
11716 77
11742 27
11783 24
11786 21
11791 121
11827 114
11833 93
11869 9
11906 21
11922 14
11923 56
11956 115
11958 4
11959 111
11980 18
12004 91
12025 29
12033 23
12040 33
12041 20
12071 51
12080 26
12112 93
12125 109
12162 67
12181 38
12216 2
12234 59
12241 102
12255 25
12299 65
12306 12
12319 76
12334 83
12360 47
12363 10
12408 100
12420 81
12430 124
12460 68
12478 116
12517 8
12560 79
12567 8
12595 23
12630 118
12650 94
12683 9
12728 63
12766 4
12779 56
12792 81
12803 45
12803 64
12810 2
12842 86
12869 101
12896 43
12898 46
12934 54
12968 100
13008 58
13044 86
13058 84
13077 116
13117 79
13118 68
13133 45
13155 64
13192 21
13217 30
13234 93
13242 30
13283 5
13297 112
13324 99
13368 7
13387 25
13396 115
13413 63
13457 44
13477 9
13478 2
13497 45
13535 88
13543 60
13552 77
13574 113
13581 78
13613 9
13653 91
13662 38
13665 4
13694 71
13694 70
13724 40
13739 113
13767 26
13810 76
13834 25
13870 67
13892 49
13916 51
13960 102
13964 49
14007 104
14042 39
14052 44
14094 35
14124 30
14155 74
14166 52
14194 103
14221 107
14255 10
14299 5
14308 34
14340 126
14376 22
14419 58
14441 108
14479 113
14508 82
14552 79
14573 106
14580 119
14589 87
14615 115
14632 34
14652 54
14659 103
14662 76
14678 5
14685 90
14721 39
14742 81
14785 109
14795 93
14804 30
14825 7
14869 9
14870 18
14894 34
14899 61
14907 34
14945 7
14959 44
14986 102
14989 85
15002 108
15045 31
15050 58
15065 104
15098 37
15110 107
15155 59
15169 99
15204 37
15221 106
15244 39
15289 62
15291 13
15313 10
15335 82
15356 93
15385 49
15425 115
15448 12
15491 53
15492 5
15518 82
15530 122
15537 118
15537 49
15566 18
15606 54
15651 9
15670 68
15680 14
15691 20
15707 71
15733 4
15770 28
15805 41
15848 79
15863 18
15897 99
15932 28
15937 3
15971 56
15981 118
15999 23
16006 94
16010 8
16017 47
16059 102
16082 6
16113 86
16145 29
16184 64
16188 66
16230 51
16235 79
16271 53
16304 104
16310 97
16351 101
16366 20
16407 35
16434 28
16449 11
16452 16
16480 28
16511 117
16511 29
16544 60
16560 43
16572 55
16599 95
16612 22
16629 102
16648 122
16663 6
16692 10
16711 38
16728 121
16750 120
16794 99
16837 95
16875 13
16886 64
16927 98
16960 47
16967 65
17002 84
17020 103
17021 111
17047 109
17078 12
17085 66
17110 35
17133 38
17178 37
17211 63
17250 90
17273 62
17298 71
17309 66
17312 8
17349 48
17367 38
17396 9
17440 113
17444 116
17453 78
17456 15
17461 74
17494 50
17537 77
17550 117
17568 21
17599 93
17605 24
17609 19
17633 1
17668 54
17699 102
17730 120
17746 80
17747 115
17789 32
17830 12
17834 69
17866 118
17877 89
17917 115
17927 91
17950 94
17957 66
17989 67
18010 20
18032 42
18048 92
18088 116
18111 9
18155 95
18176 64
18191 118
18221 67
18250 101
18250 44
18274 10
18311 107
18311 67
18352 21
18371 59
18382 96
18418 52
18459 15
18461 21
18479 79
18521 89
18559 96
18604 37
18639 35
18646 93
18686 42
18705 99
18719 91
18755 104
18790 57
18824 94
18848 74
18867 13
18885 112
18914 60
18943 53
18945 117
18953 119
18960 63
18976 78
19011 87
19015 29
19038 2
19057 120
19075 60
19110 74
19151 46
19188 27
19197 115
19207 117
19238 51
19260 96
19279 13
19317 98
19317 123
19356 26
19382 25
19393 82
19435 111
19463 64
19480 55
19488 120
19532 91
19557 127
19574 57
19583 23
19592 3
19600 13
19632 101
19634 90
19674 13
19684 28
19689 38
19718 9
19752 28
19790 79
19800 103
19811 28
19852 96
19889 75
19923 86
19926 34
19943 24
19974 104
19987 9
20002 105
20009 68
20031 24
20043 32
20056 110
20062 115
20085 77
20103 89
20114 101
20156 88
20199 116
20243 82
20250 50
20287 106
20318 49
20329 15
20361 9
20380 40
20397 74
20415 6
20443 60
20485 56
20496 70
20512 63
20548 31
20557 54
20562 95
20583 91
20599 6
20602 35
20612 105
20647 15
20670 36
20674 98
20699 119
20713 110
20725 53
20745 13
20776 98
20797 5
20837 39
20877 22
20888 116
20888 17
20903 17
20934 104
20965 41
20993 30
21014 27
21043 71
21064 45
21106 11
21108 59
21117 45
21132 40
21149 19
21168 72
21173 19
21205 71
21248 22
21267 63
21285 15
21318 76
21325 46
21370 124
21400 87
21409 80
21420 32
21439 117
21476 29
21491 44
21494 113
21503 109
21504 5
21519 105
21526 73
21556 32
21589 40
21608 37
21628 51
21667 107
21686 38
21715 25
21734 85
21735 58
21749 25
21753 95
21795 86
21819 95
21840 17
21873 3
21918 95
21946 45
21948 59
21987 118
22013 124
22039 88
22077 44
22089 108
22098 109
22141 116
22179 64
22211 119
22221 30
22251 80
22279 23
22313 20
22350 108
22366 127
22390 83
22418 13
22436 101
22449 62
22458 104
22498 108
22503 119
22507 118
22532 56
22577 111
22597 29
22599 124
22627 51
22664 54
22698 126
22720 45
22730 29
22733 53
22766 28
22777 119
22807 111
22852 126
22891 49
22925 99
22932 6
22975 48
23010 92
23016 24
23044 90
23077 103
23082 52
23112 75
23130 85
23158 108
23198 32
23226 67
23252 122
23288 62
23296 127
23304 37
23308 28
23323 55
23329 65
23357 66
23365 45
23365 73
23396 27
23420 37
23433 3
23448 86
23450 22
23461 26
23504 39
23527 17
23531 72
23534 69
23555 106
23591 116
23619 7
23626 77
23630 66
23638 100
23669 71
23682 35
23696 62
23696 12
23739 104
23774 56
23801 50
23843 52
23877 125
23911 111
23933 42
23976 50
24002 33
24006 34
24038 102
24063 1
24071 84
24075 97
24090 76
24093 113
24103 38
24133 114
24157 40
24178 78
24206 76
24231 88
24254 89
24278 112
24303 26
24337 114
24359 43
24384 1
24387 44
24393 91
24395 7
24434 38
24442 101
24473 59
24497 116
24497 127
24539 7
24564 63
24576 63
24580 63
24623 35
24655 41
24691 92
24712 25
24746 8
24775 1
24796 93
24836 121
24881 32
24902 66
24940 57
24960 112
25003 109
25034 108
25053 120
25075 80
25082 69
25106 69
25135 77
25172 93
25180 94
25220 67
25226 122
25257 64
25269 47
25269 33
25305 5
25321 19
25330 21
25345 48
25384 29
25412 49
25412 82
25452 78
25485 46
25485 92
25493 37
25537 66
25563 109
25603 63
25612 117
25615 64
25653 62
25687 9
25718 108
25722 100
25764 106
25786 94
25791 47
25830 9
25856 43
25860 73
25894 37
25907 22
25942 84
25985 54
26015 53
26026 28
26030 24
26040 12
26079 66
26097 3
26137 36
26147 50
26192 31
26192 39
26233 94
26278 48
26283 106
26297 51
26318 52
26319 87
26341 103
26375 105
26376 120
26404 94
26436 63
26476 26
26501 28
26503 93
26513 109
26543 102
26548 107
26560 119
26561 94
26561 92
26595 76
26611 37
26655 121
26680 39
26699 127
26711 24
26754 31
26792 2
26815 83
26846 85
26851 96
26863 87
26863 15
26904 70
26940 22
26943 47
26980 97
27012 25
27014 118
27019 48
27048 50
27061 66
27077 114
27113 67
27116 63
27160 3
27185 68
27225 9
27256 2
27298 123
27337 34
27339 112
27341 73
27372 126
27374 65
27417 78
27455 30
27477 41
27489 52
27531 92
27544 76
27577 21
27582 12
27601 39
27601 12
27646 45
27653 48
27681 61
27698 100
27718 35
27746 75
27749 85
27775 92
27819 109
27861 58
27874 80
27884 90
27898 20
27912 62
27931 8
27964 100
27964 120
27992 22
27999 66
28037 36
28044 72
28049 38
28087 78
28100 37
28126 108
28133 20
28167 46
28208 121
28213 26
28251 67
28278 15
28305 42
28325 77
28355 71
28387 14
28424 45
28432 63
28456 44
28467 36
28471 110
28474 95
28484 97
28518 94
28545 95
28557 39
28583 61
28623 41
28627 34
28641 39
28644 50
28654 95
28685 32
28685 110
28708 24
28746 23
28779 63
28805 38
28821 92
28830 65
28844 34
28880 112
28905 4
28911 26
28943 96
28963 54
28995 77
28996 76
28999 18
29020 117
29032 25
29037 71
29075 77
29120 36
29158 112
29177 62
29196 47
29211 72
29221 68
29238 57
29265 56
29283 108
29295 117
29309 66
29318 25
29321 85
29356 94
29401 110
29440 99
29447 118
29453 37
29466 25
29498 78
29513 93
29517 72
29538 60
29579 109
29599 6
29622 49
29658 37
29664 16
29709 102
29728 9
29750 14
29760 89
29787 78
29820 122
29821 27
29825 65
29868 83
29881 99
29881 35
29883 50
29891 23
29910 56
29912 82
29942 100
29971 49
29984 43
29994 66
29997 70
30010 57
30036 22
30075 76
30089 31
30129 96
30139 19
30159 124
30197 39
30198 41
30228 42
30229 104
30239 44
30282 104
30305 119
30346 70
30357 66
30380 28
30401 82
30444 31
30470 42
30503 11
30513 127
30528 115
30572 73
30576 80
30601 71
30624 51
30630 41
30674 55
30677 81
30702 122
30746 83
30767 98
30812 85
30841 92
30854 27
30886 62
30890 43
30903 93
30925 19
30939 78
30942 6
30982 107
31009 48
31025 74
31033 121
31067 85
31067 4
31085 12
31107 98
31146 67
31164 27
31176 3
31207 110
31217 122
31217 60
31250 66
31254 105
31261 91
31289 17
31316 69
31326 102
31370 32
31371 27
31383 103
31411 27
31430 85
31451 100
31493 78
31520 47
31552 15
31590 36
31625 42
31631 104
31662 114
31671 21
31712 39
31750 18
31751 64
31796 94
31819 19
31864 59
31895 52
31895 17
31939 17
31952 8
31971 47
31984 97
32006 52
32046 77
32051 43
32069 65
32106 58
32137 63
32177 106
32186 69
32204 109
32249 32
32254 115
32276 87
32314 31
32315 63
32344 65
32377 100
32404 93
32414 4
32416 4
32440 52
32455 95
32464 125
32491 58
32502 66
32529 111
32552 43
32579 75
32587 79
32607 81
32612 82
32637 81
32675 102
32698 39
32703 4
32727 69
32740 19
32749 30
32770 80
32774 62
32807 116
32811 69
32822 37
32825 55
32833 111
32855 88
32876 20
32917 104
32941 47
32982 61
32998 91
33005 98
33046 61
33070 25
33089 70
33109 25
33138 54
33167 33
33209 19
33238 116
33259 126
33274 23
33305 31
33344 1
33379 111
33392 93
33429 69
33449 7
33469 117
33483 71
33494 18
33526 32
33539 98
33542 72
33547 16
33586 57
33625 125
33654 68
33692 33
33712 11
33736 83
33765 93
33808 7
33836 126
33856 106
33867 71
33886 100
33904 4
33931 85
33960 22
33995 22
34040 116
34067 60
34088 108
34130 39
34161 19
34163 107
34164 17
34189 120
34215 80
34220 41
34238 57
34263 76
34264 126
34276 6
34309 20
34326 44
34354 53
34357 35
34390 51
34420 54
34450 17
34493 75
34518 9
34536 113
34579 85
34619 91
34664 13
34664 75
34682 88
34686 56
34710 65
34723 111
34745 19
34785 21
34824 27
34831 71
34869 73
34911 28
34935 105
34948 48
34987 35
35030 26
35034 86
35076 12
35092 88
35099 84
35130 121
35136 115
35181 62
35210 107
35212 9
35236 42
35266 124
35285 116
35326 26
35343 26
35376 71
35401 99
35435 62
35447 62
35487 60
35511 113
35554 51
35583 21
35601 72
35641 54
35663 2
35677 115
35688 83
35731 98
35753 49
35770 82
35802 62
35807 52
35828 103
35871 8
35893 45
35901 118
35920 78
35957 84
35973 82
35990 107
36021 35
36044 120
36044 60
36050 72
36087 78
36130 91
36148 44
36182 96
36223 74
36263 51
36303 57
36348 114
36364 17
36399 46
36414 83
36447 114
36482 23
36514 7
36541 68
36560 98
36588 95
36602 96
36642 109
36670 65
36705 36
36723 101
36754 68
36764 96
36765 76
36792 89
36814 57
36830 46
36830 98
36852 70
36880 120
36887 95
36902 29
36931 41
36958 26
36981 5
36992 99
37023 46
37057 52
37062 119
37094 121
37104 6
37106 103
37128 74
37135 2
37168 54
37198 53
37225 55
37226 61
37264 32
37279 116
37308 28
37345 44
37359 69
37403 77
37427 47
37466 95
37502 38
37524 87
37567 111
37594 38
37600 56
37600 82
37628 102
37642 26
37672 67
37697 81
37727 53
37744 51
37750 32
37790 94
37828 33
37834 70
37845 31
37884 106
37899 125
37937 98
37942 99
37973 57
37981 47
38007 106
38044 19
38052 125
38092 15
38119 94
38142 113
38176 77
38203 19
38204 20
38205 98
38206 56
38206 5
38236 32
38259 103
38275 42
38317 26
38333 58
38366 10
38372 47
38397 72
38412 32
38456 90
38496 21
38532 28
38565 122
38589 54
38607 6
38609 54
38620 127
38636 26
38643 107
38645 106
38675 3
38718 105
38730 10
38733 62
38750 19
38795 100
38840 113
38854 86
38875 67
38916 68
38935 96
38969 23
39000 10
39026 15
39051 5
39057 6
39064 97
39090 63
39101 32
39124 97
39138 113
39163 96
39206 114
39227 88
39251 122
39273 43
39315 75
39321 106
39352 14
39380 40
39389 5
39407 20
39422 76
39448 24
39457 77
39482 70
39515 57
39549 33
39575 38
39590 58
39614 40
39650 35
39659 69
39703 19
39746 99
39768 58
39803 42
39805 72
39821 97
39844 63
39855 103
39878 64
39913 33
39933 66
39977 57
39992 91
40015 20
40029 24
40033 14
40046 41
40051 81
40086 111
40110 78
40155 35
40163 30
40184 84
40188 24
40232 63
40238 53
40249 9
40269 25
40284 4
40293 9
40327 106
40355 44
40395 75
40403 32
40428 84
40462 21
40497 41
40514 53
40529 58
40547 41
40571 21
40605 124
40631 12
40660 37
40673 41
40712 44
40755 80
40765 61
40798 116
40826 107
40840 87
40868 73
40910 94
40932 47
40970 116
40994 66
41013 83
41056 7
41069 71
41111 83
41136 71
41176 39
41186 9
41195 17
41218 127
41226 117
41263 74
41266 26
41266 85
41273 120
41283 125
41312 70
41321 64
41366 122
41389 33
41402 15
41409 73
41424 43
41458 85
41503 96
41517 104
41559 124
41579 8
41596 22
41623 76
41634 2
41669 63
41691 40
41711 104
41740 111
41785 57
41822 53
41857 102
41867 20
41893 25
41910 25
41941 120
41949 92
41985 68
41987 90
41989 24
42017 54
42042 64
42087 74
42125 78
42153 86
42183 38
42186 112
42196 46
42199 95
42230 106
42244 114
42252 78
42295 19
42306 121
42312 16
42317 45
42343 48
42364 1
42379 101
42404 11
42439 83
42473 47
42498 121
42528 29
42538 1
42548 59
42568 105
42568 7
42586 39
42610 20
42619 75
42623 11
42629 62
42665 87
42666 65
42696 14
42728 83
42750 76
42762 99
42769 30
42801 64
42832 6
42876 81
42900 62
42922 20
42938 27
42979 94
42992 64
43034 54
43078 126
43091 111
43106 14
43117 90
43152 123
43171 72
43190 78
43213 35
43256 48
43257 60
43273 52
43275 86
43280 22
43321 89
43329 39
43355 110
43376 99
43388 76
43426 21
43430 13
43438 68
43441 50
43449 63
43492 83
43505 69
43536 39
43536 10
43549 66
43569 16
43610 105
43651 13
43683 113
43717 7
43724 81
43729 42
43759 31
43771 54
43777 78
43804 127
43813 20
43817 94
43832 7
43858 40
43882 35
43912 37
43929 82
43952 49
43977 52
44006 72
44022 75
44036 97
44050 1
44094 28
44098 103
44108 87
44123 17
44136 33
44150 89
44172 92
44177 47
44189 16
44193 99
44237 94
44258 92
44269 81
44285 86
44297 126
44328 16
44336 10
44377 24
44380 91
44393 12
44433 46
44439 40
44480 96
44506 3
44521 72
44548 120
44568 49
44572 58
44575 49
44587 1
44606 95
44637 124
44648 25
44665 62
44689 116
44702 34
44740 52
44754 86
44755 104
44767 65
44785 80
44823 118
44862 47
44889 85
44934 78
44934 33
44973 32
44985 119
45030 81
45063 87
45078 121
45078 91
45110 48
45141 21
45171 65
45195 2
45215 86
45243 42
45258 55
45288 110
45310 122
45349 88
45387 19
45409 37
45421 52
45433 89
45436 64
45467 70
45471 91
45500 39
45523 72
45539 24
45542 4
45554 13
45599 53
45611 77
45628 52
45668 76
45685 51
45720 80
45762 75
45798 40
45812 15
45843 65
45876 18
45905 112
45913 104
45920 93
45928 14
45965 40
45970 42
45979 25
46020 97
46060 104
46072 125
46088 83
46098 64
46114 16
46135 117
46145 51
46162 57
46182 54
46224 52
46260 35
46278 91
46319 37
46348 15
46387 23
46428 109
46433 57
46455 6
46469 123
46508 121
46538 121
46565 29
46587 26
46590 42
46600 79
46618 33
46622 98
46629 64
46638 94
46677 79
46697 4
46731 75
46737 56
46759 79
46772 75
46804 6
46831 42
46872 77
46905 117
46924 23
46938 88
46950 14
46981 103
46983 108
47021 21
47022 9
47060 81
47081 78
47113 28
47141 2
47172 112
47212 31
47240 16
47246 11
47256 115
47300 72
47337 79
47359 43
47370 119
47389 120
47405 86
47413 122
47423 16
47449 122
47464 82
47498 110
47520 73
47540 20
47568 78
47572 116
47590 31
47621 21
47659 7
47690 86
47726 72
47734 31
47760 70
47764 86
47794 77
47814 66
47826 50
47845 90
47881 20
47894 119
47926 40
47942 16
47974 75
47988 3
47990 64
48015 90
48060 7
48062 7
48097 37
48098 116
48113 82
48139 108
48165 6
48200 22
48238 5
48283 20
48305 32
48327 3
48371 94
48375 20
48386 1
48425 102
48449 47
48481 81
48526 30
48559 29
48560 55
48566 38
48581 86
48595 12
48605 58
48650 80
48692 108
48704 28
48744 87
48744 9
48765 70
48787 58
48816 12
48840 55
48859 56
48891 106
48917 32
48918 104
48936 120
48970 62
49008 44
49018 39
49059 20
49072 89
49072 24
49117 25
49146 4
49149 97
49160 50
49186 35
49210 38
49223 76
49250 54
49285 12
49327 71
49352 6
49379 22
49416 48
49445 117
49448 59
49466 119
49468 12
49478 46
49507 23
49531 119
49531 86
49555 7
49586 65
49608 37
49645 8
49658 90
49701 104
49708 38
49729 95
49749 90
49754 35
49757 126
49788 13
49813 86
49851 77
49883 6
49908 88
49916 116
49950 52
49969 111
49996 92
50028 63
50057 24
50088 81
50108 96
50116 5
50150 60
50190 9
50215 14
50244 69
50285 4
50320 60
50350 7
50389 93
50392 75
50414 10
50445 34
50489 25
50492 122
50495 120
50498 23
50502 115
50543 77
50571 44
50614 127
50630 29
50640 64
50654 107
50663 38
50699 65
50710 61
50711 55
50753 53
50780 25
50823 34
50858 86
50895 65
50912 66
50955 103
50956 53
50978 18
51012 99
51045 113
51087 51
51119 32
51120 84
51126 99
51159 28
51193 94
51235 113
51256 116
51299 66
51344 69
51354 22
51368 95
51399 48
51402 98
51402 72
51444 49
51486 61
51525 79
51562 127
51599 48
51638 36
51657 26
51659 127
51696 6
51741 2
51779 24
51818 14
51845 126
51861 98
51890 71
51918 64
51961 72
51961 36
51982 5
51991 87
52010 44
52025 52
52053 69
52076 45
52100 107
52132 29
52136 100
52173 8
52211 10
52224 76
52257 75
52287 24
52320 86
52358 76
52367 49
52372 71
52392 56
52429 25
52459 69
52469 29
52485 107
52490 83
52520 26
52527 76
52566 74
52597 90
52628 16
52672 81
52714 122
52724 56
52745 38
52789 25
52795 67
52796 8
52805 5
52831 59
52856 44
52880 77
52905 93
52910 70
52944 120
52949 77
52987 48
53014 64
53046 120
53083 111
53088 125
53133 3
53151 74
53162 102
53173 82
53189 66
53206 14
53221 60
53261 23
53269 42
53290 105
53309 110
53312 106
53348 76
53361 1
53405 113
53409 44
53429 67
53442 106
53476 37
53519 69
53541 108
53567 50
53609 125
53645 102
53646 80
53687 84
53714 123
53738 61
53776 31
53778 33
53778 122
53780 60
53800 75
53833 37
53838 120
53881 26
53910 126
53943 19
53980 78
54013 17
54029 96
54071 68
54102 17
54130 115
54161 3
54194 112
54235 44
54262 37
54288 96
54327 49
54334 4
54379 74
54385 4
54409 89
54416 103
54452 86
54478 23
54482 54
54514 86
54527 111
54557 3
54570 41
54609 48
54614 29
54620 43
54629 28
54645 80
54653 97
54696 95
54705 73
54739 95
54774 123
54788 7
54813 41
54843 57
54880 127
54894 83
54929 43
54955 16
54988 125
55001 125
55023 75
55029 44
55061 105
55068 123
55096 80
55115 35
55115 19
55141 9
55148 24
55185 127
55208 9
55215 8
55227 78
55261 62
55270 82
55302 116
55304 80
55341 43
55341 24
55348 5
55371 39
55393 102
55420 43
55421 95
55440 118
55444 102
55484 9
55490 119
55503 64
55523 127
55545 101
55556 31
55588 126
55604 104
55620 4
55661 23
55690 78
55717 75
55759 108
55797 37
55806 63
55841 6
55855 22
55859 18
55871 42
55914 41
55927 7
55940 78
55959 78
55993 30
56032 31
56044 108
56045 97
56051 30
56065 27
56070 27
56085 75
56089 65
56109 46
56150 31
56152 41
56191 60
56198 36
56223 72
56262 35
56300 21
56316 17
56343 26
56358 110
56361 62
56370 127
56375 127
56404 45
56431 79
56438 107
56480 49
56521 94
56563 97
56604 46
56641 103
56641 62
56647 38
56672 17
56712 96
56756 105
56762 75
56796 3
56839 14
56854 80
56875 33
56877 58
56893 29
56938 61
56980 27
57025 116
57055 23
57076 31
57078 19
57101 30
57121 99
57142 119
57165 109
57169 17
57169 52
57181 19
57188 109
57208 55
57248 26
57286 48
57331 32
57335 93
57352 87
57386 43
57414 69
57425 3
57445 97
57445 44
57468 90
57491 3
57507 29
57551 65
57591 55
57621 40
57657 125
57668 77
57670 51
57677 7
57680 71
57720 19
57764 33
57768 65
57779 32
57823 80
57852 115
57876 7
57882 24
57914 83
57948 98
57978 91
57998 105
58026 99
58033 123
58058 85
58071 55
58109 22
58148 43
58157 44
58174 32
58198 79
58207 70
58248 31
58257 125
58276 68
58311 31
58348 35
58362 110
58387 58
58425 86
58458 49
58485 44
58504 54
58516 4
58527 66
58534 125
58552 23
58585 92
58629 41
58664 32
58704 64
58733 28
58747 27
58750 56
58756 1
58798 67
58833 30
58842 34
58878 68
58919 46
58956 65
58990 63
59000 53
59018 38
59024 31
59057 89
59070 126
59093 17
59131 127
59134 121
59171 112
59188 86
59232 8
59264 80
59279 94
59323 65
59352 85
59384 62
59394 36
59407 92
59435 10
59455 121
59486 85
59500 59
59538 6
59548 101
59579 89
59592 8
59635 62
59636 60
59665 88
59700 121
59710 64
59749 114
59779 33
59809 117
59823 104
59841 75
59845 102
59850 51
59883 57
59908 36
59931 34
59950 62
59983 127
59986 103
59998 89
60024 118
60025 114
60065 111
60074 66
60078 10
60095 121
60103 13
60142 102
60178 89
60199 120
60224 8
60261 9
60274 31
60305 64
60322 85
60328 29
60354 48
60398 127
60433 45
60454 20
60474 89
60486 108
60491 8
60512 51
60549 32
60594 19
60615 70
60633 33
60650 38
60674 7
60719 104
60724 104
60763 60
60805 1
60805 19
60805 3
60848 33
60876 94
60887 26
60919 63
60959 8
60977 39
60991 93
61005 31
61033 4
61065 106
61094 75
61131 13
61148 97
61171 44
61212 67
61230 43
61241 70
61281 110
61322 63
61329 121
61360 15
61374 102
61414 90
61418 28
61436 44
61460 63
61464 10
61483 35
61502 124
61502 38
61506 51
61510 14
61550 46
61589 118
61597 34
61610 125
61639 17
61680 123
61719 52
61755 1
61776 97
61781 93
61786 73
61813 57
61842 79
61885 89
61911 19
61929 80
61967 79
61970 121
61997 62
62035 89
62054 74
62072 87
62072 23
62073 42
62087 11
62119 13
62136 106
62139 4
62152 58
62158 5
62187 56
62187 9
62225 67
62232 3
62258 9
62298 122
62324 85
62343 96
62357 76
62393 69
62406 2
62406 29
62409 123
62410 74
62422 107
62466 92
62493 55
62503 70
62525 70
62551 82
62559 101
62602 45
62614 127
62647 50
62673 36
62713 66
62725 105
62750 37
62763 91
62784 60
62827 23
62848 115
62883 94
62891 64
62923 67
62954 72
62967 126
62972 86
62975 30
62978 111
63019 65
63033 126
63073 88
63099 80
63127 120
63151 70
63160 98
63191 15
63233 49
63236 48
63237 125
63238 44
63272 76
63293 72
63328 32
63331 104
63360 29
63380 100
63415 111
63435 92
63456 45
63468 59
63468 115
63499 80
63543 3
63567 30
63574 9
63603 81
63631 79
63662 81
63687 2
63707 40
63748 117
63753 112
63774 98
63776 76
63806 13
63835 84
63858 97
63876 116
63912 5
63955 24
63999 15
64010 52
64015 52
64026 34
64036 29
64064 66
64108 22
64121 30
64151 50
64182 42
64220 23
64239 18
64245 120
64261 36
64278 70
64293 88
64332 51
64342 111
64345 9
64354 74
64381 72
64388 84
64422 125
64458 27
64469 46
64506 79
64530 69
64530 67
64538 11
64539 29
64556 99
64566 40
64592 123
64617 65
64617 16
64639 122
64681 103
64696 30
64711 62
64723 26
64763 63
64768 64
64786 49
64813 122
64832 66
64866 23
64901 24
64908 101
64953 69
64955 125
64995 94
65007 41
65018 30
65026 39
65058 5
65089 72
65112 94
65141 1
65172 30
65202 89
65215 29
65224 80
65244 97
65286 18
65315 7
65336 126
65381 26
65415 25
65439 50
65452 38
65481 16
65519 80
65560 126
65563 67
65567 37
65610 12
65655 2
65679 106
65724 22
65758 58
65770 119
65791 115
65796 97
65821 84
65843 14
65863 19
65883 63
65920 30
65940 6
65965 29
65986 100
65986 9
65995 122
66001 98
66014 22
66016 57
66018 78
66050 2
66080 103
66116 1
66125 92
66137 51
66182 19
66194 87
66208 49
66225 98
66270 32
66287 7
66316 99
66339 118
66359 123
66395 7
66412 91
66413 96
66449 101
66457 34
66496 72
66534 120
66536 70
66555 55
66559 53
66595 47
66604 96
66620 126
66663 104
66673 92
66673 64
66701 43
66713 5
66756 84
66788 65
66791 16
66834 42
66853 94
66884 78
66926 67
66954 3
66956 4
66979 71
66997 108
67033 105
67036 87
67074 121
67109 64
67144 49
67162 105
67174 32
67200 57
67219 22
67241 17
67255 6
67293 21
67319 121
67359 14
67371 54
67402 3
67414 2
67439 76
67454 122
67493 87
67531 78
67550 77
67576 110
67617 75
67618 64
67639 117
67676 44
67703 105
67710 87
67721 57
67728 120
67767 62
67788 97
67791 32
67829 63
67847 52
67861 123
67864 107
67891 20
67907 35
67916 7
67921 90
67966 33
67975 115
67982 68
67991 22
68032 28
68041 122
68051 98
68052 13
68070 104
68076 111
68079 89
68102 106
68104 4
68113 103
68141 105
68162 9
68202 110
68242 57
68284 105
68309 37
68329 32
68357 42
68394 116
68430 49
68459 59
68486 127
68490 89
68492 39
68523 97
68532 31
68555 119
68555 61
68583 118
68593 123
68627 115
68644 57
68678 57
68704 67
68730 59
68746 97
68788 57
68791 50
68818 17
68859 78
68878 34
68890 47
68895 116
68904 84
68910 26
68951 20
68981 48
69022 105
69029 75
69061 62
69087 90
69124 100
69140 39
69145 88
69170 32
69207 86
69244 82
69282 36
69302 73
69322 14
69351 102
69361 48
69369 49
69396 57
69432 96
69466 65
69503 102
69516 116
69549 17
69550 41
69575 121
69577 102
69587 53
69624 112
69636 21
69664 95
69695 73
69708 125
69726 90
69757 84
69776 76
69778 125
69821 113
69855 101
69892 91
69937 67
69945 62
69958 90
70001 115
70008 53
70033 66
70057 108
70078 65
70116 65
70139 19
70169 27
70173 86
70201 38
70232 14
70263 103
70274 115
70289 43
70333 69
70370 18
70406 94
70451 7
70475 37
70502 118
70502 34
70530 41
70561 87
70585 13
70609 44
70642 88
70681 40
70683 93
70714 73
70753 28
70796 74
70800 90
70801 42
70833 9
70849 3
70865 89
70894 68
70924 51
70961 114
70963 7
70983 30
71026 18
71053 72
71097 26
71116 11
71132 118
71172 33
71181 81
71218 34
71224 34
71226 37
71265 20
71275 74
71275 118
71310 46
71321 31
71354 49
71360 123
71382 109
71402 69
71427 59
71429 53
71438 92
71452 64
71457 1
71471 73
71515 43
71544 45
71556 113
71573 6
71582 1
71626 44
71630 80
71670 105
71714 11
71739 127
71774 92
71817 35
71859 113
71901 54
71919 47
71930 102
71974 108
71997 121
72035 60
72042 34
72057 33
72071 60
72100 112
72117 103
72128 95
72149 19
72188 12
72217 59
72219 30
72230 38
72239 11
72246 13
72266 88
72292 54
72312 124
72344 8
72367 20
72388 11
72398 66
72442 60
72480 109
72487 81
72504 85
72548 109
72577 115
72614 76
72640 62
72643 46
72675 19
72720 49
72761 74
72794 63
72800 4
72832 54
72850 100
72895 64
72918 81
72923 24
72958 61
72996 3
73031 61
73044 23
73073 18
73099 100
73122 17
73144 27
73154 52
73156 47
73165 94
73175 120
73176 6
73216 87
73256 65
73275 86
73304 10
73319 4
73361 25
73382 106
73419 67
73427 31
73459 90
73485 124
73487 94
73499 83
73503 70
73507 60
73516 78
73521 72
73558 9
73593 19
73624 11
73662 99
73667 121
73693 30
73723 105
73762 45
73768 81
73781 88
73782 126
73806 117
73840 54
73881 107
73881 111
73909 26
73923 120
73965 26
73988 76
74003 81
74011 33
74043 38
74051 68
74054 24
74071 105
74096 104
74105 24
74131 91
74133 108
74152 123
74175 110
74196 116
74216 7
74228 56
74262 74
74268 127
74297 83
74314 108
74353 55
74369 11
74378 70
74386 100
74409 18
74415 19
74422 22
74433 104
74468 15
74472 100
74516 21
74522 58
74536 96
74562 92
74577 91
74587 34
74613 37
74650 7
74666 56
74682 61
74708 127
74745 114
74764 114
74798 29
74801 112
74813 18
74845 38
74847 32
74888 102
74911 17
74913 2
74958 110
74992 78
75036 99
75061 87
75065 10
75082 20
75093 89
75113 51
75150 62
75193 106
75220 51
75230 90
75274 29
75274 46
75291 13
75295 101
75332 2
75374 95
75413 113
75444 96
75452 21
75479 24
75485 74
75529 101
75548 31
75552 107
75577 22
75609 12
75614 64
75642 36
75658 72
75697 111
75721 23
75757 74
75799 59
75832 29
75867 7
75909 90
75943 122
75963 87
75963 33
75988 75
76031 81
76031 70
76052 65
76085 80
76085 8
76115 116
76144 60
76185 87
76197 98
76234 10
76256 67
76285 53
76312 76
76328 81
76337 80
76341 15
76352 39
76357 116
76384 48
76416 42
76435 5
76477 3
76516 54
76552 11
76573 58
76596 81
76637 113
76672 110
76695 5
76737 95
76772 98
76784 112
76820 5
76850 108
76867 92
76883 99
76894 109
76933 101
76955 7
76984 48
77014 96
77025 30
77040 106
77072 102
77105 33
77142 58
77175 101
77211 16
77253 121
77283 29
77326 46
77360 84
77389 68
77428 101
77449 117
77476 90
77490 23
77532 123
77544 81
77565 108
77590 106
77615 61
77659 101
77701 16
77726 66
77747 41
77788 77
77807 119
77838 64
77876 16
77917 31
77932 123
77976 61
77988 69
78008 126
78039 96
78060 89
78100 119
78121 74
78128 59
78149 98
78188 127
78208 52
78241 49
78252 110
78260 67
78303 30
78348 72
78355 117
78376 116
78396 19
78402 88
78433 23
78436 116
78472 103
78486 70
78531 100
78569 44
78585 51
78627 112
78652 55
78688 7
78730 86
78762 14
78783 63
78813 41
78848 38
78871 112
78906 78
78934 102
78938 21
78975 114
78988 4
79015 80
79033 103
79048 96
79067 3
79067 81
79089 3
79112 110
79141 126
79144 15
79187 11
79226 48
79244 29
79279 125
79283 6
79320 64
79334 95
79335 23
79344 80
79347 30
79359 106
79381 62
79423 72
79460 76
79475 96
79505 89
79541 94
79543 85
79579 92
79592 46
79611 52
79614 64
79638 29
79653 49
79675 29
79702 126
79712 20
79757 78
79777 115
79813 46
79836 41
79873 44
79907 5
79948 56
79975 13
80013 91
80055 111
80091 54
80128 91
80151 51
80172 47
80198 78
80241 76
80244 76
80250 91
80265 126
80288 82
80301 36
80338 123
80377 52
80418 123
80442 81
80467 35
80501 117
80543 29
80580 59
80621 117
80659 125
80680 12
80722 3
80730 120
80733 22
80753 64
80790 94
80813 37
80841 107
80861 53
80881 126
80890 22
80930 119
80937 6
80940 74
80974 104
80974 10
80975 113
80996 39
81014 127
81020 1
81062 124
81096 102
81121 8
81148 108
81182 25
81220 58
81239 120
81272 119
81280 105
81283 17
81313 24
81320 51
81359 120
81361 21
81380 84
81421 8
81448 84
81450 95
81477 21
81496 88
81510 56
81510 62
81526 13
81527 107
81554 26
81596 12
81615 113
81656 66
81656 79
81665 83
81706 65
81706 14
81751 87
81790 118
81810 99
81831 34
81833 101
81837 126
81874 123
81883 24
81901 4
81912 7
81953 22
81967 8
81976 84
81993 63
82022 90
82060 26
82092 37
82131 114
82131 80
82170 50
82180 107
82210 107
82215 9
82244 35
82289 78
82291 81
82296 84
82317 118
82353 30
82391 38
82407 119
82451 33
82482 97
82519 93
82524 76
82538 23
82576 67
82596 13
82600 96
82644 80
82660 63
82675 52
82686 4
82724 50
82737 103
82775 4
82786 73
82821 83
82837 33
82869 13
82884 87
82927 117
82945 37
82967 43
83012 45
83055 102
83077 54
83107 18
83135 125
83168 80
83191 43
83230 1
83231 57
83263 50
83306 37
83337 72
83375 53
83419 3
83456 107
83479 3
83482 100
83521 2
83562 92
83565 21
83596 99
83602 70
83632 9
83640 101
83660 54
83691 123
83705 51
83725 104
83729 13
83761 17
83804 20
83826 125
83867 88
83878 38
83909 63
83954 60
83993 95
84004 82
84024 38
84038 127
84079 79
84109 105
84118 7
84137 118
84171 113
84212 35
84222 96
84226 62
84258 78
84281 100
84286 96
84304 14
84341 57
84377 97
84408 18
84420 32
84431 99
84469 111
84487 91
84529 74
84536 76
84568 68
84578 126
84590 38
84620 70
84626 38
84670 41
84690 93
84719 80
84764 4
84787 94
84791 44
84802 126
84804 25
84835 74
84878 82
84909 35
84950 112
84981 25
84994 71
85038 73
85080 31
85080 49
85088 45
85108 113
85116 110
85160 127
85168 107
85200 53
85213 74
85256 13
85287 56
85297 91
85329 89
85365 65
85391 82
85398 20
85430 97
85438 107
85450 69
85489 54
85512 56
85545 53
85573 71
85603 107
85603 62
85633 24
85672 19
85715 64
85744 51
85753 34
85787 76
85814 66
85851 64
85861 60
85873 6
85875 13
85897 31
85905 95
85948 45
85966 104
85973 66
85983 40
86009 17
86051 4
86056 64
86070 87
86080 99
86109 11
86124 71
86146 36
86175 21
86211 98
86224 102
86229 103
86251 18
86290 123
86327 34
86359 67
86371 82
86405 11
86410 103
86417 109
86455 25
86498 72
86510 87
86517 73
86530 18
86555 108
86577 84
86601 22
86607 39
86617 49
86644 127
86675 97
86686 32
86692 105
86710 105
86754 119
86772 103
86772 24
86812 9
86831 4
86851 95
86887 50
86909 52
86936 64
86937 79
86965 84
86970 95
86989 79
87002 33
87046 41
87062 12
87074 56
87115 36
87119 2
87148 95
87163 117
87200 127
87207 16
87223 7
87236 67
87275 70
87286 102
87320 78
87335 49
87340 54
87357 59
87362 46
87373 40
87418 66
87462 125
87470 60
87492 110
87522 63
87542 105
87574 87
87618 13
87632 46
87636 124
87655 50
87676 114
87676 61
87721 4
87731 23
87736 90
87777 91
87806 95
87810 127
87819 22
87842 20
87852 67
87887 20
87887 116
87893 75
87901 120
87923 99
87926 77
87953 98
87971 13
87996 38
88008 68
88023 105
88058 9
88058 124
88073 22
88086 106
88099 110
88118 95
88151 103
88191 127
88229 6
88233 112
88237 96
88263 114
88273 105
88287 121
88293 110
88310 83
88311 62
88345 84
88347 93
88365 13
88405 124
88414 105
88425 25
88447 17
88474 80
88488 74
88490 19
88495 55
88508 125
88541 60
88556 17
88573 22
88575 15
88582 73
88589 68
88611 78
88628 117
88660 89
88663 125
88695 70
88714 45
88746 26
88789 102
88799 108
88813 102
88827 98
88872 111
88903 7
88930 124
88964 43
88994 123
89016 76
89047 42
89076 30
89081 46
89082 37
89115 52
89150 122
89193 18
89217 91
89244 8
89289 103
89328 78
89346 4
89375 35
89396 47
89423 7
89435 65
89446 100
89449 115
89468 83
89493 34
89513 122
89555 70
89577 51
89612 34
89615 8
89631 48
89648 51
89667 19
89689 45
89718 109
89722 94
89746 125
89791 36
89809 27
89848 43
89883 62
89924 34
89929 86
89971 69
90008 50
90045 62
90074 51
90085 81
90125 41
90160 55
90205 60
90237 73
90273 105
90279 113
90283 30
90310 66
90331 107
90336 99
90349 84
90374 103
90405 28
90431 25
90455 114
90491 1
90528 116
90568 40
90578 51
90619 87
90658 40
90691 87
90701 90
90745 78
90766 44
90809 54
90820 58
90842 62
90873 68
90886 22
90913 33
90945 20
90947 118
90952 57
90986 23
90996 61
91007 113
91046 15
91051 85
91084 34
91124 111
91152 89
91193 92
91220 118
91263 99
91265 55
91293 55
91294 46
91331 12
91361 43
91400 84
91424 91
91468 44
91481 65
91515 119
91515 88
91519 78
91541 13
91559 3
91601 115
91602 16
91634 16
91669 7
91704 33
91735 119
91770 45
91811 2
91825 73
91864 55
91895 118
91903 41
91917 28
91962 69
91964 22
92009 54
92023 25
92027 52
92065 113
92081 117
92105 54
92123 67
92132 28
92177 89
92194 29
92204 13
92206 48
92245 88
92249 4
92260 31
92263 30
92294 35
92315 63
92324 2
92365 16
92384 13
92412 103
92451 44
92483 92
92494 91
92503 93
92508 59
92510 15
92535 114
92549 28
92579 75
92580 7
92600 124
92624 75
92643 8
92647 45
92648 26
92681 35
92707 84
92726 104
92769 35
92794 107
92829 104
92870 51
92907 108
92942 49
92949 18
92986 20
93021 6
93065 78
93075 43
93108 28
93124 127
93156 23
93173 41
93190 104
93192 60
93201 51
93245 87
93250 48
93269 123
93299 125
93308 28
93317 22
93318 87
93349 32
93381 69
93420 44
93422 57
93437 69
93466 72
93473 106
93478 104
93517 24
93553 15
93581 51
93586 80
93601 72
93639 49
93676 79
93704 100
93727 8
93766 45
93775 16
93799 71
93803 53
93821 93
93828 118
93833 119
93871 82
93885 67
93916 72
93921 32
93949 102
93949 43
93976 62
94009 5
94026 82
94034 53
94074 1
94087 37
94126 56
94138 14
94152 101
94160 43
94196 115
94232 39
94252 70
94253 96
94275 14
94282 92
94307 24
94337 99
94368 23
94370 119
94379 98
94412 74
94424 90
94443 74
94455 79
94480 11
94514 99
94550 70
94586 55
94621 27
94641 36
94686 126
94728 45
94756 112
94793 48
94809 74
94853 48
94882 58
94924 112
94948 90
94957 50
94980 92
94997 91
95018 92
95052 77
95071 112
95109 109
95142 19
95172 41
95205 5
95218 57
95238 89
95276 124
95304 102
95329 4
95350 68
95371 122
95399 87
95406 85
95435 59
95466 125
95502 111
95513 127
95554 113
95560 88
95605 75
95638 110
95674 109
95676 26
95677 84
95702 86
95728 46
95753 70
95770 83
95780 94
95790 61
95806 5
95807 124
95836 72
95849 30
95894 3
95902 94
95905 78
95919 12
95962 84
95981 53
95981 83
96001 119
96024 105
96027 123
96042 25
96067 46
96102 11
96123 78
96129 101
96149 96
96173 49
96192 92
96233 61
96275 14
96281 1
96297 71
96317 80
96362 52
96379 9
96404 108
96448 11
96482 28
96503 98
96548 79
96579 75
96617 56
96657 60
96668 114
96688 51
96731 95
96764 83
96806 29
96826 26
96869 16
96903 3
96938 6
96951 71
96988 112
97033 108
97062 31
97064 117
97088 108
97113 59
97140 99
97160 52
97201 59
97244 119
97272 34
97304 69
97340 105
97383 62
97422 118
97422 14
97432 91
97437 28
97438 21
97481 67
97507 120
97511 120
97532 81
97533 57
97553 90
97567 115
97583 39
97602 74
97613 99
97639 93
97653 72
97690 74
97693 73
97697 46
97728 46
97768 27
97778 59
97808 49
97853 55
97855 48
97872 32
97908 12
97932 45
97976 67
97993 102
98006 73
98040 72
98056 104
98081 88
98097 94
98112 35
98155 99
98177 91
98209 67
98213 34
98237 36
98238 16
98273 32
98313 102
98353 52
98370 57
98411 80
98454 34
98488 32
98531 115
98547 121
98570 92
98597 126
98631 17
98676 28
98700 64
98727 73
98729 86
98764 39
98781 106
98824 21
98865 124
98883 80
98884 89
98929 30
98944 71
98954 104
98961 13
98992 27
99023 6
99060 97
99063 38
99085 18
99124 44
99169 97
99193 109
99195 120
99216 125
99216 36
99232 95
99275 3
99316 69
99330 112
99340 65
99373 87
99401 42
99408 13
99431 5
99472 77
99481 49
99508 30
99536 88
99551 58
99566 23
99598 56
99642 41
99668 107
99677 85
99696 127
99734 100
99776 115
99783 24
99825 80
99841 71
99844 97
99859 30
99883 49
99914 31
99924 25
99924 124
99968 31
99975 66
99987 39
100012 59
100019 77
100030 89
100074 41
100075 104
100090 17
100128 56
100158 54
100197 46
100242 27
100260 105
100273 3
100314 66
100329 117
100345 104
100363 120
100383 93
100418 4
100438 47
100442 61
100443 67
100460 11
100465 20
100504 53
100543 118
100573 31
100617 59
100644 25
100681 37
100724 53
100740 29
100754 68
100788 44
100823 88
100861 37
100901 25
100919 12
100956 20
100987 80
101032 6
101049 60
101083 62
101108 101
101150 51
101184 20
101185 123
101217 106
101217 124
101226 104
101268 80
101286 91
101289 21
101299 29
101337 124
101363 74
101387 88
101409 94
101436 44
101456 31
101495 27
101501 22
101507 28
101538 83
101554 4
101556 67
101593 119
101629 106
101643 86
101648 107
101664 50
101682 89
101720 69
101726 38
101748 9
101756 107
101762 120
101771 63
101785 21
101792 63
101794 127
101799 92
101811 107
101840 43
101849 2
101882 77
101885 81
101924 23
101954 40
101993 76
102018 126
102059 85
102102 63
102135 33
102147 123
102179 95
102187 123
102192 39
102208 122
102224 55
102246 80
102277 53
102318 44
102357 70
102394 6
102398 81
102406 105
102444 70
102471 123
102490 113
102509 78
102515 45
102536 124
102564 108
102608 79
102653 104
102693 109
102737 83
102754 119
102755 35
102776 44
102815 119
102819 65
102863 94
102870 109
102904 61
102942 13
102961 99
102980 117
103014 29
103051 116
103084 42
103089 7
103096 6
103115 60
103115 60
103128 28
103162 43
103201 69
103212 76
103213 21
103256 89
103274 78
103312 85
103334 24
103352 101
103366 45
103381 35
103414 90
103444 17
103454 82
103486 57
103519 76
103552 21
103573 14
103601 43
103605 57
103649 123
103649 50
103675 39
103717 39
103751 9
103752 97
103794 26
103808 121
103810 98
103839 112
103875 88
103917 81
103954 127
103959 76
103987 105
104028 52
104061 39
104090 55
104103 18
104140 105
104162 27
104179 36
104221 93
104231 77
104233 90
104258 53
104294 68
104312 123
104333 87
104353 40
104366 13
104408 27
104418 120
104445 8
104447 39
104451 84
104495 45
104503 120
104538 29
104581 92
104625 43
104652 41
104697 112
104713 51
104755 73
104769 64
104799 92
104835 2
104847 112
104870 127
104871 30
104906 108
104924 35
104950 13
104980 19
104990 115
105000 69
105038 78
105070 52
105073 113
105085 40
105098 81
105110 11
105123 94
105157 96
105191 62
105228 35
105232 10
105271 8
105274 92
105301 94
105342 108
105358 11
105360 89
105372 104
105385 118
105407 24
105424 51
105465 85
105473 122
105500 59
105530 126
105569 37
105604 4
105612 87
105617 42
105619 111
105645 43
105683 76
105695 117
105710 71
105714 87
105737 7
105768 107
105784 83
105785 64
105794 121
105812 125
105824 39
105864 80
105898 48
105909 109
105912 57
105919 74
105936 14
105955 105
105979 116
106006 19
106045 85
106065 49
106069 31
106077 106
106083 120
106111 1
106150 53
106182 104
106192 108
106221 4
106246 22
106270 51
106290 39
106321 14
106351 87
106389 125
106395 103
106411 79
106415 34
106439 8
106449 115
106457 30
106497 10
106520 63
106523 64
106535 122
106574 60
106598 68
106643 105
106648 64
106685 95
106720 18
106763 62
106800 61
106825 67
106866 21
106898 104
106935 123
106946 62
106964 117
106980 46
107017 14
107027 28
107034 2
107041 75
107064 1
107064 32
107076 127
107092 20
107100 110
107131 57
107150 24
107188 2
107198 82
107233 110
107261 106
107267 112
107288 26
107326 36
107333 32
107370 55
107385 95
107417 82
107422 125
107449 15
107490 51
107526 84
107526 41
107528 35
107547 31
107572 78
107610 94
107635 101
107638 4
107664 85
107706 14
107748 10
107764 101
107786 119
107808 22
107832 105
107844 80
107867 62
107899 100
107934 75
107945 59
107971 113
108009 86
108024 94
108065 83
108092 31
108114 17
108134 25
108179 21
108219 51
108260 124
108291 13
108322 6
108349 82
108394 127
108403 23
108408 126
108431 98
108474 91
108517 28
108553 1
108576 97
108583 49
108614 55
108616 45
108644 39
108661 125
108688 85
108691 8
108692 15
108721 38
108735 88
108773 27
108785 5
108830 77
108839 87
108848 96
108893 72
108894 76
108923 21
108966 22
108971 86
108981 3
109007 57
109013 113
109041 38
109082 107
109089 116
109110 73
109132 27
109169 82
109184 30
109224 124
109226 110
109271 116
109304 3
109326 74
109329 76
109373 27
109399 19
109416 64
109440 70
109451 95
109493 34
109494 72
109504 34
109526 120
109562 73
109580 123
109583 46
109590 11
109617 60
109617 10
109637 62
109639 118
109641 62
109648 61
109665 8
109708 24
109749 54
109755 47
109759 17
109797 4
109815 13
109856 76
109878 81
109887 86
109906 32
109918 38
109936 90
109963 42
109970 9
109975 54
109985 49
110019 86
110032 115
110047 22
110047 45
110069 44
110078 10
110086 29
110099 115
110115 73
110119 70
110163 87
110167 22
110192 9
110203 66
110240 37
110245 91
110274 82
110310 122
110348 72
110373 40
110404 85
110436 37
110441 13
110471 57
110499 27
110533 2
110561 125
110584 54
110607 119
110636 41
110638 59
110656 11
110670 94
110692 120
110733 60
110764 36
110775 6
110784 52
110788 63
110820 22
110829 38
110852 10
110875 24
110899 58
110922 44
110958 55
110972 84
110983 25
110987 66
111020 40
111040 127
111062 84
111106 103
111112 15
111112 99
111145 73
111184 61
111226 25
111233 79
111250 63
111288 122
111333 90
111360 61
111363 14
111398 33
111424 30
111429 125
111453 2
111466 20
111508 22
111531 25
111572 121
111582 3
111623 2
111649 94
111676 45
111708 18
111734 86
111742 106
111745 64
111761 116
111776 72
111799 76
111824 61
111861 84
111872 67
111916 35
111957 77
111979 4
112019 119
112062 50
112067 77
112095 37
112108 29
112140 42
112180 63
112191 98
112219 41
112245 118
112262 99
112304 46
112313 89
112314 74
112336 33
112341 35
112369 30
112393 51
112426 83
112443 3
112467 65
112468 1
112488 79
112513 108
112539 3
112573 79
112581 84
112608 105
112621 100
112634 36
112660 111
112662 28
112707 59
112711 43
112741 78
112750 127
112756 36
112792 33
112828 118
112849 12
112866 19
112875 1
112887 1
112895 123
112900 17
112905 79
112943 79
112966 59
112997 109
113036 88
113041 60
113047 84
113092 15
113094 35
113131 3
113146 56
113189 48
113189 117
