19 24
42 43
57 21
98 125
136 66
164 123
202 56
227 5
236 106
252 122
264 75
308 117
342 109
377 75
382 62
382 99
411 75
429 92
449 14
490 127
501 4
519 3
545 27
590 61
603 84
619 29
657 18
690 31
721 50
755 109
779 122
808 43
808 38
811 123
831 8
833 33
878 63
905 110
909 41
948 96
953 37
994 99
1003 79
1004 59
1031 28
1032 25
1073 103
1082 57
1090 117
1099 85
1104 52
1143 74
1147 99
1154 13
1184 53
1202 127
1205 44
1232 34
1273 47
1274 123
1314 9
1348 8
1351 68
1386 118
1400 121
1418 91
1433 60
1438 1
1450 63
1480 73
1524 122
1527 61
1570 89
1602 95
1642 81
1670 90
1707 30
1731 64
1766 19
1798 60
1812 14
1836 95
1845 70
1852 11
1873 14
1879 16
1905 38
1945 75
1976 57
2000 119
2003 10
2006 17
2041 54
2050 94
2051 76
2070 64
2088 90
2129 80
2130 53
2147 63
2192 56
2198 122
2237 94
2277 21
2281 11
2316 74
2355 17
2396 66
2420 109
2440 108
2483 64
2520 89
2528 40
2569 54
2598 69
2620 113
2650 64
2668 79
2702 6
2724 127
2726 105
2736 73
2768 4
2784 70
2826 29
2832 38
2851 101
2870 122
2886 13
2929 89
2963 62
2980 24
2986 5
3020 40
3062 67
3087 109
3100 7
3107 66
3147 81
3180 118
3220 78
3257 39
3259 111
3270 18
3304 58
3327 84
3359 27
3399 18
3428 92
3430 69
3447 15
3475 66
3493 18
3524 93
3561 47
3590 100
3630 96
3653 32
3663 89
3677 60
3701 67
3728 25
3746 73
3775 72
3818 77
3846 101
3871 13
3890 30
3908 44
3931 14
3938 10
3939 97
3981 126
4020 38
4049 48
4054 22
4068 96
4089 87
4133 99
4150 12
4154 19
4172 71
4182 5
4187 72
4217 98
4239 98
4250 20
4282 111
4289 51
4317 60
4323 55
4325 28
4331 107
4356 67
4357 114
4363 107
4391 14
4408 96
4447 45
4486 28
4529 18
4558 91
4585 32
4598 49
4634 118
4664 92
4699 114
4725 68
4737 111
4757 55
4795 17
4816 57
4820 65
4845 76
4890 87
4916 39
4925 90
4959 73
4978 98
5015 7
5016 118
5056 108
5090 32
5121 61
5153 74
5197 75
5223 103
5268 67
5306 57
5342 14
5373 40
5374 23
5418 42
5436 36
5478 37
5496 66
5505 91
5543 90
5558 56
5558 38
5576 65
5583 75
5604 72
5626 44
5634 40
5642 109
5681 83
5694 122
5705 45
5744 12
5768 35
5787 56
5832 65
5851 14
5890 87
5925 63
5945 41
5954 2
5979 8
6024 81
6065 48
6072 108
6077 85
6090 102
6133 89
6161 122
6166 108
6169 12
6212 15
6229 57
6262 51
6274 103
6294 28
6304 100
6329 86
6335 115
6345 61
6389 105
6392 47
6419 51
6456 6
6491 126
6525 17
6541 9
6551 117
6556 118
6592 76
6620 104
6637 114
6662 102
6689 41
6724 116
6731 69
6742 13
6781 62
6811 54
6845 75
6856 73
6879 12
6900 93
6939 52
6949 13
6949 81
6976 101
7019 48
7041 74
7080 86
7118 37
7143 123
7179 116
7183 11
7210 89
7232 64
7269 31
7307 35
7325 38
7348 49
7350 76
7375 58
7411 115
7429 115
7443 17
7451 56
7460 4
7485 85
7490 116
7525 110
7561 53
7563 109
7572 56
7574 61
7591 115
7616 73
7653 113
7666 78
7669 47
7684 113
7714 78
7733 105
7742 17
7746 43
7754 62
7754 43
7794 72
7837 123
7874 115
7913 97
7945 120
7984 109
7994 123
8015 72
8037 55
8082 102
8125 106
8166 47
8206 127
8249 64
8289 55
8296 121
8338 114
8377 50
8388 120
8395 112
8440 24
8449 4
8450 89
8474 107
8486 5
8486 13
8518 122
8561 107
8570 77
8576 11
8591 98
8621 14
8642 122
8679 64
8686 76
8716 46
8745 76
8761 104
8781 67
8800 20
8827 27
8844 57
8863 1
8875 125
8906 40
8919 13
8921 31
8956 122
8998 44
9042 48
9046 21
9077 60
9095 70
9108 23
9135 6
9163 107
9169 74
9174 61
9217 121
9262 60
9267 101
9292 76
9320 80
9343 116
9375 61
9405 62
9421 29
9430 94
9433 87
9454 110
9496 119
9531 107
9556 19
9567 22
9571 112
9604 116
9630 33
9652 68
9652 101
9696 83
9700 72
9736 82
9763 60
9784 49
9821 86
9824 6
9837 8
9849 54
9886 35
9890 71
9924 81
9926 87
9942 123
9966 51
9998 53
10032 115
10064 113
10067 104
10106 60
10123 113
10150 40
10167 3
10179 16
10214 39
10249 24
10275 49
10309 25
10353 115
10393 6
10394 43
10435 111
10435 53
10460 120
10475 7
10482 20
10519 37
10545 11
10561 98
10591 30
10624 121
10667 80
10669 87
10681 67
10704 74
10735 85
10747 127
10756 27
10790 61
10804 89
10819 37
10834 92
10869 106
10913 89
10957 79
10976 23
11013 19
11027 77
11065 76
11066 12
11091 53
11119 39
11141 53
11152 109
11156 52
11190 45
11190 80
11190 21
11214 80
11246 66
11274 21
11277 55
11309 55
11344 102
11385 126
11411 18
11446 19
11468 43
11504 13
11532 17
11565 2
11595 87
11635 107
11668 55
11713 119
11728 29
11739 89
11784 17
11794 57
11807 94
11851 20
11888 28
11909 73
11946 22
11970 123
11996 33
12001 101
12029 109
12065 127
12086 78
12111 16
12141 123
12186 36
12211 80
12254 76
12277 5
12314 109
12318 97
12361 66
12395 20
12416 70
12428 94
12460 21
12465 26
12486 112
12497 101
12511 30
12537 113
12537 59
12559 121
12602 63
12644 127
12671 119
12713 16
12747 44
12753 60
12797 118
12804 110
12821 11
12851 57
12858 86
12899 59
12899 56
12920 44
12942 9
12984 124
13007 74
13042 35
13045 27
13072 118
13110 89
13138 71
13157 91
13194 68
13216 54
13248 125
13281 88
13315 54
13318 10
13348 50
13371 29
13376 46
13406 78
13434 15
13440 49
13481 41
13491 20
13516 40
13516 74
13540 44
13567 3
13587 7
13605 75
13623 34
13666 20
13702 47
13712 116
13751 64
13786 56
13814 91
13820 123
13864 25
13882 51
13915 50
13935 14
13980 17
14001 98
14011 53
14052 78
14059 15
14066 52
14076 101
14084 64
14101 95
14105 70
14133 112
14143 22
14167 14
14197 37
14210 113
14225 11
14240 63
14258 120
14299 81
14342 123
14372 78
14379 79
14404 117
14404 21
14437 8
14458 114
14498 2
14543 6
14556 81
14572 51
14612 17
14639 93
14657 114
14691 34
14727 8
14731 82
14754 27
14769 35
14779 10
14805 14
14841 116
14875 67
14878 42
14901 23
14931 16
14955 41
14976 7
14999 19
15040 95
15056 17
15056 29
15084 13
15089 101
15097 50
15112 52
15117 82
15129 38
15165 25
15166 37
15195 9
15202 82
15202 9
15221 47
15259 25
15269 22
15287 10
15299 56
15317 36
15358 55
15390 44
15427 17
15439 30
15464 32
15487 80
15521 91
15541 123
15583 22
15613 59
15632 75
15648 48
15668 58
15684 95
15706 87
15747 42
15768 73
15794 38
15837 122
15859 54
15867 52
15886 84
15908 20
15946 34
15953 43
15974 71
15976 97
15998 74
16011 72
16013 83
16032 4
16064 50
16075 56
16115 42
16141 64
16182 38
16207 33
16230 95
16273 37
16291 20
16315 83
16329 25
16343 21
16351 20
16363 28
16394 26
16394 7
16432 84
16460 89
16500 44
16503 63
16540 27
16577 16
16608 50
16638 75
16651 42
16687 55
16694 74
16726 66
16769 81
16783 79
16826 24
16868 54
16879 19
16919 59
16960 39
16996 117
17022 51
17052 99
17061 21
17068 103
17071 98
17082 52
17084 72
17109 4
17147 111
17190 55
17200 27
17228 31
17267 100
17274 72
17287 115
17303 60
17330 121
17330 54
17343 111
17376 122
17413 18
17432 92
17468 70
17503 72
17542 112
17565 1
17578 32
17611 21
17638 55
17669 121
17699 28
17739 41
17759 9
17792 83
17794 32
17839 9
17861 20
17891 107
17932 105
17943 108
17948 114
17979 78
18005 12
18049 50
18059 83
18061 104
18069 20
18096 55
18109 56
18121 97
18126 124
18128 45
18130 78
18166 107
18204 42
18214 83
18255 69
18268 101
18275 89
18314 111
18333 29
18343 35
18350 52
18364 74
18389 67
18404 75
18441 1
18446 6
18466 126
18499 55
18544 53
18547 37
18591 91
18619 83
18660 122
18691 50
18706 93
18709 15
18733 88
18775 13
18820 114
18833 57
18833 42
18839 5
18872 70
18892 70
18918 44
18927 14
18971 100
19003 11
19031 31
19034 28
19036 119
19042 21
19084 125
19093 123
19096 76
19125 31
19135 17
19135 9
19147 113
19178 61
19180 20
19211 126
19221 109
19240 52
19274 115
19295 62
19332 7
19371 65
19400 98
19414 101
19434 66
19474 5
19509 11
19511 3
19544 50
19568 122
19577 52
19591 49
19604 93
19643 31
19661 11
19673 95
19682 83
19714 63
19741 31
19761 50
19778 2
19786 113
19798 47
19841 84
19857 54
19888 33
19907 120
19921 18
19928 21
19935 113
19943 21
19972 86
19980 5
20022 53
20034 119
20069 52
20100 9
20102 115
20134 113
20166 74
20179 24
20179 73
20205 90
20207 1
20252 47
20260 51
20262 99
20289 45
20324 58
20337 1
20369 39
20389 79
20404 19
20432 66
20444 48
20445 67
20480 103
20504 67
20537 89
20572 49
20602 100
20602 106
20637 40
20682 45
20709 39
20711 121
20749 27
20750 9
20791 48
20805 18
20827 10
20862 90
20876 27
20907 45
20925 97
20941 33
20941 114
20952 81
20953 86
20985 95
20985 99
21006 87
21008 33
21014 79
21030 61
21062 50
21076 52
21112 91
21152 78
21153 22
21166 63
21172 48
21206 11
21227 106
21243 56
21266 85
21295 62
21339 77
21361 121
21397 119
21421 118
21443 88
21455 110
21461 90
21489 120
21499 14
21520 43
21521 113
21550 63
21566 72
21569 15
21589 104
21630 94
21659 70
21702 92
21746 87
21782 27
21827 38
21835 111
21862 68
21903 105
21923 74
21947 48
21953 125
21970 3
22011 126
22017 59
22021 124
22035 11
22050 22
22057 116
22095 124
22118 81
22121 103
22162 85
22207 68
22235 106
22255 21
22257 58
22261 18
22298 104
22334 73
22377 33
22409 68
22446 58
22480 39
22513 67
22557 108
22588 107
22600 26
22626 38
22629 49
22637 66
22651 120
22692 27
22734 42
22754 111
22793 22
22817 29
22852 94
22867 8
22886 122
22913 102
22925 76
22954 1
22956 39
22984 22
22993 67
23034 11
23040 9
23078 26
23115 111
23156 67
23170 33
23209 114
23213 5
23235 37
23253 120
23280 97
23319 127
23325 96
23326 34
23363 87
23383 26
23407 105
23411 123
23441 111
23476 34
23512 83
23533 46
23570 85
23591 66
23594 12
23611 92
23640 102
23644 88
23655 3
23675 51
23708 70
23715 94
23732 67
23746 32
23754 112
23773 36
23803 97
23824 114
23837 127
23872 34
23885 47
23908 43
23929 64
23962 22
23986 101
24003 64
24041 59
24041 7
24050 72
24065 45
24065 11
24069 79
24111 127
24155 23
24158 20
24175 111
24191 111
24221 10
24229 8
24229 121
24273 102
24311 37
24334 75
24362 76
24397 55
24438 41
24466 103
24491 84
24535 17
24571 88
24602 59
24640 70
24641 77
24641 117
24652 27
24668 120
24674 102
24691 126
24692 24
24726 40
24759 10
24783 111
24797 23
24824 44
24857 4
24860 126
24871 56
24908 78
24953 69
24956 55
24966 101
24991 14
25013 104
25019 57
25030 26
25073 18
25096 34
25120 60
25137 24
25175 111
25185 74
25226 25
25227 112
25261 32
25270 33
25285 32
25295 2
25312 59
25355 2
25368 62
25395 126
25439 88
25472 29
25495 36
25517 42
25522 112
25523 127
25538 74
25542 18
25576 50
25611 98
25619 41
25627 43
25640 46
25678 92
25718 26
25757 11
25791 126
25806 91
25835 126
25855 51
25880 88
25923 102
25932 88
25938 10
25952 110
25952 29
25962 101
25967 41
25968 123
25971 15
26005 42
26030 76
26034 16
26062 4
26085 104
26106 39
26117 39
26136 83
26163 54
26178 83
26179 57
26186 57
26228 12
26245 116
26269 17
26270 102
26277 101
26277 57
26319 38
26324 15
26357 6
26394 52
26412 116
26429 6
26434 95
26462 1
26492 117
26494 17
26526 46
26538 53
26550 81
26583 26
26620 72
26630 94
26661 4
26662 78
26667 122
26685 80
26709 83
26731 122
26756 11
26795 86
26836 79
26856 58
26900 96
26923 67
26941 27
26982 66
27025 14
27066 103
27072 107
27104 104
27145 59
27187 29
27199 87
27226 21
27249 22
27270 15
27281 20
27301 9
27333 116
27367 50
27402 63
27438 115
27473 69
27477 125
27479 126
27512 118
27557 110
27579 14
27609 32
27615 86
27635 71
27677 122
27700 47
27728 90
27756 53
27777 43
27822 109
27843 58
27846 91
27859 67
27891 101
27936 47
27936 115
27979 64
27989 85
28015 127
28039 113
28075 64
28103 54
28130 61
28155 4
28165 18
28182 107
28212 73
28241 121
28241 59
28241 118
28251 88
28281 27
28322 41
28364 109
28374 96
28377 66
28405 5
28430 109
28432 91
28437 106
28454 118
28499 41
28513 26
28520 85
28525 83
28552 12
28563 120
28568 121
28596 96
28636 76
28642 6
28676 126
28676 36
28717 107
28760 102
28780 94
28781 60
28784 52
28816 1
28823 90
28862 72
28902 22
28917 126
28960 80
28986 16
28995 126
29026 18
29070 23
29084 121
29113 100
29144 61
29150 47
29173 127
29218 103
29257 80
29272 46
29273 64
29318 26
29355 98
29371 56
29394 11
29427 15
29441 98
29442 43
29478 41
29523 53
29562 79
29607 2
29648 97
29689 101
29690 3
29726 79
29726 63
29761 46
29770 56
29804 83
29820 98
29823 7
29867 4
29873 10
29887 94
29917 88
29947 68
29961 36
29974 83
29994 5
29995 110
30003 60
30039 56
30077 35
30116 6
30128 63
30167 23
30207 30
30231 82
30236 94
30275 7
30300 82
30330 124
30361 49
30378 16
30390 53
30422 123
30457 81
30466 17
30485 70
30528 79
30532 115
30560 114
30589 103
30615 125
30625 114
30643 57
30649 74
30659 49
30667 61
30698 99
30722 41
30744 43
30761 104
30804 60
30836 120
30876 105
30914 58
30948 28
30959 86
30997 29
31032 48
31049 7
31093 106
31112 113
31141 81
31147 22
31186 4
31200 39
31216 74
31255 74
31293 6
31301 23
31341 24
31352 62
31396 57
31421 96
31442 67
31448 60
31466 51
31487 82
31513 44
31536 85
31548 82
31579 14
31624 33
31660 2
31690 55
31695 104
31731 43
31738 9
31773 122
31789 18
31809 56
31820 90
31821 122
31840 36
31876 54
31898 34
31916 109
31923 37
31923 94
31958 119
31986 84
32008 71
32013 85
32058 63
32099 123
32109 77
32149 109
32165 92
32183 57
32207 93
32212 7
32232 52
32251 65
32268 55
32311 70
32337 77
32362 102
32390 11
32399 93
32412 117
32454 114
32462 32
32471 14
32485 29
32507 79
32543 109
32562 2
32572 125
32604 2
32612 43
32626 35
32639 16
32669 53
32675 103
32705 1
32716 48
32753 52
32777 42
32800 77
32833 77
32851 1
32895 90
32905 53
32936 32
32952 50
32990 41
32991 36
33021 63
33039 71
33074 10
33078 23
33096 49
33112 69
33136 87
33175 35
33208 98
33252 13
33271 112
33305 83
33324 94
33369 47
33413 113
33414 79
33431 51
33441 115
33442 51
33449 42
33479 52
33509 126
33526 10
33563 38
33586 84
33589 105
33602 115
33623 56
33635 26
33671 108
33714 38
33730 74
33743 84
33749 108
33773 37
33787 111
33790 42
33793 85
33805 104
33840 82
33841 99
33865 65
33868 98
33904 45
33922 106
33949 58
33977 78
33981 92
33996 120
34019 123
34060 124
34077 102
34117 6
34130 69
34152 105
34155 18
34188 47
34196 81
34222 25
34229 107
34241 24
34244 124
34289 100
34296 35
34336 114
34350 67
34367 20
34375 39
34394 15
34417 1
34443 65
34482 56
34502 5
34528 58
34564 49
34564 99
34580 42
34614 6
34631 27
34660 88
34676 114
34680 111
34685 61
34694 15
34694 112
34733 98
34763 14
34794 92
34832 50
34852 66
34868 39
34895 11
34919 116
34946 39
34969 94
34986 68
35029 19
35071 12
35093 95
35101 14
35105 127
35121 36
35148 24
35149 53
35152 13
35171 79
35192 58
35234 39
35269 41
35272 106
35305 8
35330 101
35373 100
35380 45
35386 63
35430 29
35463 31
35479 18
35507 35
35509 42
35543 124
35549 94
35552 20
35572 67
35615 117
35627 70
35634 22
35635 122
35642 111
35658 102
35684 105
35721 19
35724 94
35761 108
35784 74
35814 79
35843 12
35857 121
35868 77
35879 26
35915 29
35922 61
35936 64
35941 43
35967 44
35994 69
36027 56
36063 21
36105 58
36105 107
36110 64
36113 20
36125 121
36129 96
36139 8
36182 31
36209 32
36214 52
36234 94
36239 38
36284 87
36327 50
36332 60
36366 97
36407 8
36412 93
36429 46
36439 63
36463 46
36497 62
36516 123
36526 121
36534 71
36539 15
36560 97
36585 57
36623 28
36666 125
36705 44
36711 23
36725 76
36730 26
36745 120
36780 119
36823 126
36852 40
36852 26
36894 100
36899 103
36899 40
36926 58
36961 47
36980 29
37003 48
37028 116
37069 5
37094 89
37122 97
37152 75
37187 41
37224 41
37236 114
37279 37
37317 125
37344 5
37370 32
37396 16
37424 19
37454 57
37496 77
37522 51
37539 116
37544 97
37565 93
37582 76
37604 34
37619 119
37641 51
37667 102
37669 87
37709 120
37743 116
37747 127
37775 122
37811 106
37823 125
37860 61
37865 66
37907 70
37920 11
37950 31
37980 91
38001 101
38009 76
38027 59
38066 35
38066 49
38091 61
38110 99
38117 126
38156 54
38177 118
38217 27
38258 85
38266 63
38294 100
38320 70
38343 101
38350 82
38382 28
38393 88
38425 3
38446 84
38466 41
38491 60
38491 92
38528 23
38540 9
38573 37
38586 106
38590 29
38597 37
38633 19
38659 106
38692 31
38727 93
38750 90
38782 11
38808 39
38822 23
38855 63
38878 19
38919 74
38943 85
38949 12
38981 32
38997 23
39002 32
39030 11
39033 111
39049 86
39070 39
39075 31
39101 40
39144 26
39160 58
39197 121
39197 7
39242 116
39245 25
39253 11
39277 74
39315 72
39356 81
39395 120
39434 126
39436 118
39470 30
39483 100
39525 43
39549 54
39558 46
39597 96
39620 34
39657 109
39675 42
39715 60
39735 56
39778 89
39792 44
39792 70
39814 87
39817 3
39855 45
39866 18
39879 105
39887 69
39928 18
39962 122
39998 123
40003 73
40037 99
40041 10
40047 30
40056 4
40095 54
40101 23
40141 93
40149 115
40158 105
40199 86
40210 82
40255 52
40266 38
40287 108
40304 36
40342 73
40378 65
40417 22
40427 101
40467 95
40490 47
40511 75
40527 111
40536 74
40540 67
40548 32
40557 42
40584 88
40614 53
40652 26
40668 127
40709 113
40724 99
40759 120
40799 108
40837 103
40855 19
40864 88
40880 72
40922 88
40935 10
40970 64
41009 72
41024 74
41062 74
41066 120
41086 20
41089 6
41119 72
41140 87
41163 13
41201 29
41236 90
41236 24
41270 106
41314 27
41333 2
41374 52
41388 113
41417 39
41441 112
41477 126
41514 1
41540 2
41575 111
41597 35
41620 76
41628 8
41661 105
41674 30
41698 127
41711 114
41728 22
41746 11
41783 51
41822 21
41839 57
41868 8
41913 26
41950 59
41993 30
41995 73
42028 36
42040 98
42082 6
42090 92
42120 115
42149 126
42174 69
42175 38
42179 46
42193 5
42205 100
42215 102
42243 25
42262 94
42263 83
42289 88
42320 57
42349 52
42370 20
42385 94
42407 26
42444 109
42460 37
42494 18
42497 105
42535 12
42563 115
42592 53
42594 58
42610 36
42622 96
42637 81
42668 60
42713 19
42755 92
42794 14
42800 7
42833 71
42867 122
42907 126
42947 120
42988 112
43028 52
43056 2
43080 118
43088 58
43091 33
43107 72
43111 87
43122 21
43141 125
43186 54
43217 27
43240 87
43249 27
43277 97
43296 81
43326 119
43365 40
43393 19
43401 120
43433 19
43450 102
43472 73
43472 59
43495 84
43530 6
43532 77
43537 22
43575 123
43580 69
43592 39
43619 111
43650 110
43691 56
43697 42
43717 57
43753 86
43791 88
43818 113
43841 87
43866 48
43873 28
43906 112
43932 64
43944 35
43968 95
43968 78
43974 3
43982 111
44003 15
44048 85
44068 41
44068 61
44075 74
44116 90
44145 63
44168 108
44211 26
44219 36
44258 27
44259 29
44276 106
44302 17
44322 33
44328 31
44336 109
44348 36
44348 18
44348 122
44381 85
44392 111
44428 69
44453 43
44458 63
44470 123
44511 17
44551 119
44557 43
44573 27
44594 87
44629 99
44640 90
44677 43
44710 122
44736 35
44776 110
44776 15
44782 92
44786 73
44829 21
44840 102
44868 117
44894 25
44906 98
44928 61
44948 48
44985 27
45018 81
45022 14
45055 121
45100 47
45124 80
45169 20
45170 58
45198 125
45216 16
45254 31
45285 27
45305 12
45309 48
45343 42
45384 3
45418 111
45460 21
45470 37
45498 78
45523 90
45543 110
45554 13
45566 125
45578 86
45607 36
45633 70
45633 3
45676 1
45707 52
45724 24
45761 66
45803 4
45822 65
45847 3
45847 100
45851 44
45863 120
45895 51
45920 111
45938 71
45966 53
46001 63
46004 61
46038 93
46040 1
46078 44
46115 14
46135 114
46172 116
46203 66
46216 62
46227 104
46272 51
46292 37
46298 28
46318 47
46343 113
46387 90
46420 86
46430 32
46471 54
46492 7
46516 73
46553 100
46574 120
46610 114
46620 102
46665 39
46677 75
46717 124
46727 62
46732 103
46732 10
46748 39
46752 37
46794 95
46809 49
46842 54
46865 127
46896 3
46928 76
46965 98
47010 124
47018 39
47051 92
47081 11
47105 51
47138 96
47178 77
47178 54
47215 99
47219 119
47228 81
47260 125
47282 81
47320 62
47324 50
47359 94
47387 108
47410 42
47439 50
47475 127
47513 57
47525 67
47543 45
47571 115
47590 58
47624 97
47632 31
47645 13
47687 107
47695 92
47739 99
47746 23
47755 82
47794 21
47795 96
47813 11
47854 123
47878 8
47896 39
47929 103
47948 56
47982 119
48027 53
48030 88
48067 88
48076 121
48107 94
48140 58
48142 126
48173 109
48199 119
48234 21
48265 62
48267 7
48307 24
48333 31
48365 37
48395 90
48415 61
48451 27
48462 105
48480 91
48508 91
48542 69
48561 14
48584 34
48605 109
48625 29
48642 68
48650 53
48671 85
48674 113
48698 45
48723 30
48759 27
48784 102
48807 33
48811 117
48825 38
48864 33
48905 64
48934 68
48945 100
48967 59
48976 11
48984 84
49029 87
49064 6
49098 15
49103 85
49105 67
49116 71
49161 70
49177 24
49220 17
49226 14
49234 109
49265 32
49280 122
49321 12
49361 47
49368 116
49397 41
49422 116
49464 8
49494 89
49529 25
49536 2
49574 105
49608 56
49648 37
49688 45
49688 108
49722 97
49761 125
49795 118
49836 69
49865 103
49893 44
49938 122
49942 77
49979 52
50013 7
50043 16
50044 14
50084 20
50095 121
50105 12
50128 22
50146 24
50182 82
50210 79
50242 38
50276 61
50300 13
50336 33
50336 66
50340 102
50355 70
50391 103
50405 105
50429 91
50455 10
50492 36
50523 55
50554 38
50593 96
50624 74
50651 19
50672 29
50686 20
50691 86
50712 35
50726 22
50741 38
50758 26
50783 122
50800 14
50811 127
50828 27
50871 122
50897 19
50914 1
50946 81
50979 21
51007 107
51016 26
51046 59
51087 39
51114 62
51128 26
51164 47
51179 2
51201 15
51205 25
51209 120
51238 54
51269 20
51296 120
51306 55
51321 35
51360 47
51396 126
51434 90
51465 92
51510 51
51536 87
51544 22
51558 71
51588 36
51610 104
51642 42
51667 94
51709 116
51726 86
51769 29
51782 54
51787 62
51817 81
51861 68
51903 18
51934 52
51973 29
52015 29
52059 9
52094 117
52131 125
52160 71
52175 106
52202 29
52204 29
52244 96
52266 69
52278 118
52308 93
52339 110
52354 2
52381 61
52406 25
52421 28
52426 116
52447 27
52451 73
52451 121
52494 70
52525 121
52550 112
52568 115
52612 114
52632 68
52658 58
52675 95
52678 20
52723 27
52764 17
52793 50
52818 66
52826 73
52854 54
52854 100
52861 29
52864 122
52907 24
52938 55
52970 2
53003 44
53022 86
53031 119
53067 37
53112 4
53139 5
53166 21
53188 30
53205 35
53220 70
53221 110
53231 64
53265 73
53298 76
53316 3
53322 50
53340 99
53360 106
53382 94
53417 50
53418 99
53432 123
53450 96
53490 126
53502 25
53534 105
53536 110
53542 110
53546 10
53581 37
53621 88
53640 20
53666 124
53702 110
53730 26
53774 117
53786 37
53817 15
53823 79
53823 87
53844 91
53867 124
53874 86
53919 21
53935 23
53957 27
53985 26
54027 24
54069 92
54113 59
54133 122
54136 22
54165 22
54169 8
54210 36
54220 28
54225 14
54237 84
54254 84
54291 15
54324 20
54325 90
54326 77
54339 27
54383 124
54389 15
54396 119
54415 102
54440 24
54450 45
54470 2
54478 94
54484 89
54520 125
54543 46
54565 3
54590 88
54605 106
54628 45
54634 115
54670 17
54677 100
54680 9
54684 36
54719 13
54728 24
54733 71
54740 43
54766 27
54782 41
54782 88
54823 110
54859 63
54898 88
54898 30
54932 15
54976 30
55006 30
55051 125
55078 7
55094 49
55137 79
55167 72
55212 30
55235 24
55245 14
55278 95
55312 79
55323 25
55328 27
55373 52
55376 103
55411 53
55455 47
55479 95
55520 91
55535 123
55557 101
55558 105
55599 89
55619 46
55633 84
55641 9
55654 125
55698 99
55706 19
55719 42
55764 89
55782 51
55794 80
55810 83
55812 37
55821 109
55853 91
55891 108
55896 78
55928 106
55948 29
55961 54
56005 37
56024 100
56035 72
56050 14
56068 106
56092 59
56107 120
56133 24
56173 69
56187 10
56191 36
56236 80
56263 75
56267 107
56305 16
56306 4
56319 67
56349 81
56388 125
56409 29
56433 108
56457 87
56468 34
56509 87
56513 95
56547 81
56565 35
56605 91
56616 83
56636 11
56662 3
56694 109
56737 21
56742 15
56753 108
56779 4
56796 119
56824 56
56851 86
56889 60
56923 127
56961 122
56966 2
57007 109
57007 82
57034 5
57057 32
57089 49
57115 56
57154 68
57199 4
57240 67
57261 93
57267 114
57311 11
57324 58
57348 121
57362 43
57372 12
57398 31
57430 38
57456 106
57463 45
57506 26
57538 117
57556 32
57592 100
57614 2
57645 113
57683 95
57728 99
57748 58
57776 12
57782 42
57810 52
57853 27
57887 72
57928 67
57967 54
57985 16
58030 47
58032 31
58064 122
58080 119
58117 82
58137 54
58166 6
58204 114
58226 22
58249 28
58285 78
58311 37
58329 11
58357 99
58397 32
58401 5
58424 95
58436 36
58451 77
58485 60
58498 90
58500 19
58510 28
58517 3
58551 72
58572 69
58588 89
58588 57
58608 118
58648 89
58669 100
58707 127
58730 97
58737 101
58764 44
58769 47
58803 51
58837 13
58862 85
58869 102
58880 59
58880 53
58887 96
58896 89
58915 101
58951 3
58994 22
58998 77
59013 35
59058 124
59064 14
59075 99
59084 69
59087 70
59122 61
59136 14
59163 17
59168 65
59180 39
59187 92
59212 51
59233 39
59260 107
59275 21
59286 80
59291 115
59320 90
59340 30
59342 60
59349 18
59384 13
59413 87
59415 33
59453 8
59465 98
59504 66
59516 17
59538 25
59563 101
59599 62
59630 43
59656 74
59698 126
59743 45
59745 125
59780 9
59790 57
59825 75
59855 74
59882 20
59914 35
59942 125
59948 120
59972 82
60016 43
60047 84
60080 42
60105 118
60141 59
60171 112
60176 118
60217 38
60226 53
60267 124
60290 93
60301 79
60333 65
60345 86
60354 58
60396 24
60403 34
60432 32
60441 123
60469 43
60483 64
60484 55
60489 36
60510 114
60554 5
60557 87
60573 74
60595 64
60634 8
60636 31
60655 108
60683 31
60707 120
60742 6
60764 93
60781 42
60815 109
60847 110
60890 93
60899 47
60909 111
60931 1
60954 46
60966 126
60974 43
60991 98
61017 23
61061 59
61084 86
61091 7
61125 22
61153 45
61162 59
61175 110
61208 13
61231 22
61239 122
61280 80
61318 105
61328 103
61348 105
61348 105
61359 113
61400 24
61445 125
61463 100
61472 103
61495 73
61522 37
61536 19
61556 94
61570 90
61582 29
61590 24
61635 106
61665 74
61679 114
61699 109
61727 83
61730 82
61736 26
61757 19
61782 111
61823 50
61849 84
61864 95
61907 14
61924 11
61926 60
61970 16
61984 35
62000 119
62006 110
62033 95
62066 69
62101 79
62104 40
62130 31
62148 75
62173 78
62200 124
62242 96
62287 1
62315 73
62344 119
62362 106
62365 125
62401 111
62426 94
62471 87
62489 70
62518 102
62559 24
62559 30
62588 95
62619 23
62638 49
62669 75
62670 99
62705 96
62718 37
62755 25
62766 1
62805 37
62826 46
62829 10
62844 119
62849 18
62853 115
62859 93
62901 36
62910 108
62952 7
62988 60
62999 103
63011 67
63012 56
63027 84
63037 90
63068 24
63108 75
63128 80
63145 92
63151 108
63158 100
63182 62
63215 43
63240 55
63266 71
63285 4
63291 81
63330 27
63368 13
63398 27
63414 12
63436 34
63438 93
63441 20
63471 46
63501 43
63544 113
63569 53
63609 105
63616 64
63631 80
63651 2
63673 96
63692 45
63714 44
63722 41
63747 85
63792 25
63833 104
63840 86
63864 89
63867 29
63868 110
63892 108
63895 77
63901 62
63944 11
63963 48
63996 49
63998 28
64040 69
64066 9
64079 42
64089 35
64107 25
64135 19
64144 82
64159 116
64185 118
64213 97
64257 107
64281 75
64301 114
64345 74
64356 123
64397 75
64437 98
64479 8
64494 75
64505 105
64546 40
64571 5
64582 57
64620 23
64633 53
64674 56
64702 114
64715 116
64740 39
64768 110
64771 25
64813 38
64845 107
64883 53
64906 48
64931 117
64970 21
65012 121
65039 56
65060 93
65079 31
65087 35
65088 99
65128 61
65162 118
65189 86
65228 31
65257 3
65273 77
65298 27
65305 68
65319 106
65324 66
65342 10
65357 84
65362 25
65400 114
65440 71
65481 124
65508 41
65550 61
65551 2
65564 67
65589 106
65631 67
65649 35
65656 39
65696 66
65711 123
65743 122
65748 4
65775 93
65802 51
65847 86
65878 57
65885 84
65898 92
65925 5
65940 14
65974 21
65999 86
66023 91
66058 50
66068 72
66098 56
66126 17
66147 124
66155 78
66174 36
66198 106
66234 100
66234 122
66253 63
66253 4
66284 49
66302 76
66313 44
66336 82
66380 123
66398 102
66404 17
66446 4
66479 85
66512 53
66550 102
66588 127
66598 17
66624 35
66652 47
66676 54
66720 126
66745 64
66784 10
66792 117
66818 41
66858 88
66903 80
66947 40
66959 14
66978 95
66981 52
67022 11
67060 55
67088 55
67116 16
67146 116
67173 96
67202 25
67220 121
67240 6
67246 40
67291 60
67326 11
67360 13
67392 96
67417 95
67433 98
67467 98
67467 46
67480 17
67503 125
67530 45
67562 52
67603 50
67608 69
67653 105
67660 106
67693 91
67723 10
67749 48
67772 74
67815 84
67847 57
67873 97
67885 116
67897 53
67925 85
67953 118
67955 22
67971 79
68004 57
68032 20
68056 95
68094 28
68115 57
68135 25
68152 96
68169 14
68188 124
68229 94
68252 110
68280 2
68296 64
68336 11
68350 114
68378 115
68418 58
68460 127
68486 86
68488 108
68490 75
68490 34
68530 74
68530 58
68547 95
68549 62
68564 10
68588 52
68633 56
68642 126
68678 36
68685 67
68722 83
68748 37
68783 81
68800 22
68832 110
68834 13
68856 89
68898 105
68937 75
68965 39
68984 50
69021 79
69024 10
69058 41
69073 68
69076 91
69111 34
69111 91
69137 80
69172 84
69196 46
69230 73
69242 52
69251 101
69272 65
69308 97
69332 71
69373 40
69382 45
69397 96
69407 119
69439 112
69440 27
69467 118
69482 74
69482 77
69499 12
69513 42
69515 93
69527 114
69553 77
69589 47
69589 83
69625 37
69638 103
69683 7
69712 70
69715 37
69715 85
69728 16
69731 61
69738 89
69746 34
69786 66
69798 8
69830 34
69844 73
69873 50
69900 77
69939 10
69953 22
69964 36
69968 7
69970 122
69974 127
70005 74
70027 112
70034 74
70039 110
70051 102
70093 111
70093 9
70104 127
70143 72
70167 20
70185 54
70216 106
70245 32
70250 121
70279 99
70279 120
70291 15
70296 106
70331 53
70364 85
70367 60
70369 127
70377 93
70405 40
70414 5
70455 3
70469 93
70477 45
70505 110
70505 19
70520 74
70541 31
70571 113
70598 105
70641 16
70660 37
70672 96
70677 89
70680 87
70685 15
70693 16
70721 14
70748 83
70774 36
70777 11
70795 54
70811 73
70831 29
70862 83
70882 1
70921 52
70941 89
70960 47
70965 94
70984 17
70995 27
71021 7
71032 109
71071 82
71110 30
71127 112
71164 127
71193 73
71221 118
71244 86
71252 19
71267 5
71296 22
71301 48
71317 106
71318 99
71354 93
71377 24
71381 41
71414 118
71459 44
71503 25
71540 50
71546 117
71589 77
71611 65
71630 15
71655 88
71657 115
71681 108
71721 56
71752 61
71777 97
71806 94
71839 71
71846 71
71890 118
71927 88
71959 32
71998 26
72004 123
72018 20
72057 50
72093 64
72133 100
72136 20
72157 90
72170 63
72211 94
72235 84
72262 9
72281 93
72305 46
72344 116
72375 32
72412 28
72436 65
72461 76
72470 53
72490 118
72518 83
72549 63
72583 81
72585 92
72619 126
72631 123
72649 85
72678 11
72718 52
72732 41
72738 28
72756 95
72760 53
72779 98
72822 42
72823 19
72850 39
72895 118
72900 5
72938 4
72959 80
72980 65
72992 109
73017 75
73049 81
73052 8
73090 79
73134 54
73139 12
73183 122
73212 114
73244 48
73272 92
73279 77
73312 98
73353 99
73364 71
73381 6
73404 103
73440 57
73449 37
73452 54
73470 19
73473 89
73513 116
73545 51
73558 20
73579 13
73596 34
73634 49
73655 68
73690 48
73733 92
73747 60
73776 77
73799 78
73805 70
73829 69
73843 19
73866 96
73868 30
73873 127
73879 67
73894 50
73897 94
73916 115
73924 102
73949 56
73975 28
74014 113
74035 65
74049 21
74093 36
74124 116
74132 47
74173 65
74186 82
74219 56
74247 18
74255 40
74293 9
74331 40
74370 92
74412 54
74412 82
74428 75
74461 17
74474 64
74500 72
74521 40
74564 4
74588 88
74600 98
74619 11
74626 91
74630 49
74640 95
74668 45
74668 123
74691 35
74693 97
74704 98
74705 9
74719 113
74737 83
74745 126
74758 39
74775 85
74797 110
74822 105
74835 124
74841 111
74864 58
74904 8
74948 30
74970 113
74978 112
74991 120
75022 63
75065 122
75106 29
75149 24
75177 103
75219 121
75260 22
75305 21
75341 67
75379 40
75412 88
75455 23
75498 47
75518 87
75534 92
75571 118
75578 75
75611 121
75621 91
75622 113
75646 108
75647 89
75665 16
75679 19
75702 111
75746 123
75773 26
75782 91
75820 76
75840 18
75841 17
75856 105
75862 59
75906 65
75926 22
75966 76
75995 112
76037 50
76053 34
76060 75
76063 47
76101 58
76134 124
76164 49
76177 53
76199 102
76225 1
76229 24
76229 67
76263 1
76289 60
76310 61
76316 10
76352 97
76352 28
76358 92
76392 27
76416 17
76454 47
76497 49
76510 8
76536 54
76557 62
76572 91
76600 75
76628 32
76666 29
76693 83
76730 17
76734 9
76771 119
76791 126
76824 1
76839 113
76850 94
76878 115
76907 119
76929 32
76970 115
76993 41
77038 122
77054 115
77075 115
77108 71
77143 115
77176 20
77210 4
77216 73
77225 2
77229 73
77233 125
77270 91
77311 108
77315 39
77338 49
77347 85
77349 13
77380 54
77388 27
77403 73
77414 58
77435 125
77441 4
77446 107
77448 36
77490 99
77530 96
77558 9
77591 15
77612 63
77624 86
77625 96
77653 34
77696 28
77698 104
77703 20
77739 110
77775 94
77820 16
77852 74
77865 112
77892 40
77911 74
77943 6
77964 9
78009 29
78026 64
78031 116
78050 99
78050 14
78094 12
78107 99
78126 107
78154 31
78174 113
78185 5
78206 33
78247 31
78292 83
78318 98
78335 104
78340 44
78369 30
78387 6
78409 4
78446 17
78450 98
78494 101
78520 38
78522 24
78538 81
78554 69
78574 120
78584 39
78585 63
78630 98
78672 47
78687 121
78713 53
78734 59
78763 86
78772 17
78815 127
78823 82
78861 41
78861 93
78889 66
78903 38
78909 89
78922 101
78966 56
79011 3
79037 99
79078 37
79079 19
79114 98
79144 115
79153 116
79171 53
79194 119
79207 62
79247 99
79276 110
79310 25
79311 94
79354 74
79386 77
79395 84
79404 28
79422 108
79463 30
79480 65
79480 41
79510 72
79546 16
79564 49
79595 39
79626 55
79643 86
79684 123
79713 63
79742 72
79780 16
79792 120
79809 54
79831 5
79864 22
79903 79
79930 71
79969 94
79991 14
79995 11
80038 4
80039 58
80060 30
80100 62
80131 7
80138 96
80145 82
80175 21
80220 6
80233 68
80245 76
80260 28
80304 25
80305 38
80313 104
80313 88
80318 74
80338 2
80356 51
80375 46
80398 111
80415 29
80445 14
80467 51
80512 40
80515 125
80529 14
80567 39
80591 74
80619 56
80654 23
80667 69
80681 55
80702 104
80746 115
80757 36
80788 109
80791 110
80819 110
80836 95
80860 63
80901 37
80923 23
80933 33
80933 16
80951 18
80964 80
80993 99
80996 69
81014 1
81057 17
81070 78
81081 15
81093 64
81129 117
81129 15
81158 17
81187 68
81190 72
81195 116
81206 23
81228 125
81248 111
81293 123
81317 116
81356 87
81400 77
81425 101
81450 119
81454 97
81494 69
81523 49
81550 31
81553 35
81565 93
81566 22
81577 86
81581 19
81615 34
81642 126
81643 25
81648 81
81685 111
81724 117
81760 56
81803 25
81826 45
81840 26
81857 115
81857 68
81873 97
81916 103
81957 45
81970 54
82015 31
82055 79
82094 117
82134 87
82157 58
82167 51
82203 55
82215 28
82245 38
82268 60
82297 52
82331 34
82352 70
82356 29
82393 26
82396 62
82438 56
82453 105
82467 59
82485 105
82500 96
82526 55
82569 119
82584 46
82622 36
82627 12
82633 125
82664 8
82708 10
82719 91
82730 55
82734 65
82737 57
82751 124
82781 96
82808 70
82818 46
82839 104
82884 108
82892 24
82912 98
82928 58
82950 70
82988 121
83002 47
83004 102
83027 121
83038 120
83057 45
83076 69
83083 26
83100 127
83136 122
83169 63
83183 70
83215 83
83217 7
83235 41
83264 47
83285 49
83305 15
83309 100
83330 27
83356 21
83391 39
83429 52
83444 52
83485 58
83507 40
83523 32
83544 70
83565 122
83596 26
83628 32
83650 127
83670 61
83709 20
83739 6
83777 73
83780 4
83811 125
83854 33
83872 25
83890 47
83899 6
83927 71
83971 77
83978 32
83998 3
84033 72
84034 78
84066 82
84093 14
84115 100
84121 115
84147 80
84183 115
84206 31
84251 87
84257 122
84273 93
84290 33
84293 62
84312 54
84316 90
84338 20
84343 77
84382 92
84413 116
84446 48
84449 31
84486 23
84522 107
84555 57
84555 90
84564 57
84598 57
84639 54
84653 23
84658 63
84694 6
84709 10
84726 33
84771 57
84816 17
84830 123
84853 94
84884 87
84886 118
84908 64
84943 82
84974 87
84989 66
85007 13
85048 12
85067 15
85100 111
85121 79
85156 35
85166 111
85173 30
85214 10
85250 75
85251 110
85267 49
85287 124
85287 26
85294 38
85334 62
85357 21
85357 63
85400 77
85415 114
85416 121
85435 81
85440 126
85459 46
85490 38
85515 126
85548 89
85566 30
85602 74
85641 34
85684 67
85691 53
85714 55
85752 113
85768 70
85785 60
85788 21
85826 108
85836 117
85877 19
85886 111
85900 44
85943 110
85978 59
85991 118
86018 92
86031 49
86045 84
86069 41
86084 49
86106 13
86150 3
86172 39
86188 48
86223 93
86265 21
86293 46
86326 119
86371 15
86376 74
86401 34
86445 121
86483 64
86518 41
86543 106
86586 116
86619 57
86657 85
86692 4
86693 51
86698 119
86728 12
86758 67
86758 52
86791 58
86831 13
86876 35
86916 93
86920 57
86956 120
87000 97
87030 56
87044 9
87063 99
87070 1
87085 122
87121 105
87123 95
87145 98
87172 65
87200 29
87229 85
87265 69
87284 82
87309 86
87339 59
87371 54
87383 15
87398 87
87410 73
87428 47
87472 16
87512 73
87527 29
87568 50
87585 96
87587 96
87626 39
87637 110
87658 96
87689 82
87714 18
87756 7
87758 70
87784 23
87795 17
87819 61
87835 79
87861 51
87890 1
87901 101
87909 79
87912 100
87954 11
87960 39
87998 87
88013 10
88047 76
88092 47
88114 62
88134 102
88149 11
88151 58
88196 105
88204 85
88237 82
88254 118
88263 17
88263 52
88281 87
88322 4
88359 118
88360 27
88360 121
88389 32
88393 50
88430 11
88443 124
88471 72
88493 100
88497 28
88526 126
88539 95
88564 58
88569 122
88576 80
88588 24
88616 24
88655 102
88675 68
88687 62
88727 105
88736 122
88741 121
88767 26
88798 92
88823 63
88834 124
88866 55
88881 14
88882 69
88924 96
88956 92
88979 66
89011 85
89033 50
89057 21
89059 74
89098 40
89110 97
89114 37
89124 92
89163 2
89196 27
89213 111
89236 114
89252 91
89266 107
89283 58
89305 17
89325 95
89340 126
89360 99
89369 95
89386 47
89430 62
89445 41
89447 99
89467 33
89490 111
89499 41
89507 107
89535 21
89560 68
89571 126
89598 124
89635 79
89646 119
89688 52
89695 33
89704 107
89749 31
89763 83
89784 27
89795 101
89835 92
89856 92
89880 114
89896 79
89937 59
89946 95
89985 58
90009 87
90021 28
90049 13
90061 57
90094 32
90136 8
90158 94
90188 93
90198 86
90204 37
90241 9
90281 24
90308 20
90341 3
90367 4
90407 7
90422 100
90424 112
90449 29
90455 37
90467 126
90505 49
90546 72
90547 12
90566 87
90590 62
90595 73
90638 123
90650 78
90689 2
90720 10
90756 11
90796 36
90800 22
90801 74
90842 81
90875 7
90888 96
90930 110
90930 47
90959 12
91002 83
91042 62
91075 26
91091 95
91092 96
91127 121
91146 99
91166 110
91196 47
91238 115
91264 102
91285 109
91319 53
91341 75
91342 7
91379 110
91415 81
91447 53
91478 64
91480 87
91513 35
91523 41
91532 43
91577 99
91579 66
91623 47
91638 41
91670 114
91670 69
91693 2
91720 37
91726 42
91758 18
91795 46
91813 53
91846 29
91860 39
91860 82
91903 104
91910 66
91933 22
91955 94
91989 53
92021 19
92057 20
92087 96
92091 27
92094 63
92101 85
92122 11
92142 122
92155 44
92193 107
92225 46
92262 105
92291 24
92301 25
92310 125
92345 8
92372 60
92385 19
92409 79
92444 88
92445 122
92455 25
92482 15
92505 49
92539 88
92575 79
92612 47
92615 75
92634 39
92641 23
92673 111
92689 120
92715 111
92753 58
92772 55
92804 71
92849 114
92859 106
92895 22
92904 81
92911 97
92944 54
92966 96
92979 74
92994 15
93026 71
93053 30
93070 24
93084 47
93107 14
93139 53
93182 100
93212 63
93238 23
93255 39
93279 118
93313 100
93347 120
93377 104
93390 26
93400 89
93414 56
93441 95
93451 28
93457 11
93486 101
93490 13
93491 124
93519 113
93542 23
93562 43
93571 69
93603 6
93632 93
93649 71
93657 64
93699 109
93738 72
93757 38
93773 61
93790 32
93807 117
93807 28
93811 64
93818 40
93833 50
93837 23
93881 80
93920 46
93953 95
93967 115
93991 105
94004 103
94027 108
94072 100
94101 6
94119 47
94153 81
94193 14
94195 50
94214 66
94247 22
94287 14
94318 60
94345 9
94363 74
94407 31
94412 1
94445 10
94484 40
94498 88
94499 29
94515 30
94558 1
94599 88
94620 14
94652 104
94684 71
94724 47
94746 127
94771 22
94773 105
94802 75
94811 81
94812 99
94813 81
94826 110
94843 38
94873 127
94903 32
94947 96
94976 104
95005 50
95008 37
95051 35
95053 79
95090 39
95119 102
95151 44
95155 70
95196 119
95198 105
95238 95
95242 109
95247 78
95247 32
95250 8
95258 120
95301 102
95322 115
95352 21
95391 29
95416 48
95435 43
95438 70
95480 120
95495 10
95495 88
95539 123
95551 31
95552 106
95594 112
95619 82
95625 100
95636 6
95643 30
95686 62
95702 79
95743 47
95776 37
95807 58
95849 65
95873 19
95895 90
95897 20
95909 29
95947 70
95974 121
95978 30
95992 111
95999 20
96035 64
96054 69
96078 19
96091 89
96114 86
96133 9
96157 87
96191 12
96216 87
96256 72
96296 20
96303 123
96303 57
96334 32
96342 11
96355 60
96389 28
96420 114
96440 51
96460 84
96500 116
96509 103
96539 76
96576 66
96591 35
96600 41
96625 17
96639 1
96683 117
96688 39
96718 19
96719 18
96722 65
96727 27
96762 120
96797 86
96824 66
96835 1
96863 120
96905 92
96940 42
96976 84
97015 68
97031 83
97044 9
97065 86
97093 15
97097 71
97108 126
97118 88
97121 17
97141 39
97162 94
97187 62
97191 73
97218 57
97228 98
97243 62
97276 33
97315 17
97347 123
97351 77
97359 107
97374 103
97417 65
97444 94
97489 39
97510 53
97531 122
97550 59
97569 83
97589 34
97596 86
97615 77
97617 58
97646 66
97650 39
97684 84
97715 4
97756 49
97789 58
97791 87
97814 105
97854 87
97885 112
97914 119
97915 114
97953 45
97984 88
98015 74
98021 30
98054 8
98091 94
98101 37
98104 70
98144 70
98170 50
98202 72
98233 22
98248 82
98266 51
98300 81
98302 55
98323 85
98368 68
98369 67
98408 19
98416 104
98417 12
98449 33
98485 103
98527 125
98530 74
98568 101
98577 82
98618 126
98627 70
98649 90
98653 49
98670 126
98694 3
98712 50
98750 59
98753 85
98792 2
98797 51
98835 122
98852 61
98871 41
98878 121
98900 55
98940 3
98973 76
98974 76
98989 77
99005 21
99033 41
99072 9
99091 10
99126 70
99151 107
99173 94
99174 44
99185 64
99218 11
99247 90
99251 59
99279 21
99306 122
99328 91
99363 86
99384 13
99422 55
99425 112
99467 86
99500 42
99526 14
99541 66
99563 88
99574 119
99608 29
99649 72
99676 17
99690 105
99699 80
99737 35
99778 103
99817 44
99850 105
99892 80
99905 89
99931 104
99948 37
99961 61
99968 108
99976 98
100002 1
100016 72
100047 115
100087 73
100095 70
100098 59
100141 12
100186 90
100191 78
100198 105
100202 52
100219 32
100221 72
100256 107
100294 86
100326 116
100364 82
100364 83
100380 34
100413 11
100426 116
100438 2
100477 82
100496 33
100531 126
100538 62
100577 64
100596 110
100636 97
100640 59
100643 55
100662 93
100667 109
100679 23
100712 12
100719 62
100720 102
100758 57
100793 15
100803 97
100816 73
100848 11
100874 47
100884 91
100887 87
100929 43
100969 117
101010 42
101043 68
101075 17
101108 56
101122 87
101153 33
101167 86
101194 123
101203 123
101242 72
101245 101
101251 82
101253 28
101262 100
101286 73
101298 115
101314 110
101341 126
101368 113
101382 102
101412 18
101437 43
101449 74
101457 25
101471 12
101511 97
101532 101
101571 90
101590 21
101633 104
101644 86
101659 33
101704 102
101745 1
101790 96
101817 3
101824 71
101852 113
101891 40
101919 19
101938 120
101969 12
101995 79
102036 8
102052 20
102058 64
102069 118
102080 39
102080 77
102113 85
102115 24
102116 117
102140 123
102177 120
102201 12
102240 124
102276 74
102280 38
102315 36
102339 41
102383 85
102383 20
102390 101
102434 73
102437 104
102477 3
102495 113
102531 109
102533 8
102576 43
102609 107
102626 123
102643 85
102661 31
102706 124
102732 16
102736 79
102780 43
102808 24
102818 66
102847 117
102850 68
102860 3
102887 102
102908 85
102935 58
102942 65
102960 64
102979 119
102993 78
103019 16
103047 82
103077 78
103114 116
103154 97
103181 118
103205 43
103215 25
103220 3
103221 33
103262 110
103276 65
103291 22
103330 126
103361 98
103406 28
103449 14
103477 127
103511 65
103545 48
103581 103
103609 19
103650 67
103655 80
103657 63
103669 83
103671 93
103673 126
103707 46
103739 50
103778 84
103804 24
103819 49
103835 66
103865 62
103899 30
103902 127
103923 117
103941 13
103949 79
103984 53
104018 122
104034 65
104062 115
104086 120
104103 78
104145 114
104173 96
104184 39
104184 98
104187 125
104189 117
104230 65
104266 78
104277 80
104299 123
104301 68
104340 120
104376 29
104421 74
104438 109
104446 96
104455 6
104475 10
104488 44
104533 126
104546 89
104564 28
104585 33
104586 42
104592 18
104594 59
104620 68
104661 80
104685 18
104718 22
104752 1
104767 8
104806 85
104846 66
104886 12
104895 5
104937 58
104978 8
104982 68
105004 59
105043 10
105061 43
105104 42
105131 107
105164 50
105168 89
105192 125
105201 66
105201 4
105224 21
105259 15
105304 50
105343 88
105355 114
105398 54
105418 100
105459 56
105503 121
105524 82
105557 23
105568 47
105591 61
105595 112
105637 81
105637 79
105659 64
105671 46
105703 53
105709 3
105715 6
105731 107
105766 54
105811 7
105814 33
105834 124
105861 43
105875 57
105915 94
105944 19
105948 67
105949 29
105990 63
106004 16
106037 120
106066 81
106082 63
106093 73
106118 58
106135 112
106178 99
106196 66
106233 61
106278 77
106316 58
106359 110
106394 125
106438 23
106472 119
106492 46
106497 57
106542 47
106582 107
106598 73
106638 52
106661 41
106693 45
106700 5
106714 20
106730 11
106752 69
106759 9
106792 77
106796 101
106826 26
106858 80
106892 127
106912 4
106917 107
106955 34
106993 71
107018 30
107053 46
107096 107
107134 28
107179 12
107192 16
107226 49
107268 2
107268 76
107291 110
107324 85
107349 87
107361 37
107405 95
107420 60
107452 120
107457 98
107491 55
107495 127
107517 41
107557 63
107582 98
107582 66
107612 94
107640 72
107675 21
107701 60
107725 63
107739 34
107751 29
107784 124
107824 23
107854 30
107878 15
107910 113
107953 90
107964 62
107993 117
108003 86
108031 5
108062 99
108082 35
108087 65
108088 37
108114 75
108124 84
108133 102
108160 121
108166 106
108189 4
108198 125
108234 74
108245 89
108270 79
108287 36
108297 19
108325 81
108366 15
108405 37
108437 30
108463 95
108472 55
108490 47
108490 71
108508 14
108518 57
108529 13
108535 127
108570 75
108583 99
108606 57
108608 4
108625 65
108647 45
108676 74
108702 18
108742 56
108785 105
108820 17
108856 14
108860 9
108886 60
108924 40
108969 93
108976 70
109021 38
109058 96
109097 84
109101 100
109103 97
109132 102
109175 68
109216 2
109219 101
109246 89
109258 34
109276 12
109317 63
109342 65
109368 64
109387 111
109407 1
109431 106
109438 97
109461 5
109469 91
109505 48
109521 86
109526 85
109550 45
109556 50
109594 126
109613 40
109649 19
109692 2
109701 101
109710 33
109746 34
109764 8
109777 62
109781 119
109784 27
109807 47
109843 21
109879 4
109913 30
109931 106
109950 29
109990 125
110003 120
110011 58
110035 25
110080 36
110121 56
110139 31
110172 99
110208 39
110251 98
110279 117
110315 68
110332 87
110343 64
110363 31
110396 15
110428 53
110466 109
110511 52
110514 118
110516 3
110540 21
110551 69
110586 68
110599 51
110602 20
110634 73
110643 34
110665 44
110709 118
110745 7
110766 111
110778 35
110783 81
110817 26
110860 13
110886 23
110922 49
110951 14
110974 83
111004 109
111027 104
111045 17
111066 2
111109 109
111132 31
111132 60
111163 125
111168 60
111210 3
111216 87
111226 29
111261 5
111274 120
111283 123
111283 77
111320 109
111363 25
111400 121
111425 34
111444 32
111487 118
111511 1
111549 61
111551 91
111575 45
111587 30
111607 61
111649 70
111694 68
111696 94
111710 13
111712 65
111742 71
111756 100
111761 18
111797 87
111804 13
111815 18
111848 70
111872 51
111893 92
111904 56
111949 70
111980 88
111980 85
111983 109
112011 50
112055 13
112072 125
112073 38
112078 65
112088 124
112092 83
112118 16
112122 87
112130 9
112136 100
112153 25
112170 68
112207 18
112250 22
112258 10
112261 17
112290 104
112296 1
112298 79
112334 42
112358 10
112376 14
112402 19
112403 103
112421 53
112437 72
112466 50
112471 65
112507 103
112546 100
112566 97
112576 89
112597 123
112625 90
112649 55
112653 65
112669 118
112679 12
112716 115
112730 86
112734 12
112754 123
112784 23
112797 69
112805 107
112843 4
112843 79
112878 28
112922 53
112966 10
113000 32
113040 91
113064 25
113069 92
113097 42
113108 88
113128 41
113173 18
113197 85
113201 33
113246 125
113290 96
113334 111
113371 72
113401 83
113402 123
113441 81
113442 78
113452 117
113468 98
