30 30
35 6
67 3
67 23
68 110
77 94
115 5
139 56
156 48
174 103
199 63
209 31
216 112
220 36
264 46
308 84
323 67
332 12
353 116
378 92
390 22
426 28
440 66
445 85
461 78
490 89
502 19
528 97
562 34
577 32
611 75
647 95
652 116
691 42
698 121
724 45
730 12
730 83
768 85
771 101
775 31
802 15
806 123
821 34
847 31
886 4
931 113
960 127
990 51
996 48
1013 16
1028 63
1046 76
1082 79
1126 22
1136 112
1177 106
1193 86
1195 12
1230 32
1230 39
1243 124
1249 73
1290 75
1335 62
1370 9
1377 7
1419 105
1436 4
1478 23
1509 56
1510 69
1533 66
1556 103
1594 116
1622 46
1667 32
1692 40
1708 79
1729 23
1744 125
1751 37
1766 108
1795 107
1808 20
1850 75
1878 75
1878 77
1905 121
1945 103
1975 94
2013 4
2024 115
2046 91
2046 68
2083 69
2107 54
2144 25
2158 25
2182 71
2199 39
2204 67
2215 97
2229 9
2245 35
2269 68
2308 8
2327 65
2354 22
2364 94
2383 1
2387 1
2406 37
2416 41
2416 118
2457 73
2462 20
2498 88
2516 30
2533 57
2533 42
2553 32
2592 7
2637 18
2643 81
2673 12
2707 5
2743 90
2763 109
2776 122
2793 104
2796 98
2797 102
2809 116
2809 69
2813 61
2840 123
2877 40
2880 113
2921 20
2965 48
2992 6
3005 107
3007 1
3017 20
3059 33
3067 80
3111 13
3140 102
3149 44
3172 58
3177 80
3202 78
3232 58
3245 34
3287 111
3327 12
3331 15
3359 67
3361 57
3391 104
3429 114
3474 53
3483 16
3524 111
3566 72
3577 62
3598 23
3616 125
3654 55
3669 47
3675 35
3717 53
3739 84
3767 15
3768 120
3776 18
3801 55
3821 120
3829 105
3856 39
3901 88
3911 78
3948 112
3948 103
3982 31
4014 90
4040 121
4056 109
4078 52
4080 58
4108 86
4142 112
4182 78
4225 126
4232 70
4272 62
4315 9
4359 58
4400 81
4438 116
4475 50
4494 36
4520 55
4524 10
4567 58
4569 83
4592 126
4613 11
4638 53
4682 24
4715 117
4752 118
4786 29
4809 81
4827 31
4865 25
4909 18
4933 96
4958 40
4964 80
4982 21
5026 74
5036 12
5054 16
5057 75
5074 107
5108 83
5153 43
5178 55
5179 50
5208 67
5233 14
5273 60
5318 110
5333 111
5367 83
5379 51
5381 10
5422 127
5428 68
5471 8
5484 87
5509 112
5547 68
5581 75
5591 125
5631 119
5667 126
5669 11
5700 8
5727 53
5758 30
5768 82
5785 2
5791 74
5822 94
5834 49
5854 51
5885 21
5911 109
5940 56
5982 95
6001 126
6016 92
6024 39
6038 15
6061 58
6069 124
6078 14
6104 13
6121 102
6142 125
6174 29
6182 86
6214 79
6259 108
6260 14
6301 111
6327 8
6362 43
6407 90
6412 18
6417 15
6440 118
6469 10
6500 109
6534 57
6565 52
6572 49
6592 69
6606 87
6638 63
6673 54
6706 94
6747 119
6770 26
6779 11
6789 51
6820 112
6844 48
6875 71
6901 95
6934 88
6946 34
6952 5
6994 52
7025 93
7033 47
7073 48
7118 109
7163 50
7184 121
7221 89
7224 91
7265 98
7298 31
7327 5
7343 88
7353 65
7395 45
7423 94
7449 37
7490 1
7506 66
7527 111
7542 67
7587 60
7614 92
7615 11
7622 97
7641 48
7645 126
7674 122
7676 77
7682 52
7709 101
7738 56
7783 21
7811 41
7849 8
7879 15
7904 59
7921 1
7935 47
7937 21
7958 60
7963 38
7974 43
8018 37
8044 102
8054 93
8083 21
8106 27
8132 101
8158 127
8200 53
8219 38
8261 41
8271 104
8314 55
8344 117
8359 84
8360 29
8401 83
8411 125
8439 9
8449 67
8461 13
8486 23
8498 17
8538 125
8540 76
8577 89
8606 113
8649 68
8683 48
8690 40
8705 9
8726 14
8760 114
8771 42
8795 53
8832 40
8864 85
8900 21
8942 64
8951 80
8977 99
8982 56
9014 108
9026 16
9053 93
9063 40
9075 25
9115 34
9142 26
9172 114
9173 61
9184 118
9184 8
9193 1
9227 53
9272 26
9288 31
9298 117
9307 21
9313 62
9348 6
9380 57
9380 27
9388 31
9419 48
9421 26
9433 79
9440 123
9442 73
9448 64
9476 127
9479 115
9482 90
9522 74
9557 43
9594 42
9629 9
9635 16
9652 80
9654 54
9686 64
9720 125
9747 53
9790 103
9795 46
9797 39
9813 127
9849 125
9892 30
9914 71
9944 13
9955 17
10000 94
10017 107
10045 69
10087 38
10106 125
10121 126
10141 32
10145 42
10183 105
10206 69
10214 114
10242 58
10261 58
10277 82
10303 118
10305 85
10323 51
10353 116
10353 15
10357 61
10370 64
10394 16
10394 2
10394 14
10423 86
10431 122
10450 113
10454 21
10468 95
10497 1
10525 107
10543 68
10578 82
10584 115
10595 68
10614 91
10652 6
10674 97
10693 30
10726 14
10765 95
10804 114
10833 21
10873 75
10883 124
10928 16
10967 94
10984 101
11012 79
11035 56
11074 94
11113 5
11115 47
11143 94
11184 117
11189 3
11196 20
11219 63
11241 88
11257 31
11263 2
11270 16
11275 120
11278 14
11279 101
11288 63
11313 91
11315 66
11319 75
11364 96
11380 107
11420 46
11455 68
11468 56
11475 75
11508 50
11541 80
11581 82
11625 28
11661 39
11672 13
11675 107
11684 54
11702 115
11723 76
11750 6
11780 108
11786 95
11809 86
11809 121
11834 125
11861 74
11898 49
11903 100
11940 80
11964 59
11977 126
12017 60
12056 48
12058 65
12101 127
12124 67
12157 95
12194 13
12234 99
12249 30
12281 18
12306 116
12324 103
12347 114
12365 53
12366 102
12377 48
12404 62
12426 10
12455 89
12481 15
12524 30
12561 64
12564 34
12567 52
12608 76
12650 31
12679 53
12688 72
12711 73
12719 111
12764 18
12764 65
12774 42
12815 102
12848 47
12849 109
12893 51
12935 60
12975 11
13007 48
13040 49
13058 108
13071 125
13101 36
13143 100
13166 2
13176 49
13189 49
13215 102
13249 46
13293 36
13332 37
13346 98
13354 25
13367 60
13384 103
13404 127
13406 64
13443 106
13473 67
13488 19
13507 109
13535 76
13539 9
13553 4
13558 2
13596 59
13637 121
13667 16
13684 75
13692 64
13737 31
13762 118
13792 101
13832 41
13846 20
13859 85
13862 82
13907 72
13928 12
13949 26
13984 105
14019 60
14058 39
14087 126
14108 51
14112 45
14123 38
14162 7
14203 93
14221 108
14249 100
14264 74
14298 24
14336 89
14345 72
14364 15
14370 109
14392 20
14413 73
14433 73
14454 68
14483 9
14503 86
14520 114
14550 127
14550 77
14595 25
14615 63
14621 43
14630 27
14649 51
14651 23
14696 86
14714 33
14748 107
14774 24
14797 106
14831 53
14833 59
14872 76
14881 70
14917 66
14930 32
14964 48
14981 104
14998 110
15037 125
15038 70
15080 118
15091 96
15120 75
15126 37
15165 85
15196 62
15237 57
15241 8
15249 53
15279 74
15316 70
15356 119
15358 34
15395 19
15437 110
15446 112
15473 25
15495 125
15521 66
15528 98
15532 8
15557 127
15557 61
15575 84
15619 43
15649 91
15653 98
15683 52
15726 95
15733 68
15736 43
15765 50
15804 102
15833 40
15858 59
15880 61
15889 79
15914 45
15930 46
15960 3
15961 126
15982 107
15990 57
16007 76
16017 52
16053 110
16087 101
16087 55
16096 6
16109 121
16133 3
16155 53
16191 119
16198 49
16209 44
16217 122
16229 7
16250 71
16277 93
16322 70
16348 80
16375 8
16420 51
16464 36
16491 52
16491 14
16498 31
16524 34
16553 7
16553 4
16581 66
16626 107
16639 87
16684 32
16720 66
16749 28
16757 77
16801 64
16810 110
16837 64
16858 1
16873 115
16899 94
16908 31
16952 94
16959 41
16979 47
17013 34
17041 65
17053 21
17069 63
17099 51
17123 94
17132 82
17161 67
17179 80
17207 113
17217 40
17241 11
17251 73
17287 78
17287 60
17325 79
17351 46
17365 20
17381 70
17396 76
17423 107
17423 101
17431 96
17464 27
17474 52
17480 24
17513 105
17543 69
17587 119
17593 87
17620 121
17645 45
17667 16
17695 6
17720 94
17760 40
17799 106
17828 82
17869 115
17875 82
17903 28
17943 78
17983 25
18001 112
18024 113
18044 69
18069 67
18069 72
18104 92
18146 16
18153 108
18173 51
18180 88
18185 35
18193 26
18203 123
18223 116
18267 87
18282 125
18326 28
18334 10
18378 81
18417 84
18427 22
18435 72
18457 67
18478 82
18487 87
18517 96
18529 58
18530 97
18571 12
18584 62
18622 124
18654 19
18676 67
18687 77
18714 47
18759 76
18787 72
18807 60
18824 15
18844 26
18887 119
18928 94
18961 103
18976 72
19019 61
19054 54
19095 11
19106 15
19120 33
19163 116
19205 119
19242 96
19256 120
19256 58
19267 78
19302 72
19327 5
19366 76
19405 69
19446 37
19472 23
19503 9
19535 89
19557 81
19563 29
19583 4
19610 86
19617 73
19659 51
19700 78
19729 58
19730 19
19768 24
19813 95
19827 8
19834 22
19872 102
19879 39
19924 97
19939 50
19978 21
20021 20
20043 127
20051 37
20057 50
20091 127
20112 39
20144 34
20162 38
20176 59
20186 12
20210 51
20219 67
20219 26
20231 70
20251 63
20273 42
20298 97
20341 85
20343 24
20384 26
20422 12
20441 36
20471 35
20481 88
20497 29
20511 69
20529 127
20536 101
20557 74
20581 69
20612 40
20651 48
20680 42
20693 36
20711 116
20727 56
20755 103
20797 51
20842 118
20856 74
20856 122
20866 108
20895 98
20935 69
20970 112
21001 57
21045 72
21061 65
21085 87
21114 26
21152 59
21172 36
21194 32
21226 70
21266 67
21273 32
21313 112
21314 22
21320 28
21353 126
21398 11
21401 115
21415 118
21429 84
21438 101
21457 82
21458 63
21471 14
21492 115
21522 5
21567 115
21583 88
21628 97
21628 14
21641 45
21655 54
21671 84
21682 41
21721 9
21753 119
21772 28
21797 42
21816 105
21845 116
21888 38
21921 118
21922 29
21927 38
21936 72
21959 24
21974 27
21978 24
22007 12
22049 108
22077 120
22100 100
22117 31
22145 48
22163 8
22173 35
22204 75
22233 118
22245 10
22260 99
22263 71
22279 123
22291 75
22313 113
22344 97
22368 22
22369 72
22404 26
22410 39
22446 5
22474 64
22498 45
22513 60
22545 110
22562 1
22604 110
22641 77
22644 90
22674 34
22716 63
22739 65
22780 22
22811 48
22815 15
22820 35
22857 113
22892 71
22935 113
22961 31
22995 27
23015 63
23015 114
23035 34
23054 83
23071 97
23081 24
23084 98
23084 7
23086 101
23097 82
23142 8
23184 119
23185 97
23207 60
23232 99
23248 68
23273 123
23307 98
23309 103
23327 58
23366 25
23381 40
23413 61
23438 98
23462 15
23495 14
23527 26
23543 27
23549 91
23590 30
23597 46
23611 61
23653 108
23688 81
23696 28
23738 74
23746 4
23776 114
23804 100
23834 12
23879 14
23895 50
23926 21
23955 9
23963 21
23966 2
24001 27
24033 94
24040 78
24077 60
24088 100
24095 84
24125 70
24132 114
24156 86
24190 55
24235 75
24275 45
24297 87
24342 4
24371 67
24386 48
24406 48
24432 113
24444 22
24473 101
24475 29
24490 82
24521 37
24526 101
24554 109
24586 28
24600 3
24616 44
24654 106
24677 77
24706 114
24707 86
24748 28
24750 126
24789 126
24815 89
24855 4
24857 75
24864 106
24875 45
24888 97
24924 11
24940 113
24965 41
24972 39
24984 25
25016 70
25036 74
25075 91
25081 104
25111 23
25129 108
25141 2
25173 82
25188 86
25209 67
25252 70
25292 77
25329 94
25329 51
25359 45
25373 69
25406 28
25432 112
25475 3
25504 63
25533 84
25577 97
25582 127
25584 46
25625 105
25648 65
25657 112
25700 56
25711 105
25714 2
25716 50
25717 73
25757 126
25801 63
25819 75
25824 23
25862 109
25902 62
25907 117
25928 23
25960 84
25998 95
26023 48
26038 122
26054 106
26096 45
26112 79
26122 59
26122 48
26161 121
26184 43
26194 123
26239 82
26251 87
26262 50
26270 98
26298 12
26309 90
26337 102
26346 42
26356 9
26390 71
26394 79
26423 91
26440 57
26476 70
26480 112
26491 3
26519 16
26563 79
26568 70
26576 7
26590 67
26626 101
26651 9
26673 54
26685 49
26711 51
26723 7
26735 33
26755 29
26797 54
26821 42
26848 102
26877 109
26919 14
26951 51
26985 84
27021 99
27039 80
27046 101
27081 38
27124 6
27134 92
27163 62
27165 64
27168 80
27191 51
27234 28
27238 6
27271 18
27283 60
27305 83
27327 61
27362 74
27375 58
27378 113
27409 63
27436 33
27454 101
27488 20
27521 121
27561 49
27586 52
27598 52
27618 113
27660 71
27667 73
27681 85
27688 34
27710 63
27738 43
27764 73
27785 114
27826 6
27846 93
27854 31
27895 125
27920 5
27950 31
27975 83
28012 10
28035 17
28043 64
28049 39
28090 48
28133 57
28163 17
28204 60
28248 6
28289 78
28289 29
28319 22
28355 6
28362 73
28389 117
28426 48
28452 108
28481 116
28489 86
28508 71
28538 20
28546 16
28573 120
28608 117
28619 58
28654 17
28674 50
28692 63
28706 24
28727 30
28765 20
28806 109
28826 16
28870 82
28895 109
28906 27
28927 66
28970 32
28996 53
29039 99
29060 38
29067 73
29106 104
29114 73
29145 106
29152 114
29174 39
29200 15
29237 71
29282 67
29305 99
29350 39
29357 98
29363 47
29380 63
29383 26
29417 27
29441 58
29441 66
29486 99
29502 92
29543 110
29571 43
29596 104
29613 90
29650 48
29660 19
29674 86
29688 83
29705 34
29727 121
29737 89
29764 102
29794 95
29815 39
29846 4
29849 83
29885 2
29889 91
29904 102
29945 80
29969 25
29972 92
30013 26
30051 48
30067 106
30095 90
30129 73
30158 3
30198 3
30198 60
30221 20
30233 40
30256 30
30300 88
30339 109
30345 60
30387 48
30426 99
30441 126
30445 123
30487 69
30517 58
30549 73
30568 50
30610 67
30645 2
30648 124
30666 104
30672 70
30711 123
30729 39
30739 14
30784 14
30823 33
30860 88
30874 70
30880 91
30925 31
30945 62
30978 123
30998 112
31006 97
31046 36
31071 118
31100 46
31138 122
31173 58
31198 28
31229 122
31250 98
31288 51
31324 16
31328 8
31363 55
31378 55
31423 19
31468 16
31513 11
31543 17
31576 35
31576 51
31615 71
31620 90
31653 43
31695 76
31698 104
31700 79
31737 29
31778 66
31780 121
31784 16
31823 36
31850 18
31883 127
31919 63
31919 46
31951 78
31958 24
31993 36
32008 5
32038 115
32053 40
32086 45
32102 81
32132 15
32159 13
32187 58
32232 65
32253 72
32268 56
32297 32
32335 52
32378 4
32388 72
32394 97
32432 36
32476 77
32513 3
32527 61
32572 116
32575 127
32596 27
32611 122
32619 68
32624 124
32643 101
32645 114
32668 94
32676 74
32685 7
32714 126
32744 19
32787 25
32828 44
32861 93
32887 123
32920 49
32964 15
33001 57
33003 124
33042 80
33069 12
33109 117
33115 90
33150 77
33171 5
33199 14
33214 27
33215 41
33249 36
33257 27
33276 6
33286 90
33297 84
33334 93
33368 72
33383 76
33413 13
33423 106
33436 58
33443 70
33477 29
33507 29
33544 117
33577 70
33583 22
33625 102
33630 93
33636 91
33667 81
33703 34
33717 63
33743 8
33750 127
33763 7
33763 58
33787 45
33826 68
33853 102
33866 112
33888 75
33916 47
33927 96
33968 13
33983 1
34014 99
34048 36
34066 22
34084 65
34099 50
34133 85
34170 1
34202 118
34204 88
34223 79
34263 108
34293 107
34322 127
34322 90
34339 15
34370 98
34384 125
34393 14
34432 110
34446 72
34478 47
34522 68
34547 71
34558 12
34561 50
34578 104
34596 39
34598 58
34621 12
34639 20
34652 114
34653 103
34689 26
34733 109
34760 80
34785 44
34823 39
34845 59
34858 50
34899 33
34922 19
34927 43
34967 70
34995 101
35002 87
35024 38
35056 108
35057 89
35090 68
35094 114
35111 49
35114 97
35140 84
35155 10
35172 18
35188 12
35225 116
35250 43
35250 113
35290 109
35294 120
35294 60
35297 105
35310 38
35315 17
35315 48
35315 16
35336 117
35377 35
35401 40
35441 7
35483 104
35501 40
35519 54
35519 90
35549 41
35573 3
35585 65
35595 95
35636 53
35675 83
35691 8
35698 27
35698 29
35727 90
35767 89
35801 66
35802 97
35816 9
35821 18
35840 42
35846 4
35847 54
35852 25
35877 127
35885 92
35920 66
35945 9
35986 14
35988 52
36032 47
36069 65
36110 84
36141 71
36154 25
36191 75
36222 9
36236 36
36236 117
36256 58
36294 72
36330 115
36340 74
36383 61
36426 104
36459 87
36478 95
36508 52
36538 66
36548 78
36566 66
36585 19
36614 81
36622 6
36656 14
36674 46
36700 68
36707 45
36725 94
36736 87
36741 126
36760 43
36793 51
36819 116
36852 94
36862 100
36886 100
36914 109
36922 45
36926 114
36935 34
36939 66
36965 64
37008 25
37044 120
37081 16
37112 81
37148 106
37179 83
37185 125
37190 90
37218 97
37234 1
37247 89
37292 6
37298 41
37343 109
37381 77
37421 94
37425 111
37430 45
37450 13
37487 54
37523 53
37548 6
37572 69
37607 28
37633 126
37647 115
37671 121
37688 47
37694 40
37723 32
37731 86
37735 58
37740 7
37755 19
37776 67
37801 23
37836 82
37859 3
37876 74
37918 80
37951 29
37955 1
37968 22
37995 14
38007 50
38013 56
38040 58
38061 56
38087 90
38124 40
38135 70
38136 125
38166 121
38196 122
38197 69
38198 74
38203 75
38224 122
38239 86
38275 111
38283 18
38299 51
38305 68
38345 110
38349 7
38354 102
38372 7
38413 6
38427 16
38454 15
38481 47
38494 103
38519 6
38547 93
38555 9
38570 79
38599 18
38599 42
38615 57
38619 124
38621 56
38662 57
38678 14
38684 54
38715 71
38743 116
38749 66
38789 27
38824 122
38863 16
38899 52
38924 82
38925 1
38956 67
38995 76
39019 46
39037 7
39063 82
39081 47
39091 112
39121 63
39136 26
39175 16
39201 77
39215 94
39257 70
39293 103
39329 51
39368 65
39385 43
39425 36
39432 109
39447 89
39462 61
39483 30
39518 30
39539 39
39549 106
39582 60
39595 35
39628 103
39638 92
39664 54
39675 19
39704 14
39736 15
39754 47
39781 119
39821 11
39842 76
39865 122
39875 26
39897 31
39938 48
39938 2
39983 58
40013 52
40031 73
40044 99
40087 85
40123 127
40166 124
40210 3
40225 50
40260 107
40288 107
40324 118
40365 21
40395 100
40425 120
40454 23
40454 70
40471 40
40509 64
40537 39
40566 20
40578 68
40599 8
40613 53
40644 114
40680 28
40692 42
40719 49
40729 81
40744 28
40752 125
40766 50
40774 20
40790 33
40835 90
40849 4
40879 78
40909 19
40909 12
40925 24
40926 77
40945 124
40952 74
40961 54
40992 98
41036 38
41050 101
41080 18
41112 102
41129 82
41157 32
41177 70
41188 1
41203 39
41234 43
41265 92
41300 39
41316 27
41357 59
41388 86
41394 68
41407 53
41423 56
41449 10
41461 20
41483 91
41506 22
41515 69
41532 94
41559 43
41594 85
41612 110
41644 87
41675 74
41715 15
41754 38
41787 78
41801 68
41813 60
41842 24
41860 1
41867 22
41899 88
41915 81
41920 13
41938 49
41976 30
41984 98
41993 33
41995 48
42006 8
42014 11
42039 74
42048 29
42060 57
42073 38
42114 87
42159 113
42159 100
42193 98
42203 48
42233 119
42237 48
42241 28
42275 4
42287 50
42293 28
42293 30
42307 12
42311 103
42327 83
42362 115
42373 85
42394 74
42394 47
42418 106
42458 71
42497 66
42527 68
42554 90
42568 116
42608 72
42618 87
42623 118
42643 109
42656 83
42668 21
42698 45
42732 9
42753 65
42781 43
42792 96
42826 38
42864 10
42887 114
42889 30
42894 95
42928 6
42932 98
42942 18
42983 83
42995 37
42998 87
43009 77
43025 78
43033 61
43048 62
43078 15
43078 42
43120 73
43161 66
43192 48
43221 118
43260 61
43262 22
43279 60
43307 96
43320 106
43346 21
43346 16
43361 85
43387 85
43431 15
43451 124
43463 123
43496 18
43529 126
43551 3
43556 60
43565 123
43593 60
43597 101
43639 44
43678 81
43719 95
43724 99
43737 2
43765 51
43782 86
43804 39
43807 36
43818 42
43828 8
43856 104
43881 49
43922 123
43927 75
43939 44
43962 16
43976 66
43996 80
44011 127
44051 87
44083 95
44083 102
44121 54
44161 27
44179 47
44179 87
44186 5
44190 7
44225 21
44249 18
44251 116
44251 42
44282 47
44322 103
44339 113
44351 95
44392 34
44428 13
44451 73
44496 119
44507 115
44546 106
44564 124
44594 69
44594 45
44616 109
44635 60
44650 17
44672 6
44712 72
44754 29
44757 84
44782 125
44800 48
44819 28
44821 76
44841 33
44847 121
44856 39
44865 36
44883 6
44918 6
44924 126
44936 46
44960 110
44991 119
45000 2
45019 42
45047 62
45057 116
45099 111
45113 79
45133 19
45159 22
45166 47
45208 41
45225 106
45238 125
45272 13
45294 24
45323 27
45334 64
45372 88
45396 57
45414 62
45445 3
45456 87
45457 109
45470 36
45515 94
45521 57
45563 104
45594 10
45605 12
45613 68
45636 15
45676 9
45714 22
45737 47
45778 68
45805 70
45840 66
45840 34
45845 45
45879 42
45902 82
45933 107
45962 43
45966 58
46000 65
46026 97
46062 4
46076 45
46103 13
46148 91
46166 104
46195 101
46226 86
46271 55
46284 76
46293 27
46314 104
46351 112
46392 46
46414 100
46440 68
46477 39
46485 7
46508 8
46523 114
46546 21
46584 20
46588 9
46592 10
46621 46
46627 111
46669 92
46711 67
46716 108
46735 65
46778 83
46797 73
46820 118
46859 84
46877 78
46887 124
46897 74
46898 5
46928 110
46950 71
46995 125
47017 60
47042 109
47066 4
47068 121
47107 22
47152 39
47177 113
47204 127
47207 53
47245 91
47249 95
47269 26
47308 104
47311 12
47354 83
47358 114
47389 76
47421 7
47423 63
47424 101
47446 69
47490 86
47528 100
47573 52
47591 32
47606 78
47632 83
47638 32
47679 118
47682 94
47696 125
47711 94
47736 119
47761 59
47776 80
47777 39
47819 14
47831 42
47865 91
47881 72
47914 116
47919 97
47926 84
47944 64
47955 70
47977 65
48011 94
48050 104
48075 76
48075 124
48114 27
48121 120
48148 13
48174 39
48182 114
48206 67
48208 35
48213 102
48255 16
48273 126
48313 41
48356 52
48395 52
48438 17
48444 38
48483 42
48488 111
48506 83
48544 87
48582 107
48591 78
48611 66
48620 39
48664 127
48703 21
48730 2
48742 98
48746 27
48768 72
48785 7
48793 75
48793 106
48814 118
48839 90
48859 27
48888 115
48889 123
48911 110
48915 46
48955 33
48995 71
49028 1
49047 112
49053 70
49090 23
49102 31
49108 118
49109 44
49128 83
49145 54
49180 98
49187 111
49215 111
49220 66
49245 91
49280 33
49296 42
49316 26
49342 81
49359 68
49390 51
49420 80
49438 112
49451 123
49474 17
49500 113
49507 20
49514 127
49526 107
49560 68
49590 40
49603 10
49609 61
49640 31
49640 104
49674 59
49717 39
49733 109
49759 118
49793 62
49824 12
49827 58
49850 44
49853 61
49862 53
49886 80
49924 40
49957 55
49957 13
49978 99
49991 1
49994 44
50037 121
50058 61
50093 43
50096 38
50105 6
50117 66
50126 111
50162 20
50205 43
50249 62
50294 4
50323 122
50355 119
50372 114
50397 84
50398 51
50402 63
50441 47
50464 25
50474 51
50490 24
50510 66
50525 114
50566 33
50579 104
50600 115
50615 40
50653 50
50661 119
50703 59
50714 35
50755 58
50769 79
50772 25
50787 59
50795 9
50796 35
50827 75
50843 48
50855 98
50872 92
50876 7
50897 80
50909 68
50919 88
50946 25
50979 116
50980 14
51025 94
51052 101
51059 65
51082 106
51085 55
51121 42
51146 102
51149 35
51171 109
51194 71
51217 32
51251 27
51265 62
51308 39
51324 95
51347 122
51348 124
51383 18
51418 29
51450 5
51484 56
51516 78
51536 83
51536 103
51547 6
51574 49
51605 15
51623 44
51642 11
51686 1
51689 101
51706 100
51736 79
51770 50
51792 37
51798 54
51810 24
51820 90
51847 39
51870 109
51902 55
51940 99
51949 68
51973 36
51993 28
52034 113
52049 94
52090 52
52118 17
52127 61
52167 23
52176 56
52215 107
52240 21
52241 4
52263 91
52271 79
52310 103
52323 116
52337 117
52344 45
52370 59
52393 9
52398 89
52422 58
52457 120
52499 108
52536 120
52542 86
52584 95
52608 116
52627 48
52661 103
52664 74
52683 94
52699 125
52723 97
52723 46
52725 15
52734 23
52773 127
52780 90
52813 42
52817 15
52823 103
52835 122
52871 51
52913 122
52933 109
52958 21
52972 9
52980 86
53013 75
53018 81
53025 76
53053 19
53078 2
53080 52
53117 33
53117 119
53123 25
53163 121
53168 62
53181 8
53205 96
53240 90
53282 69
53298 8
53304 5
53310 96
53323 117
53326 97
53328 67
53365 111
53367 13
53386 32
53406 75
53437 115
53460 63
53461 19
53488 62
53496 47
53541 4
53543 23
53566 117
53571 55
53578 22
53618 4
53638 66
53667 110
53695 10
53716 64
53730 127
53760 77
53767 80
53789 86
53807 18
53820 117
53828 46
53870 63
53875 11
53877 2
53894 49
53924 116
53935 39
53974 66
54016 60
54048 118
54088 106
54106 63
54136 2
54151 58
54152 2
54171 101
54186 2
54198 120
54215 67
54221 105
54255 26
54286 112
54315 31
54334 70
54353 107
54383 40
54391 94
54392 73
54395 95
54429 61
54449 23
54476 28
54486 10
54502 88
54503 85
54522 26
54564 56
54564 13
54579 118
54615 40
54620 95
54664 84
54700 19
54725 96
54732 125
54776 113
54782 90
54820 60
54864 50
54896 72
54901 114
54940 114
54947 77
54982 57
55015 87
55047 87
55091 58
55102 100
55145 24
55162 99
55204 63
55243 104
55271 81
55298 60
55324 119
55365 50
55393 84
55438 100
55456 47
55459 100
55491 120
55499 30
55542 85
55555 110
55562 92
55601 57
55617 112
55662 57
55662 79
55701 115
55711 28
55744 116
55771 108
55811 34
55847 20
55853 94
55866 2
55898 58
55934 84
55949 5
55964 84
55996 29
56032 86
56059 23
56090 93
56099 95
56111 95
56134 75
56179 125
56205 72
56244 104
56272 89
56276 95
56283 34
56322 54
56343 58
56369 124
56410 47
56422 104
56447 66
56483 3
56527 13
56548 110
56562 122
56564 58
56603 120
56612 84
56651 54
56687 61
56692 101
56708 100
56727 105
56757 101
56763 22
56795 103
56835 78
56876 71
56915 86
56925 93
56961 127
56987 118
56993 4
57002 43
57035 119
57073 61
57078 79
57091 45
57119 39
57141 27
57181 36
57190 103
57206 38
57246 107
57263 27
57294 23
57334 100
57374 72
57383 95
57384 48
57416 1
57438 84
57441 55
57446 84
57488 113
57495 7
57518 47
57523 14
57536 104
57538 61
57573 2
57575 41
57594 79
57607 104
57615 55
57616 12
57646 80
57666 85
57674 28
57707 40
57715 1
57716 8
57748 43
57772 27
57815 96
57837 118
57840 120
57884 42
57885 122
57894 47
57914 43
57918 103
57925 50
57946 108
57953 94
57983 99
58023 81
58041 66
58061 11
58067 103
58106 2
58134 69
58154 119
58199 77
58219 121
58233 103
58252 2
58255 92
58276 104
58302 59
58331 10
58358 63
58398 127
58415 19
58433 19
58448 63
58493 24
58518 46
58556 98
58601 122
58639 24
58664 126
58698 60
58722 60
58758 100
58797 37
58806 73
58806 15
58806 52
58827 10
58828 52
58849 67
58879 33
58919 80
58941 46
58956 92
58979 37
59016 15
59037 12
59060 99
59072 22
59110 114
59120 117
59135 16
59177 77
59211 96
59235 99
59236 1
59262 50
59265 127
59291 70
59297 104
59320 58
59349 32
59366 115
59399 93
59424 41
59456 100
59485 68
59496 20
59520 57
59534 54
59568 49
59579 23
59600 92
59632 10
59641 97
59645 64
59657 41
59696 2
59730 43
59744 114
59772 98
59792 76
59822 5
59844 117
59880 19
59892 44
59933 18
59970 92
59973 4
60017 50
60057 117
60074 27
60090 33
60129 3
60132 16
60174 23
60209 13
60254 105
60262 31
60274 121
60285 124
60316 64
60316 7
60354 50
60357 26
60385 98
60421 127
60450 88
60465 55
60509 9
60530 91
60570 17
60575 102
60604 75
60625 54
60635 94
60638 101
60657 27
60686 16
60700 92
60711 106
60743 100
60753 74
60762 80
60806 63
60843 7
60886 77
60911 97
60954 97
60998 21
61004 7
61032 112
61055 7
61074 14
61077 104
61094 109
61136 21
61167 94
61174 33
61200 79
61223 87
61261 20
61295 6
61316 104
61331 114
61350 25
61369 92
61377 79
61388 118
61426 15
61448 79
61476 66
61489 2
61533 120
61565 109
61583 122
61594 58
61629 39
61632 21
61636 39
61650 63
61669 94
61706 20
61718 6
61747 125
61757 67
61786 44
61794 31
61826 24
61869 24
61879 3
61920 82
61946 120
61952 81
61957 81
61976 47
62013 108
62044 116
62056 91
62066 117
62074 73
62101 85
62123 95
62162 116
62167 29
62189 86
62227 5
62265 119
62310 109
62345 8
62356 109
62400 28
62404 50
62443 80
62444 21
62458 78
62462 117
62498 10
62522 19
62563 97
62597 123
62603 47
62634 125
62636 67
62658 83
62670 41
62702 7
62740 127
62745 83
62772 17
62772 107
62777 124
62785 43
62819 48
62852 21
62891 66
62896 67
62918 27
62946 98
62963 15
63008 11
63008 89
63038 28
63047 33
63061 109
63082 109
63116 78
63151 64
63152 37
63187 105
63225 22
63253 3
63291 19
63313 22
63354 125
63367 13
63397 34
63399 76
63423 71
63428 27
63433 29
63435 36
63453 80
63487 64
63506 63
63544 89
63582 118
63620 10
63651 102
63688 77
63730 75
63764 83
63779 2
63783 41
63819 93
63856 42
63862 95
63895 13
63932 6
63975 94
63975 68
64017 124
64019 76
64042 85
64060 120
64099 49
64119 87
64164 70
64169 117
64173 99
64192 13
64218 115
64243 6
64284 39
64290 100
64320 3
64364 119
64399 6
64410 9
64420 29
64445 107
64453 98
64476 12
64487 50
64493 29
64505 36
64512 33
64550 22
64579 112
64580 109
64586 110
64623 106
64648 55
64661 94
64683 52
64694 30
64705 18
64717 14
64729 114
64759 124
64797 94
64831 117
64838 94
64871 103
64906 29
64911 102
64947 19
64969 50
64976 26
64991 30
65025 50
65033 45
65034 2
65063 60
65075 90
65083 112
65100 90
65128 89
65147 27
65157 103
65180 5
65215 98
65240 34
65271 82
65275 97
65317 86
65319 120
65331 82
65370 72
65389 114
65422 9
65428 119
65460 77
65505 114
65515 45
65532 29
65542 96
65559 94
65585 66
65585 63
65620 81
65660 13
65663 95
65699 27
65735 127
65777 104
65815 86
65847 24
65880 58
65912 72
65916 90
65951 124
65958 59
65974 33
66001 36
66046 35
66091 88
66103 65
66134 125
66174 44
66175 36
66203 90
66212 72
66222 103
66246 73
66285 95
66309 48
66333 6
66371 23
66388 56
66389 99
66404 27
66426 53
66463 18
66484 28
66490 76
66498 88
66499 54
66516 119
66526 20
66531 119
66535 64
66558 74
66582 118
66582 4
66619 68
66623 53
66638 15
66679 89
66704 85
66733 110
66755 55
66795 17
66825 34
66836 45
66856 31
66886 66
66918 93
66928 47
66930 5
66949 49
66985 14
66990 50
67006 56
67035 44
67037 1
67081 60
67098 45
67131 13
67148 29
67172 27
67208 119
67226 65
67258 21
67296 111
67307 2
67334 84
67348 13
67350 95
67367 110
67381 76
67420 92
67458 66
67498 126
67499 47
67524 67
67559 123
67583 97
67590 52
67623 23
67655 99
67662 118
67694 40
67697 27
67697 91
67702 9
67709 43
67728 29
67736 59
67755 77
67781 86
67786 27
67802 54
67836 70
67848 28
67861 28
67878 71
67894 104
67920 60
67933 11
67936 110
67944 63
67966 59
67970 42
67995 124
68017 37
68035 119
68050 5
68083 47
68091 39
68103 39
68117 107
68138 72
68147 127
68190 111
68202 80
68230 101
68239 13
68276 117
68296 106
68334 11
68366 5
68387 93
68430 30
68441 37
68469 40
68496 19
68501 64
68535 23
68545 11
68574 18
68595 91
68604 76
68620 5
68657 118
68671 61
68698 28
68704 1
68737 84
68741 125
68741 25
68775 50
68787 39
68818 119
68841 92
68862 94
68898 69
68910 38
68921 27
68938 36
68976 105
68993 91
68999 1
69033 26
69057 84
69098 19
69098 74
69111 29
69151 127
69177 10
69179 62
69212 79
69218 28
69250 58
69281 35
69324 105
69357 126
69394 28
69424 58
69432 79
69466 86
69474 23
69494 15
69535 113
69564 100
69584 20
69603 32
69604 90
69617 63
69637 57
69681 126
69697 61
69717 71
69730 72
69760 9
69800 70
69809 16
69835 39
69867 97
69903 66
69904 87
69916 58
69931 29
69960 90
69977 44
70015 54
70038 35
70063 49
70080 32
70112 50
70117 37
70154 18
70179 71
70221 88
70232 21
70253 47
70255 25
70268 121
70270 67
70313 31
70343 1
70358 93
70377 72
70399 42
70439 95
70443 27
70485 35
70525 102
70553 81
70565 92
70570 6
70573 42
70609 106
70609 52
70654 86
70697 2
70697 71
70738 108
70739 6
70744 45
70787 69
70787 5
70814 111
70849 5
70858 79
70870 90
70896 52
70932 74
70944 28
70987 44
70988 12
70990 16
71024 62
71039 120
71062 100
71085 55
71126 123
71140 52
71174 118
71200 28
71222 46
71257 72
71268 5
71284 85
71323 28
71341 55
71376 43
71405 44
71417 91
71459 40
71459 22
71498 59
71514 98
71522 19
71562 23
71568 105
71600 62
71600 72
71640 30
71677 1
71704 110
71746 61
71752 46
71776 23
71813 15
71838 25
71862 86
71877 25
71912 9
71956 30
71974 122
72004 72
72014 10
72035 64
72052 35
72080 60
72109 74
72125 70
72152 78
72172 30
72186 63
72209 27
72245 18
72272 72
72306 113
72318 26
72331 111
72355 94
72375 111
72410 62
72423 100
72435 25
72457 65
72499 24
72504 19
72517 39
72548 110
72582 16
72608 46
72638 117
72665 100
72699 115
72728 9
72746 88
72783 86
72828 125
72843 35
72874 89
72904 95
72924 77
72965 69
72996 91
73029 5
73073 124
73106 25
73140 75
73175 126
73178 103
73193 111
73213 90
73225 54
73228 52
73273 22
73278 65
73282 83
73286 63
73312 74
73329 7
73334 115
73377 59
73402 11
73404 74
73446 25
73484 20
73512 98
73519 58
73552 33
73567 69
73588 34
73613 115
73657 92
73667 41
73684 40
73701 21
73738 118
73760 60
73803 66
73837 54
73850 62
73874 8
73901 13
73911 76
73949 65
73975 109
74011 43
74021 18
74032 55
74034 73
74063 51
74089 32
74134 113
74159 49
74188 126
74188 18
74225 72
74250 30
74268 73
74305 31
74336 89
74349 70
74367 57
74381 114
74386 64
74423 48
74454 2
74482 117
74523 83
74558 55
74584 110
74611 26
74641 100
74646 79
74655 123
74693 93
74725 12
74745 100
74784 106
74823 14
74848 25
74862 111
74902 125
74925 112
74946 40
74953 97
74988 29
75030 23
75071 45
75095 112
75108 36
75131 99
75132 69
75173 102
75193 66
75220 113
75235 57
75266 49
75272 43
75274 6
75299 112
75336 77
75377 80
75412 108
75421 106
75434 119
75465 48
75508 72
75510 24
75547 63
75580 2
75583 46
75620 124
75634 3
75666 88
75676 94
75683 65
75708 52
75751 82
75753 11
75787 35
75812 72
75840 1
75855 115
75880 95
75885 100
75906 126
75938 21
75953 9
75956 25
75998 22
76005 1
76043 83
76075 41
76075 83
76085 50
76097 74
76142 104
76155 8
76158 69
76170 3
76170 59
76178 96
76198 54
76215 6
76229 56
76252 103
76257 17
76264 39
76273 90
76286 116
76309 121
76345 63
76388 84
76417 59
76447 30
76451 53
76473 15
76476 68
76499 74
76506 29
76537 6
76574 46
76607 49
76625 104
76643 107
76644 34
76656 98
76697 88
76706 55
76715 56
76755 106
76769 101
76772 13
76798 18
76828 108
76853 57
76862 97
76873 18
76908 94
76924 15
76924 106
76933 16
76948 74
76969 54
76980 26
76999 127
77044 100
77084 109
77084 88
77098 86
77107 7
77119 125
77120 43
77160 18
77194 103
77198 29
77237 74
77280 11
77290 100
77316 102
77339 56
77352 2
77370 97
77405 15
77409 83
77433 7
77477 80
77495 90
77526 67
77547 58
77585 14
77595 35
77613 125
77637 32
77639 59
77665 120
77692 63
77720 107
77735 10
77754 123
77796 61
77803 107
77828 104
77850 102
77851 9
77874 17
77875 36
77886 122
77918 47
77918 2
77933 36
77945 33
77945 110
77951 79
77952 9
77956 31
77994 25
78018 41
78048 106
78048 117
78058 118
78063 60
78097 74
78124 37
78147 115
78189 42
78223 68
78250 40
78273 105
78303 24
78303 50
78330 51
78332 34
78354 15
78379 30
78391 74
78420 96
78454 85
78457 53
78475 102
78511 23
78553 15
78553 121
78554 98
78556 100
78586 26
78604 121
78616 79
78628 37
78652 20
78662 100
78669 118
78670 15
78677 27
78690 5
78726 27
78739 19
78784 19
78809 92
78852 44
78891 86
78928 71
78966 97
78972 2
78987 66
78996 44
79032 119
79033 68
79035 69
79044 112
79079 91
79098 51
79142 4
79181 64
79182 30
79199 75
79218 60
79257 58
79280 87
79323 78
79348 107
79390 100
79420 115
79457 36
79501 10
79546 3
79553 57
79572 106
79588 61
79610 57
79624 32
79641 36
79652 97
79665 93
79684 87
79719 126
79723 50
79745 104
79766 77
79778 46
79798 61
79802 95
79841 65
79861 55
79895 91
79896 45
79911 81
79938 44
79940 79
79956 85
79994 33
80000 64
80008 18
80036 87
80056 120
80082 23
80103 6
80131 112
80136 81
80150 119
80159 17
80197 61
80234 11
80243 18
80247 63
80282 5
80321 101
80353 53
80361 59
80361 65
80387 27
80402 58
80435 39
80439 60
80443 86
80454 38
80485 107
80514 84
80544 25
80579 76
80592 53
80619 119
80641 17
80680 13
80682 54
80719 118
80764 68
80799 80
80837 27
80841 34
80858 27
80893 115
80917 55
80922 36
80944 79
80951 11
80955 44
80978 56
80990 68
81034 12
81063 77
81074 76
81099 75
81123 66
81158 104
81163 76
81167 47
81207 122
81250 65
81273 50
81274 8
81275 13
81303 62
81305 50
81340 33
81371 88
81372 17
81381 107
81394 72
81408 58
81441 19
81470 97
81493 127
81499 57
81528 77
81559 33
81589 114
81594 61
81627 111
81668 97
81679 11
81698 34
81737 91
81746 99
81778 3
81783 123
81806 2
81845 118
81847 78
81874 48
81891 49
81916 121
81940 108
81971 71
81998 41
82009 50
82016 27
82048 79
82060 42
82102 14
82140 124
82159 53
82160 122
82184 100
82184 123
82200 57
82217 96
82219 57
82248 52
82291 113
82294 121
82309 116
82315 112
82357 95
82357 101
82382 98
82383 54
82405 94
82434 104
82443 4
82469 39
82502 7
82537 4
82541 101
82564 13
82605 27
82613 113
82657 75
82691 77
82705 39
82717 103
82734 62
82756 93
82761 122
82763 111
82791 27
82813 127
82824 123
82838 107
82857 2
82874 19
82885 2
82905 77
82943 119
82948 49
82966 31
82980 87
83013 82
83048 20
83083 70
83114 80
83143 24
83155 79
83158 124
83161 71
83193 70
83197 3
83222 20
83234 39
83260 24
83290 22
83305 107
83305 111
83337 18
83341 100
83385 96
83385 10
83424 114
83449 55
83450 66
83494 3
83531 88
83573 70
83605 106
83628 64
83630 22
83631 118
83649 46
83654 106
83667 41
83699 39
83712 102
83713 15
83734 80
83736 117
83736 8
83761 100
83780 78
83819 70
83853 21
83868 53
83895 5
83908 126
83933 121
83959 21
84000 106
84030 32
84046 22
84072 19
84081 79
84096 95
84135 53
84172 36
84216 3
84241 64
84277 72
84317 62
84320 53
84346 40
84370 82
84388 51
84427 125
84461 17
84469 67
84512 60
84521 94
84551 58
84565 43
84602 65
84623 83
84628 35
84638 123
84641 49
84686 105
84702 109
84733 69
84734 76
84740 79
84772 6
84777 88
84815 72
84827 55
84843 83
84886 23
84923 59
84963 5
84967 34
85008 116
85051 42
85087 46
85123 58
85152 97
85155 97
85156 42
85189 101
85231 79
85263 68
85298 22
85319 17
85343 66
85357 8
85393 86
85427 51
85472 114
85506 42
85549 23
85575 54
85614 109
85634 23
85646 10
85661 18
85672 123
85698 95
85721 92
85760 58
85801 82
85802 99
85834 53
85851 72
85861 100
85888 51
85915 25
85916 77
85950 110
85974 81
85982 32
85986 49
85998 110
86030 92
86038 112
86081 24
86093 116
86109 42
86132 102
86140 110
86160 47
86185 101
86192 127
86218 49
86259 107
86284 103
86305 124
86316 47
86327 60
86369 124
86414 50
86451 116
86474 26
86487 22
86505 9
86545 61
86584 83
86586 125
86610 56
86646 30
86670 25
86680 99
86708 4
86739 114
86755 91
86793 34
86827 71
86851 102
86861 125
86886 82
86888 54
86895 22
86908 92
86940 57
86957 59
86999 96
87002 35
87003 14
87016 29
87060 90
87097 15
87113 80
87157 123
87200 117
87239 52
87280 82
87282 71
87283 45
87305 26
87333 14
87356 62
87367 75
87373 83
87394 10
87435 106
87439 38
87457 88
87459 29
87468 85
87496 12
87501 61
87530 64
87565 122
87587 32
87619 27
87648 105
87685 27
87724 8
87768 46
87773 54
87811 105
87819 76
87830 91
87845 52
87859 121
87874 48
87900 119
87900 75
87912 51
87955 117
87972 118
87973 124
87979 33
87981 106
87986 121
87987 125
88005 18
88042 52
88078 21
88078 108
88078 62
88088 74
88125 119
88156 65
88177 89
88182 107
88198 124
88223 91
88226 62
88230 65
88260 78
88272 68
88294 109
88299 98
88322 45
88361 29
88375 83
88395 97
88433 5
88443 20
88454 43
88468 32
88478 72
88520 107
88537 10
88576 37
88611 21
88615 100
88638 26
88652 114
88665 56
88703 37
88714 54
88730 12
88734 83
88735 27
88775 113
88775 4
88820 77
88854 87
88896 65
88937 64
88964 82
88997 65
89021 36
89029 62
89043 71
89063 29
89107 100
89125 119
89154 95
89185 75
89218 49
89228 71
89240 83
89241 35
89286 112
89288 49
89288 70
89325 16
89347 31
89381 24
89418 127
89428 121
89462 40
89484 59
89497 30
89498 112
89534 82
89576 65
89596 28
89636 17
89637 49
89674 62
89708 111
89734 94
89774 103
89775 19
89779 109
89816 46
89826 24
89871 88
89909 37
89924 69
89948 44
89972 45
90011 13
90027 125
90050 65
90050 65
90053 37
90063 11
90092 17
90133 92
90137 38
90140 59
90143 127
90174 9
90192 103
90198 61
90225 69
90226 56
90242 67
90265 34
90288 45
90293 50
90326 41
90346 53
90387 4
90391 68
90392 31
90396 112
90420 55
90438 100
90461 39
90473 70
90514 4
90516 65
90537 90
90574 53
90582 91
90595 62
90605 78
90624 4
90648 93
90664 48
90702 94
90719 3
90751 57
90759 113
90766 33
90772 59
90783 126
90808 51
90846 14
90877 32
90919 3
90920 98
90960 66
90979 114
90992 18
91002 74
91028 6
91067 122
91108 53
91147 72
91173 121
91206 53
91233 15
91239 117
91248 73
91266 41
91290 56
91299 46
91336 7
91376 35
91391 21
91400 27
91431 2
91441 10
91471 115
91478 112
91502 68
91521 78
91522 104
91542 65
91560 6
91581 65
91586 53
91601 21
91630 27
91656 1
91683 103
91704 92
91717 5
91717 45
91748 35
91774 52
91815 83
91842 17
91884 107
91895 93
91896 9
91914 13
91942 107
91971 61
92013 87
92036 14
92041 48
92070 81
92078 126
92108 117
92131 98
92151 125
92184 16
92209 96
92214 55
92248 23
92274 30
92295 53
92315 33
92323 18
92361 14
92364 44
92376 48
92417 35
92431 39
92456 123
92460 95
92463 106
92467 104
92488 122
92532 39
92576 32
92591 109
92598 125
92632 83
92655 60
92662 88
92693 70
92714 66
92721 5
92746 92
92786 53
92799 57
92806 89
92830 118
92866 9
92873 65
92906 44
92942 39
92951 103
92984 125
93016 85
93038 102
93066 116
93105 52
93113 20
93148 82
93151 55
93183 12
93211 14
93227 80
93234 1
93261 3
93284 113
93319 88
93364 116
93383 26
93412 115
93419 11
93459 23
93491 47
93521 41
93546 55
93568 28
93581 80
93592 116
93608 6
93640 32
93684 116
93714 23
93716 104
93727 97
93734 3
93763 36
93802 53
93843 1
93871 124
93901 1
93933 20
93977 90
94008 69
94042 109
94057 125
94075 21
94103 14
94142 32
94143 115
94156 122
94179 86
94199 11
94241 101
94278 24
94282 86
94290 23
94290 83
94312 114
94333 31
94348 61
94357 84
94397 18
94423 104
94457 42
94466 8
94507 6
94511 9
94519 29
94520 61
94546 122
94553 26
94565 9
94603 67
94631 100
94641 10
94672 113
94675 10
94719 32
94749 126
94776 118
94788 126
94793 6
94837 8
94880 83
94910 27
94918 7
94956 91
94961 113
94998 52
95010 11
95011 17
95056 8
95081 71
95112 106
95147 67
95151 84
95176 42
95206 106
95242 125
95277 119
95300 78
95338 28
95364 53
95382 39
95391 14
95419 16
95444 24
95463 116
95480 41
95503 26
95506 65
95519 81
95535 13
95556 35
95594 82
95620 55
95638 3
95675 28
95684 57
95727 46
95748 105
95756 56
95801 61
95802 108
95825 49
95855 1
95873 29
95875 52
95901 92
95926 16
95945 4
95983 114
96011 71
96022 13
96051 127
96077 14
96106 110
96150 60
96151 35
96186 36
96207 126
96239 94
96266 65
96266 6
96271 69
96309 20
96328 119
96333 2
96347 1
96363 61
96406 36
96418 6
96463 85
96496 102
96531 74
96561 38
96578 95
96619 77
96623 24
96668 7
96668 72
96688 73
96711 37
96748 30
96788 75
96793 64
96805 54
96848 101
96865 54
96885 19
96893 69
96918 80
96943 43
96964 62
96969 34
97000 114
97020 71
97043 41
97043 107
97065 101
97099 103
97122 34
97165 31
97205 14
97242 126
97287 67
97298 97
97336 90
97375 100
97382 110
97417 51
97461 46
97486 106
97500 113
97525 50
97537 98
97574 94
97583 124
97591 104
97636 109
97637 19
97669 6
97710 77
97755 89
97800 122
97800 45
97815 113
97856 127
97881 50
97893 121
97898 7
97906 37
97948 112
97991 100
98025 46
98029 12
98062 51
98063 16
98095 74
98134 19
98177 44
98197 104
98235 95
98240 33
98246 125
98266 73
98285 23
98329 14
98342 33
98369 50
98378 46
98392 75
98423 14
98443 91
98478 8
98505 16
98546 114
98571 4
98586 66
98624 9
98654 43
98666 102
98704 108
98742 17
98785 1
98795 118
98829 38
98862 30
98881 1
98892 96
98905 107
98922 15
98922 28
98943 58
98955 71
98996 2
99001 14
99043 66
99062 51
99105 19
99140 56
99185 122
99196 90
99210 77
99223 24
99256 80
99275 44
99282 114
99284 21
99328 11
99349 30
99383 78
99398 117
99398 39
99409 70
99429 91
99450 32
99482 107
99501 70
99529 9
99564 58
99583 23
99618 20
99621 27
99663 47
99679 54
99716 4
99747 112
99780 114
99802 64
99816 15
99825 23
99825 72
99854 109
99859 38
99862 35
99873 13
99902 20
99933 21
99961 40
99977 2
99985 81
100027 100
100028 50
100056 79
100080 60
100121 83
100151 126
100175 99
100194 7
100196 125
100221 97
100256 7
100283 106
100323 71
100328 114
100359 61
100386 5
100398 78
100415 59
100435 93
100470 117
100510 121
100538 123
100540 73
100557 53
100578 12
100588 127
100588 57
100600 82
100617 39
100621 98
100650 121
100665 48
100685 100
100710 91
100744 48
100760 56
100792 100
100799 125
100837 82
100868 30
100877 34
100896 115
100906 86
100915 124
100936 38
100967 39
100975 117
101017 105
101035 46
101038 48
101068 92
101079 29
101096 7
101127 37
101160 2
101190 81
101193 59
101220 26
101226 90
101255 60
101300 27
101323 33
101365 51
101368 34
101401 42
101435 1
101468 16
101472 2
101498 25
101505 106
101534 39
101547 6
101563 20
101579 65
101607 122
101647 105
101652 46
101682 90
101725 48
101736 101
101770 71
101782 47
101827 89
101863 95
101891 46
101895 103
101895 68
101895 24
101896 23
101918 21
101957 50
101971 57
101972 111
102004 21
102041 93
102086 64
102098 14
102107 62
102140 24
102160 29
102200 62
102244 18
102278 110
102308 107
102314 1
102340 1
102379 21
102389 86
102415 11
102445 80
102449 97
102456 110
102459 96
102497 50
102522 31
102523 7
102529 80
102536 83
102581 110
102582 31
102614 40
102634 121
102648 101
102659 72
102700 25
102709 13
102753 87
102794 20
102833 33
102859 11
102874 17
102919 25
102919 38
102919 41
102920 75
102925 116
102970 15
102980 31
103022 47
103029 90
103050 25
103081 25
103124 108
103154 10
103199 92
103204 41
103243 119
103259 96
103290 118
103323 35
103353 92
103353 51
103367 7
103398 98
103434 67
103474 20
103490 91
103514 82
103523 70
103528 60
103534 41
103567 89
103596 122
103599 64
103613 8
103656 47
103700 84
103724 103
103749 36
103767 29
103776 56
103801 74
103806 108
103843 24
103867 53
103901 24
103942 16
103975 12
104006 119
104017 124
104027 54
104067 8
104075 31
104098 66
104113 109
104114 47
104159 122
104168 39
104171 60
104178 106
104210 58
104253 24
104256 12
104299 114
104342 121
104344 83
104362 30
104374 75
104374 3
104406 96
104420 15
104426 79
104432 5
104433 14
104444 124
104444 71
104463 48
104492 84
104526 100
104565 96
104572 81
104590 10
104594 105
104618 34
104619 33
104636 35
104637 126
104657 85
104660 102
104691 69
104736 61
104780 4
104782 122
104805 97
104809 56
104815 10
104854 1
104876 23
104910 94
104918 80
104949 34
104980 127
105002 46
105039 17
105066 101
105071 83
105103 57
105113 8
105138 57
105152 59
105170 41
105197 36
105220 7
105235 5
105272 38
105289 38
105290 71
105335 73
105367 116
105375 126
105381 97
105383 17
105385 63
105389 112
105396 103
105414 120
105425 71
105427 49
105447 15
105464 85
105502 87
105544 75
105577 46
105590 117
105610 72
105623 2
105640 9
105685 8
105713 118
105725 45
105743 122
105788 117
105810 44
105845 71
105865 72
105894 54
105912 124
105931 15
105955 7
105981 117
106024 96
106054 97
106083 104
106125 37
106162 71
106163 77
106164 91
106188 9
106201 67
106202 67
106222 22
106236 87
106263 2
106299 47
106336 45
106375 123
106413 16
106423 60
106463 42
106504 98
106544 79
106546 42
106558 89
106584 77
106585 112
106625 80
106667 15
106675 67
106709 85
106738 35
106756 62
106770 48
106802 63
106828 119
106849 18
106869 12
106875 97
106888 127
106901 49
106931 26
106947 49
106978 1
107017 53
107024 46
107060 23
107061 122
107075 34
107090 25
107130 9
107162 29
107172 6
107205 126
107210 86
107238 18
107270 84
107312 14
107318 117
107356 24
107361 20
107403 45
107427 51
107432 12
107460 13
107501 87
107542 82
107574 66
107593 16
107595 66
107634 112
107679 18
107715 94
107739 116
107759 124
107772 7
107789 96
107803 127
107833 100
107834 74
107834 114
107851 68
107869 40
107892 9
107935 80
107961 89
107964 23
107999 94
108011 82
108039 127
108049 111
108076 13
108082 109
108091 11
108103 53
108132 24
108150 78
108187 93
108214 81
108251 96
108261 65
108299 119
108332 17
108343 10
108386 75
108387 16
108425 7
108442 65
108480 68
108502 63
108519 36
108537 100
108567 51
108581 19
108592 7
108617 15
108624 71
108624 122
108647 63
108686 77
108716 67
108722 87
108755 64
108776 105
108777 111
108791 73
108828 56
108844 42
108878 105
108884 79
108916 126
108929 5
108959 46
108997 93
109039 76
109050 62
109079 56
109111 100
109111 101
109132 81
109169 125
109178 18
109182 70
109201 4
109230 62
109261 98
109288 26
109311 54
109356 61
109370 80
109388 34
109426 88
109464 53
109494 124
109508 15
109546 125
109564 88
109581 15
109593 93
109603 117
109603 57
109640 62
109646 19
109686 14
109694 16
109724 91
109728 19
109767 79
109788 11
109802 31
109822 28
109846 74
109850 120
109887 13
109890 104
109900 60
109939 87
109963 30
109985 94
109988 69
110009 19
110017 124
110042 81
110048 103
110075 21
110101 56
110135 37
110144 99
110163 43
110207 127
110223 21
110262 23
110281 127
110321 53
110327 50
110335 59
110361 84
110372 17
110394 118
110421 84
110448 106
110470 46
110482 95
110492 112
110501 120
110537 16
110546 100
110561 71
110600 74
110619 55
110626 35
110645 100
110645 69
110667 33
110680 61
110686 77
110701 41
110740 83
110759 108
110771 43
110773 121
110791 6
110791 97
110834 32
110877 64
