1 61
6 72
39 35
53 46
68 30
103 118
114 49
119 31
126 15
141 21
146 17
146 74
172 84
207 14
209 16
230 85
245 52
246 21
278 101
294 18
312 70
336 55
381 4
389 51
421 26
443 31
481 83
517 100
548 34
577 126
581 29
592 117
598 37
599 121
613 101
657 68
668 22
680 88
686 13
710 89
727 38
728 18
729 28
759 3
792 79
793 106
816 107
861 121
871 65
898 4
943 24
950 103
983 31
1012 84
1030 34
1072 123
1102 55
1114 21
1154 73
1182 14
1198 92
1208 82
1247 38
1251 125
1272 44
1277 44
1304 25
1324 42
1327 89
1358 41
1376 113
1421 101
1431 117
1432 42
1474 41
1503 18
1543 59
1543 7
1548 73
1577 1
1585 20
1594 50
1619 28
1621 91
1631 65
1655 109
1698 20
1724 31
1765 14
1767 100
1791 62
1832 56
1868 90
1890 57
1900 76
1923 121
1945 48
1956 7
2000 34
2020 102
2033 68
2071 31
2112 54
2130 89
2147 94
2177 73
2181 111
2220 88
2229 26
2233 22
2269 101
2277 3
2308 125
2350 42
2380 35
2403 5
2448 2
2463 15
2469 48
2481 34
2518 80
2522 84
2532 12
2539 14
2574 52
2584 9
2590 10
2591 79
2622 124
2627 9
2632 99
2650 8
2690 89
2733 7
2734 14
2767 92
2811 115
2819 70
2822 8
2836 20
2870 74
2906 64
2918 80
2963 64
2994 20
2994 30
3039 35
3039 119
3046 104
3080 71
3109 23
3145 61
3171 127
3198 47
3206 79
3249 34
3276 96
3303 9
3338 119
3343 79
3372 88
3376 85
3398 82
3426 56
3468 42
3468 114
3486 48
3498 49
3503 47
3535 34
3578 108
3609 127
3632 11
3671 17
3709 17
3709 8
3721 46
3728 1
3736 78
3763 42
3806 50
3824 12
3855 4
3894 94
3930 90
3937 117
3949 68
3965 20
4001 59
4036 48
4041 59
4070 55
4084 58
4094 53
4116 63
4118 48
4119 111
4126 30
4146 70
4146 80
4157 16
4188 18
4220 74
4260 82
4274 1
4293 15
4338 53
4376 126
4387 39
4390 43
4420 126
4421 6
4454 108
4473 84
4491 1
4516 89
4537 37
4553 27
4575 82
4575 79
4588 110
4631 102
4665 8
4696 94
4734 60
4751 88
4788 5
4801 4
4842 98
4859 6
4873 36
4880 89
4883 43
4913 100
4943 9
4978 20
5018 29
5034 25
5062 53
5067 126
5068 72
5074 120
5074 42
5106 46
5131 48
5131 8
5175 109
5205 107
5221 29
5258 91
5287 96
5299 32
5315 18
5321 52
5365 102
5386 2
5391 110
5415 100
5460 18
5485 90
5511 94
5531 70
5570 2
5599 106
5602 90
5634 67
5678 48
5690 35
5719 52
5725 15
5736 73
5771 112
5798 36
5819 12
5844 45
5856 43
5856 93
5888 11
5911 27
5956 76
5963 34
5980 81
6005 76
6032 47
6071 124
6113 60
6113 119
6134 90
6151 56
6152 39
6165 56
6181 48
6202 58
6212 107
6228 113
6241 117
6286 63
6319 41
6331 74
6354 38
6372 84
6391 87
6436 29
6452 122
6459 118
6501 67
6526 114
6554 49
6592 120
6630 83
6667 35
6680 91
6706 114
6728 45
6760 77
6765 91
6766 117
6799 45
6841 63
6870 33
6897 66
6911 52
6948 76
6961 85
6971 100
6995 21
7010 31
7049 110
7056 112
7091 93
7127 98
7154 17
7191 24
7213 74
7245 47
7276 21
7294 117
7311 19
7345 38
7353 52
7356 39
7378 94
7422 70
7456 26
7500 17
7510 51
7534 122
7576 55
7600 99
7632 117
7642 12
7648 26
7669 54
7698 22
7723 87
7741 115
7772 70
7804 101
7833 12
7866 116
7870 44
7904 68
7927 102
7947 118
7992 34
8035 79
8038 46
8081 41
8115 71
8129 118
8131 95
8141 76
8169 64
8187 35
8192 37
8227 68
8251 29
8276 21
8312 14
8348 34
8360 52
8391 30
8410 3
8451 85
8460 45
8466 80
8475 61
8488 107
8527 87
8543 42
8577 102
8578 57
8601 64
8636 58
8645 11
8687 33
8716 15
8748 82
8754 17
8759 127
8799 52
8813 67
8826 59
8864 38
8901 60
8939 81
8956 22
8987 9
8999 55
9023 100
9061 3
9092 119
9093 103
9105 85
9110 89
9119 4
9125 27
9127 70
9172 106
9194 112
9224 6
9266 26
9278 92
9295 66
9325 94
9334 6
9372 89
9375 126
9385 46
9410 82
9422 37
9462 2
9470 69
9505 51
9545 39
9589 23
9621 38
9657 16
9670 111
9704 98
9710 63
9746 85
9754 83
9796 75
9803 119
9825 5
9847 26
9879 87
9883 14
9926 18
9960 17
9972 63
9974 78
9988 46
10032 116
10065 101
10108 123
10144 69
10182 109
10209 110
10235 42
10261 98
10299 32
10335 54
10354 77
10379 7
10408 111
10413 103
10448 42
10484 58
10491 93
10534 96
10546 5
10581 98
10622 17
10635 32
10676 115
10715 81
10733 6
10778 66
10799 35
10840 111
10880 58
10891 81
10920 17
10953 115
10995 34
11009 104
11012 63
11012 64
11032 21
11059 8
11084 68
11116 54
11141 34
11159 104
11167 24
11183 64
11197 11
11218 112
11244 38
11259 67
11267 33
11288 26
11289 34
11322 103
11341 41
11377 36
11396 86
11435 19
11444 68
11464 104
11495 71
11496 35
11525 1
11532 55
11534 66
11569 23
11573 99
11588 1
11612 80
11646 106
11662 20
11662 46
11683 54
11694 18
11727 76
11760 27
11790 5
11820 43
11841 59
11841 114
11841 99
11843 73
11875 96
11904 95
11944 101
11969 72
11987 119
11990 86
12023 41
12033 103
12063 78
12104 87
12126 53
12165 82
12179 84
12222 122
12233 46
12259 114
12269 83
12270 17
12290 45
12322 26
12340 24
12342 106
12356 70
12377 97
12407 76
12440 69
12453 31
12461 26
12487 53
12502 11
12503 104
12507 25
12551 9
12562 56
12588 46
12613 36
12651 25
12687 63
12729 99
12763 44
12796 38
12833 124
12862 79
12863 13
12892 3
12897 63
12907 46
12942 21
12964 5
12990 15
13031 21
13047 18
13082 78
13092 121
13120 19
13155 74
13197 99
13242 72
13243 70
13251 16
13259 64
13303 69
13318 44
13353 54
13391 120
13407 4
13427 56
13442 92
13449 86
13465 29
13499 16
13535 31
13555 51
13557 81
13557 94
13590 121
13626 104
13653 5
13684 113
13702 59
13711 100
13748 77
13789 76
13821 98
13841 15
13852 37
13870 87
13899 2
13908 123
13938 41
13964 38
13981 69
13995 13
14010 3
14030 71
14054 65
14072 95
14101 9
14119 24
14161 94
14199 55
14200 71
14237 118
14267 47
14281 127
14323 91
14362 2
14397 116
14422 56
14463 89
14499 41
14536 112
14575 99
14607 74
14624 54
14646 56
14667 12
14698 77
14709 37
14750 10
14761 40
14804 113
14814 17
14815 96
14815 54
14845 75
14862 83
14883 68
14891 25
14896 12
14923 123
14925 30
14942 53
14953 29
14956 24
14978 55
14993 25
14995 93
15004 21
15044 74
15054 24
15073 5
15111 94
15123 78
15130 100
15160 18
15190 103
15199 112
15242 117
15266 89
15294 8
15311 24
15338 67
15339 121
15343 96
15385 41
15422 18
15441 126
15485 116
15530 84
15544 85
15549 105
15562 27
15601 118
15603 83
15646 119
15658 32
15683 93
15708 68
15732 73
15758 3
15800 49
15802 69
15817 70
15838 10
15865 110
15868 110
15873 33
15910 38
15955 55
15994 64
16019 57
16052 121
16086 14
16090 112
16114 77
16128 74
16142 15
16144 66
16149 39
16152 81
16166 1
16187 15
16219 39
16232 126
16271 2
16283 1
16288 52
16329 89
16354 65
16398 90
16404 108
16406 27
16415 36
16452 89
16472 14
16489 6
16534 121
16570 13
16613 6
16649 89
16679 48
16712 58
16736 45
16771 96
16797 37
16802 39
16833 118
16845 57
16856 93
16875 99
16885 109
16898 22
16910 124
16943 58
16969 6
16990 124
17030 16
17071 20
17100 125
17116 83
17116 66
17122 37
17148 127
17155 10
17199 95
17243 80
17252 26
17279 10
17289 26
17306 18
17346 111
17354 57
17375 46
17410 43
17427 114
17443 1
17476 76
17482 70
17486 81
17530 50
17574 124
17588 94
17610 34
17628 100
17661 103
17701 22
17736 20
17755 96
17772 127
17793 2
17816 12
17855 37
17883 68
17909 122
17937 63
17948 11
17955 13
17980 102
18005 98
18016 44
18020 23
18049 112
18085 92
18088 80
18130 58
18153 68
18194 30
18213 18
18213 68
18245 47
18253 112
18273 59
18310 85
18350 95
18374 12
18392 94
18415 25
18432 12
18474 82
18507 32
18533 50
18565 19
18565 50
18602 45
18613 15
18639 86
18683 123
18702 112
18716 1
18749 33
18759 119
18790 88
18834 78
18848 112
18878 23
18881 91
18896 78
18927 106
18963 15
19007 28
19051 35
19068 41
19103 87
19124 37
19128 42
19171 41
19205 11
19248 48
19265 88
19277 108
19304 62
19323 80
19350 72
19366 27
19370 70
19370 46
19404 90
19410 63
19425 49
19432 105
19437 66
19466 15
19471 22
19504 88
19540 60
19552 28
19574 63
19581 112
19621 109
19631 69
19639 99
19673 26
19696 77
19724 17
19757 94
19788 105
19815 66
19846 65
19858 118
19883 82
19898 71
19930 54
19934 82
19978 88
20016 77
20040 2
20079 58
20081 80
20094 96
20099 13
20128 12
20173 88
20183 55
20205 95
20241 126
20268 77
20282 107
20309 103
20345 19
20362 51
20400 96
20442 21
20483 127
20517 60
20533 17
20578 99
20582 15
20623 24
20657 90
20679 123
20703 12
20703 97
20704 116
20746 127
20787 78
20801 11
20811 73
20827 40
20838 58
20879 22
20903 77
20906 72
20930 38
20960 82
20988 96
21025 33
21055 22
21097 22
21137 44
21142 35
21166 62
21199 84
21230 45
21231 48
21252 103
21263 64
21287 120
21304 66
21328 120
21363 51
21397 2
21408 81
21446 113
21453 62
21494 47
21537 34
21563 25
21584 77
21585 106
21627 81
21661 17
21690 73
21701 93
21701 73
21728 103
21738 73
21753 75
21775 123
21788 43
21792 120
21814 87
21838 46
21853 48
21879 69
21896 120
21905 99
21912 83
21945 9
21966 33
21967 2
22001 110
22046 107
22056 18
22094 107
22107 35
22126 78
22158 115
22179 20
22215 119
22251 33
22272 83
22297 10
22318 63
22339 39
22362 72
22406 56
22406 81
22431 26
22472 123
22500 62
22510 119
22516 114
22553 37
22584 81
22629 2
22672 76
22702 100
22722 107
22729 119
22731 105
22732 116
22756 47
22760 118
22805 38
22814 122
22845 115
22888 101
22895 95
22901 119
22919 60
22950 3
22963 85
23008 106
23035 57
23063 72
23106 12
23114 83
23129 53
23154 93
23191 68
23194 81
23218 29
23242 46
23274 83
23314 72
23342 17
23354 31
23368 20
23388 8
23391 73
23432 65
23464 112
23468 76
23486 48
23488 6
23521 71
23540 82
23575 21
23593 83
23600 27
23619 25
23637 64
23646 94
23664 2
23693 78
23701 74
23705 62
23736 80
23776 90
23806 74
23822 67
23841 105
23870 83
23900 87
23900 91
23917 36
23919 97
23940 88
23947 99
23947 104
23949 54
23982 92
24013 102
24046 11
24076 11
24077 60
24102 118
24140 28
24155 106
24187 75
24220 30
24254 22
24284 121
24287 69
24298 55
24319 89
24356 90
24388 111
24433 27
24455 127
24495 71
24502 9
24508 97
24523 7
24550 70
24565 104
24567 87
24607 73
24618 49
24645 115
24671 17
24671 44
24705 3
24740 26
24770 76
24809 105
24821 104
24846 122
24873 69
24901 12
24914 42
24944 16
24964 69
24986 62
24988 1
25000 69
25039 96
25067 17
25092 75
25105 59
25107 101
25135 119
25165 42
25205 11
25244 11
25247 99
25278 91
25290 72
25292 72
25304 74
25342 72
25382 75
25427 16
25433 41
25473 16
25494 46
25524 20
25549 116
25587 61
25631 1
25649 103
25666 49
25686 113
25693 103
25738 84
25748 107
25790 98
25823 88
25864 105
25880 40
25915 98
25920 61
25924 116
25959 76
25989 46
25991 3
26022 85
26027 116
26062 61
26102 113
26132 121
26152 116
26161 7
26197 19
26215 87
26227 99
26240 123
26248 48
26293 100
26328 109
26328 81
26348 100
26376 33
26419 35
26445 116
26456 60
26498 100
26524 77
26561 6
26569 4
26576 46
26599 100
26616 31
26659 124
26703 21
26718 113
26754 31
26755 86
26769 95
26798 49
26842 99
26863 33
26903 16
26943 84
26979 20
27008 75
27051 47
27067 14
27094 80
27134 65
27168 43
27185 70
27189 115
27219 81
27256 96
27265 38
27285 52
27305 88
27310 60
27340 93
27350 69
27358 4
27373 107
27390 1
27416 63
27418 42
27462 68
27476 108
27476 115
27519 14
27537 97
27559 111
27593 124
27610 24
27610 54
27646 33
27682 93
27705 110
27745 26
27749 94
27773 77
27812 104
27813 33
27839 42
27869 12
27886 15
27886 17
27895 72
27916 78
27961 65
27992 126
28018 118
28019 46
28036 35
28068 82
28094 76
28139 6
28150 85
28160 106
28173 42
28192 92
28214 14
28232 51
28266 73
28271 64
28301 33
28334 51
28368 79
28377 74
28386 69
28394 125
28403 81
28430 108
28470 123
28488 57
28514 33
28543 17
28575 125
28610 110
28611 46
28625 121
28646 67
28663 95
28667 60
28680 82
28723 114
28767 58
28806 47
28847 84
28881 17
28919 116
28951 45
28984 51
29014 116
29032 94
29041 92
29069 4
29077 95
29111 105
29122 126
29165 125
29207 48
29231 72
29254 62
29277 52
29290 4
29305 36
29308 49
29338 127
29377 72
29403 82
29433 67
29434 77
29449 61
29483 107
29498 45
29506 104
29550 60
29579 1
29595 114
29617 81
29619 33
29643 58
29678 77
29718 14
29758 67
29789 87
29823 92
29850 94
29879 100
29913 68
29921 127
29927 22
29928 109
29961 106
29993 107
30027 21
30059 71
30071 60
30072 84
30108 7
30153 75
30153 40
30172 85
30216 78
30245 31
30279 10
30282 13
30298 88
30312 24
30346 69
30373 46
30386 126
30418 56
30432 6
30465 114
30476 63
30492 90
30499 78
30526 58
30546 79
30590 103
30635 13
30650 62
30670 120
30680 124
30691 112
30709 61
30738 101
30760 17
30790 119
30801 120
30802 102
30824 60
30859 10
30859 66
30860 32
30902 85
30942 14
30986 92
31018 42
31051 115
31094 111
31137 12
31155 116
31171 8
31180 106
31192 96
31218 107
31240 37
31276 29
31316 40
31347 108
31350 111
31354 32
31398 104
31418 52
31424 100
31449 53
31470 60
31481 58
31484 57
31517 97
31534 108
31536 17
31565 47
31572 73
31587 126
31607 47
31631 66
31637 124
31665 112
31693 8
31733 54
31735 100
31741 75
31765 113
31782 6
31819 94
31853 87
31872 96
31917 7
31917 125
31962 83
31992 111
32020 26
32027 38
32057 51
32075 122
32080 102
32085 62
32115 82
32127 65
32127 12
32158 9
32195 8
32226 28
32246 26
32256 51
32292 61
32335 50
32339 120
32367 37
32389 95
32397 114
32419 28
32420 86
32458 107
32489 46
32501 14
32543 120
32574 113
32596 95
32609 110
32652 120
32656 106
32696 121
32710 127
32743 39
32758 9
32792 54
32797 108
32827 22
32830 50
32861 60
32893 49
32912 4
32944 96
32952 70
32984 104
32986 84
32986 2
33025 15
33069 122
33104 12
33148 126
33191 124
33233 15
33244 26
33259 66
33268 29
33298 28
33307 45
33344 49
33373 90
33407 99
33439 53
33443 85
33448 22
33457 75
33485 112
33512 103
33551 29
33584 75
33592 31
33602 68
33623 101
33663 37
33700 91
33703 30
33747 14
33779 20
33795 123
33811 101
33842 58
33854 81
33895 78
33917 86
33950 27
33992 83
34010 37
34053 36
34055 26
34079 82
34109 5
34146 10
34177 46
34211 47
34220 46
34259 50
34282 7
34303 126
34344 39
34360 106
34405 17
34436 121
34473 95
34483 104
34500 42
34527 18
34542 115
34586 38
34597 38
34610 31
34618 70
34628 104
34668 12
34690 67
34720 56
34757 44
34800 89
34815 3
34843 35
34852 103
34866 19
34888 100
34905 65
34936 79
34942 9
34947 60
34975 58
34996 125
35001 69
35011 101
35012 19
35044 79
35062 81
35089 13
35126 101
35171 92
35172 76
35214 71
35219 23
35258 84
35297 12
35342 39
35348 67
35390 94
35418 94
35426 126
35464 22
35465 12
35481 73
35516 39
35533 6
35548 47
35578 126
35589 7
35605 27
35630 17
35638 6
35682 57
35713 64
35718 58
35741 66
35767 32
35770 44
35806 76
35806 67
35849 80
35871 16
35882 54
35903 34
35914 51
35955 104
35979 77
36024 108
36032 116
36065 10
36090 93
36090 29
36103 88
36112 85
36126 28
36151 2
36182 52
36201 26
36202 68
36218 65
36254 73
36293 124
36307 111
36309 29
36334 52
36340 25
36367 25
36376 114
36382 105
36425 17
36445 75
36484 76
36517 68
36524 106
36568 4
36607 127
36627 59
36650 64
36656 37
36660 71
36676 25
36691 61
36728 103
36728 115
36733 71
36769 72
36773 59
36773 40
36796 44
36801 45
36841 125
36871 42
36890 38
36931 52
36949 56
36970 48
37008 10
37018 84
37063 96
37064 9
37066 44
37103 2
37121 48
37125 123
37163 45
37201 2
37222 103
37237 41
37241 52
37259 66
37281 52
37285 112
37312 80
37351 69
37387 2
37432 6
37460 84
37473 65
37516 10
37545 13
37568 17
37597 23
37629 41
37631 29
37676 75
37687 22
37722 41
37741 28
37767 19
37795 36
37812 85
37849 19
37857 56
37884 50
37907 108
37948 79
37966 47
37981 47
37989 65
38032 35
38055 64
38096 67
38110 56
38121 4
38150 60
38168 43
38184 95
38225 109
38245 11
38253 99
38266 55
38272 6
38305 35
38316 56
38345 53
38356 70
38399 28
38405 86
38434 46
38464 46
38503 17
38508 31
38527 127
38553 29
38576 121
38585 93
38606 9
38620 22
38626 91
38668 125
38691 74
38729 51
38774 100
38805 34
38827 41
38848 120
38853 72
38860 98
38880 98
38893 24
38935 84
38935 72
38964 37
38985 32
38986 27
39018 66
39021 81
39050 43
39081 27
39095 36
39103 48
39111 31
39114 80
39145 35
39161 38
39163 88
39168 17
39196 81
39218 8
39236 29
39258 19
39268 113
39308 28
39334 26
39356 56
39376 13
39395 91
39424 38
39450 100
39488 64
39502 111
39534 35
39536 3
39557 72
39599 93
39627 109
39669 21
39713 19
39751 30
39757 95
39802 84
39802 90
39835 64
39863 69
39863 43
39886 27
39916 35
39955 64
39965 25
40009 19
40025 113
40062 116
40089 93
40090 99
40115 96
40132 59
40147 23
40150 11
40195 86
40219 72
40260 103
40297 48
40315 56
40356 74
40390 29
40431 10
40472 11
40482 89
40484 87
40495 9
40531 39
40576 40
40592 67
40624 67
40654 70
40683 91
40683 34
40688 104
40701 37
40729 64
40771 57
40774 54
40777 64
40778 62
40792 37
40823 93
40856 113
40894 50
40928 76
40945 88
40973 28
41013 109
41051 45
41055 23
41062 55
41084 86
41107 97
41107 99
41129 106
41131 77
41136 16
41158 87
41198 6
41208 17
41246 90
41282 78
41321 107
41347 60
41355 100
41361 31
41387 57
41432 86
41439 112
41450 16
41490 7
41515 108
41531 18
41576 75
41586 107
41619 121
41636 43
41658 119
41662 54
41683 45
41719 57
41740 18
41749 111
41782 90
41824 46
41842 100
41866 109
41897 26
41929 30
41935 64
41956 29
41987 49
41998 71
42023 55
42024 35
42060 74
42074 71
42082 121
42101 122
42123 55
42137 44
42167 45
42207 67
42223 16
42254 66
42293 16
42314 75
42340 47
42382 113
42389 23
42417 34
42441 119
42476 8
42519 113
42551 94
42581 92
42599 106
42621 55
42624 124
42645 27
42654 3
42689 52
42727 22
42735 26
42755 15
42782 83
42814 21
42817 107
42855 121
42857 8
42883 24
42924 118
42931 113
42970 127
42982 101
43010 6
43039 56
43052 31
43078 15
43093 121
43138 46
43145 2
43171 108
43176 68
43212 112
43228 125
43262 81
43273 112
43303 113
43317 38
43345 50
43354 4
43381 16
43415 50
43436 19
43447 79
43470 69
43476 20
43504 59
43528 64
43545 117
43564 44
43599 27
43611 39
43617 33
43661 13
43663 83
43693 95
43727 15
43766 107
43772 96
43812 119
43855 53
43881 44
43917 3
43931 112
43968 92
43978 61
43981 66
44005 89
44026 14
44060 20
44099 47
44142 73
44155 51
44197 34
44228 65
44273 20
44275 36
44306 13
44341 34
44360 101
44401 26
44429 81
44449 63
44485 19
44487 16
44507 24
44548 111
44567 10
44595 61
44602 59
44614 23
44638 38
44660 121
44686 8
44717 123
44718 119
44745 17
44781 79
44786 46
44798 61
44815 74
44840 72
44848 31
44876 52
44908 87
44949 64
44956 96
44982 65
44991 119
45004 79
45013 61
45048 38
45088 47
45091 76
45091 92
45092 68
45101 67
45108 113
45127 4
45148 33
45157 10
45178 125
45179 90
45208 66
45235 33
45239 17
45267 40
45277 59
45316 40
45354 82
45375 126
45378 46
45417 21
45460 34
45501 77
45515 54
45545 25
45577 37
45612 19
45642 102
45656 106
45698 93
45724 2
45756 118
45776 105
45814 57
45837 76
45870 49
45873 14
45890 4
45918 63
45931 49
45963 48
45993 25
46012 86
46027 31
46037 75
46075 60
46118 126
46160 59
46188 13
46216 53
46221 105
46230 125
46253 75
46281 91
46293 118
46300 70
46301 47
46301 1
46321 80
46331 104
46349 25
46362 82
46387 76
46393 126
46400 33
46435 54
46438 34
46463 114
46475 73
46499 74
46544 51
46588 123
46605 66
46622 69
46622 55
46625 22
46663 25
46675 108
46720 53
46720 121
46734 28
46758 106
46787 43
46826 53
46871 46
46907 27
46947 102
46962 16
47003 43
47029 37
47074 24
47097 30
47114 79
47141 11
47146 108
47163 3
47167 50
47195 91
47234 61
47269 86
47272 2
47280 39
47308 114
47327 57
47327 110
47368 86
47404 117
47433 7
47469 4
47498 99
47541 37
47568 18
47601 66
47625 103
47661 31
47704 82
47748 63
47761 87
47794 122
47810 37
47852 41
47875 9
47917 115
47939 127
47940 48
47954 82
47956 21
47989 13
48010 19
48013 109
48052 122
48071 19
48093 28
48105 1
48110 87
48145 102
48145 98
48149 56
48168 54
48175 18
48182 86
48225 47
48262 86
48269 57
48296 85
48301 115
48337 99
48364 105
48382 37
48396 82
48421 121
48454 109
48463 84
48498 94
48519 70
48529 87
48568 122
48604 50
48643 110
48656 105
48692 121
48715 82
48756 12
48789 96
48828 120
48846 23
48864 28
48900 125
48933 105
48972 120
48995 13
49026 127
49063 30
49069 68
49082 101
49095 67
49135 87
49168 87
49187 88
49204 58
49249 78
49254 22
49290 54
49298 97
49342 14
49346 61
49391 53
49423 80
49432 124
49469 42
49490 107
49495 8
49529 73
49541 80
49551 26
49596 24
49614 77
49644 27
49689 104
49722 82
49733 96
49755 126
49796 31
49838 86
49838 14
49838 62
49881 50
49910 35
49952 92
49970 106
49976 113
50018 111
50024 121
50046 95
50085 123
50114 48
50155 63
50159 56
50169 82
50177 14
50206 7
50221 48
50262 11
50303 59
50342 42
50370 99
50401 65
50403 116
50432 32
50456 115
50501 42
50524 52
50538 3
50570 116
50575 55
50595 1
50615 110
50650 1
50669 18
50684 112
50710 46
50719 52
50732 24
50772 45
50775 42
50781 24
50785 13
50817 29
50844 52
50872 77
50880 84
50915 28
50936 86
50951 35
50987 126
50991 25
51014 39
51038 39
51072 65
51104 28
51105 1
51118 99
51152 44
51194 84
51236 29
51255 9
51286 75
51291 96
51336 26
51372 5
51406 48
51416 123
51459 75
51487 100
51518 116
51545 72
51560 127
51581 62
51598 30
51612 79
51634 94
51677 26
51703 14
51735 36
51754 20
51799 109
51809 118
51811 122
51851 40
51873 10
51875 26
51918 81
51946 80
51975 89
52000 24
52005 108
52005 108
52048 80
52062 54
52079 27
52110 59
52119 8
52141 26
52141 50
52175 5
52182 27
52215 110
52259 86
52286 46
52303 116
52344 88
52383 4
52417 32
52424 118
52424 57
52462 127
52496 13
52499 39
52511 85
52512 18
52526 120
52570 78
52588 24
52588 14
52604 81
52636 118
52660 88
52701 33
52724 99
52724 21
52752 93
52770 12
52785 5
52787 48
52814 23
52821 76
52822 125
52856 40
52874 114
52911 106
52937 117
52937 103
52957 83
52964 72
52995 17
53037 123
53053 81
53078 126
53114 100
53115 83
53122 124
53131 119
53149 123
53165 39
53171 36
53194 57
53212 91
53240 10
53282 34
53323 56
53363 17
53365 68
53398 37
53441 16
53444 81
53477 78
53480 110
53506 60
53545 50
53552 29
53568 66
53572 32
53572 107
53584 55
53594 127
53597 95
53624 113
53647 2
53659 110
53669 93
53714 71
53739 34
53739 12
53745 13
53751 122
53758 80
53803 4
53821 62
53845 2
53850 109
53888 126
53929 94
53962 70
53994 6
54027 45
54061 37
54098 75
54143 34
54180 11
54224 46
54224 32
54263 94
54306 120
54335 97
54354 37
54390 127
54429 94
54437 113
54461 70
54477 107
54519 83
54550 41
54569 4
54591 31
54618 111
54657 42
54699 114
54734 30
54764 101
54797 52
54837 103
54857 13
54874 61
54912 110
54951 112
54963 100
55004 106
55020 121
55026 47
55032 103
55041 85
55060 13
55083 50
55095 22
55132 67
55162 100
55183 87
55225 65
55268 49
55288 89
55295 61
55332 13
55335 102
55344 27
55387 80
55393 94
55396 94
55398 5
55435 104
55445 13
55459 26
55495 13
55511 43
55530 115
55546 115
55567 31
55571 114
55597 69
55630 66
55647 45
55683 91
55705 66
55724 79
55755 27
55775 102
55803 21
55811 75
55848 113
55866 30
55888 100
55893 40
55900 97
55943 11
55971 92
55990 6
55998 10
56007 92
56042 58
56069 121
56114 68
56123 50
56140 111
56150 10
56184 47
56216 76
56219 115
56234 96
56235 4
56275 122
56287 42
56326 17
56326 91
56331 29
56371 42
56412 115
56426 104
56428 73
56434 11
56472 35
56503 113
56532 121
56569 25
56584 93
56593 14
56614 10
56637 104
56677 108
56701 59
56710 43
56738 2
56783 110
56785 116
56801 59
56812 87
56826 102
56847 22
56858 68
56880 118
56905 47
56920 21
56948 37
56989 26
56992 120
57016 91
57027 59
57033 112
57042 94
57077 85
57089 13
57091 6
57119 1
57149 39
57187 44
57190 93
57207 59
57244 98
57267 64
57286 30
57286 13
57319 87
57345 120
57352 56
57368 109
57408 53
57410 96
57424 98
57465 87
57492 13
57517 32
57533 60
57556 12
57582 2
57626 115
57671 68
57686 74
57694 79
57715 80
57719 59
57739 2
57748 24
57757 30
57791 8
57828 57
57864 76
57897 92
57939 111
57968 3
57976 30
58014 1
58022 36
58040 105
58071 97
58111 46
58143 62
58182 49
58193 8
58238 61
58240 14
58274 113
58317 55
58339 81
58354 72
58381 23
58403 16
58439 1
58443 30
58447 59
58486 80
58529 63
58539 81
58545 117
58563 89
58590 21
58604 26
58636 12
58670 30
58692 42
58704 53
58723 88
58739 25
58782 65
58806 30
58810 112
58837 106
58852 96
58879 9
58910 95
58929 124
58945 87
58948 24
58961 118
59000 81
59035 67
59066 14
59111 109
59138 75
59159 99
59174 113
59188 1
59211 36
59224 29
59258 76
59302 62
59324 21
59360 99
59404 3
59423 10
59453 54
59458 107
59459 79
59503 35
59504 98
59530 117
59538 31
59562 118
59605 43
59626 37
59659 108
59664 40
59689 34
59728 31
59748 64
59775 102
59790 61
59802 11
59827 46
59858 10
59872 82
59912 95
59954 116
59964 111
59998 48
60030 22
60075 81
60115 93
60143 40
60157 78
60186 26
60191 119
60217 114
60240 105
60268 89
60295 49
60307 48
60315 87
60359 96
60368 68
60397 64
60439 2
60457 30
60490 45
60499 25
60515 14
60541 47
60580 14
60597 59
60642 22
60665 116
60670 2
60685 22
60698 74
60701 97
60707 24
60737 106
60770 110
60813 51
60816 65
60834 103
60869 119
60882 49
60900 12
60944 81
60955 106
60960 38
60988 18
60995 126
61031 49
61041 59
61080 112
61103 37
61146 115
61160 37
61190 18
61213 14
61235 36
61254 66
61258 62
61277 1
61288 100
61321 118
61361 19
61397 23
61430 73
61470 117
61487 78
61487 52
61511 96
61545 65
61587 90
61629 40
61670 125
61706 79
61715 122
61724 120
61757 122
61775 113
61789 11
61795 111
61799 35
61829 69
61851 59
61859 14
61889 39
61902 106
61933 70
61952 66
61961 120
61980 113
62007 68
62049 106
62078 28
62107 85
62127 51
62150 63
62151 52
62184 37
62226 112
62269 55
62271 12
62302 114
62322 119
62334 36
62341 117
62356 15
62362 38
62375 91
62395 17
62419 10
62431 83
62458 2
62472 106
62498 117
62508 67
62532 105
62549 43
62586 112
62624 93
62637 18
62658 71
62699 123
62711 74
62739 20
62744 69
62744 77
62787 108
62809 37
62842 72
62874 26
62914 83
62959 90
62995 110
63018 18
63061 108
63068 21
63104 12
63138 125
63145 34
63185 107
63218 60
63223 21
63225 67
63244 96
63269 96
63294 27
63331 56
63366 15
63389 39
63406 32
63436 39
63440 124
63450 121
63491 103
63535 14
63560 3
63562 1
63590 34
63625 3
63635 35
63637 118
63663 104
63664 28
63704 41
63726 46
63729 124
63756 94
63787 63
63808 119
63833 108
63857 94
63886 39
63902 78
63903 53
63921 7
63961 30
63996 120
64021 16
64031 76
64059 86
64081 77
64090 98
64106 6
64134 38
64156 71
64179 62
64223 111
64239 79
64254 30
64297 23
64339 59
64360 118
64395 69
64405 107
64430 14
64471 23
64495 60
64511 80
64523 116
64557 91
64571 21
64577 60
64598 76
64622 94
64627 6
64667 82
64678 118
64720 114
64722 92
64734 52
64777 7
64796 105
64800 99
64844 89
64867 11
64884 87
64894 39
64901 122
64935 38
64952 61
64980 96
65008 115
65033 20
65076 25
65121 29
65132 21
65144 118
65178 17
65208 17
65221 51
65249 22
65275 68
65313 10
65332 62
65345 123
65384 71
65407 72
65415 50
65430 73
65468 34
65491 112
65536 26
65572 55
65578 38
65585 45
65597 33
65621 109
65657 9
65671 108
65699 44
65700 53
65724 111
65724 17
65736 82
65750 29
65789 100
65825 123
65858 82
65858 20
65899 71
65913 57
65931 112
65940 51
65971 96
65994 16
66002 126
66022 6
66028 19
66040 66
66064 98
66086 78
66094 10
66134 92
66154 16
66170 11
66199 13
66236 49
66272 9
66315 8
66354 93
66394 74
66402 11
66422 59
66435 3
66471 59
66508 52
66529 111
66558 30
66580 76
66593 88
66604 67
66614 22
66621 41
66641 41
66677 117
66677 26
66677 95
66703 18
66705 20
66728 58
66748 14
66748 23
66759 9
66799 36
66843 61
66882 56
66907 95
66945 11
66974 85
66979 47
66984 62
66990 69
67005 112
67018 24
67038 97
67066 74
67071 112
67096 121
67139 74
67156 72
67197 65
67216 127
67224 46
67267 120
67298 71
67306 54
67316 3
67349 2
67358 109
67396 16
67399 122
67399 125
67432 120
67468 56
67482 69
67510 43
67526 98
67544 11
67559 45
67589 21
67626 46
67650 79
67695 42
67702 90
67743 9
67786 34
67787 26
67799 67
67825 66
67827 55
67867 112
67880 127
67911 26
67951 104
67980 73
67987 75
68011 52
68016 28
68018 59
68021 87
68054 15
68054 70
68098 81
68118 19
68158 36
68195 105
68237 114
68237 83
68276 70
68320 10
68350 53
68351 80
68358 113
68393 109
68410 101
68432 4
68468 76
68484 102
68518 26
68545 99
68584 32
68627 82
68637 64
68676 15
68678 101
68686 59
68722 19
68726 107
68752 93
68753 7
68775 115
68789 97
68818 32
68853 125
68854 35
68873 93
68900 39
68939 58
68961 47
68977 34
68990 50
69029 80
69029 27
69072 33
69080 121
69120 126
69164 39
69208 103
69246 23
69269 16
69309 56
69340 62
69370 83
69393 91
69426 27
69438 109
69457 98
69458 3
69496 11
69526 93
69535 87
69546 60
69563 48
69598 50
69610 121
69614 17
69650 101
69651 125
69683 68
69725 115
69738 57
69771 63
69793 25
69804 15
69840 31
69862 113
69890 9
69891 60
69934 51
69945 2
69986 83
70026 119
70058 36
70063 11
70096 104
70096 11
70131 99
70149 75
70189 58
70192 98
70207 105
70227 85
70249 73
70256 127
70299 109
70344 103
70348 121
70382 117
70398 93
70413 114
70425 28
70427 68
70446 6
70468 22
70478 115
70494 52
70500 119
70508 72
70515 107
70551 57
70571 104
70582 24
70620 53
70624 126
70629 112
70645 102
70656 34
70676 44
70679 21
70682 23
70723 89
70749 30
70752 51
70770 23
70814 87
70850 42
70866 62
70889 106
70908 25
70930 77
70952 85
70961 93
70998 83
71027 95
71057 35
71077 64
71086 121
71090 10
71134 62
71154 94
71187 35
71232 43
71233 15
71246 65
71279 45
71280 95
71324 76
71361 120
71374 82
71412 45
71447 20
71483 10
71524 46
71559 62
71583 102
71607 95
71607 34
71621 116
71626 63
71667 88
71682 5
71692 7
71698 34
71733 16
71766 71
71798 88
71800 62
71815 47
71833 109
71843 42
71872 83
71913 79
71937 18
71976 23
71985 39
72010 2
72024 123
72066 11
72091 6
72096 123
72123 98
72133 121
72144 86
72189 112
72211 24
72245 4
72276 121
72290 46
72298 24
72331 41
72373 19
72416 9
72456 10
72479 98
72503 112
72546 32
72590 49
72611 47
72628 45
72650 4
72685 7
72729 65
72747 10
72786 89
72817 76
72827 12
72855 126
72856 49
72860 48
72874 8
72892 52
72927 123
72934 43
72976 116
72976 71
73002 41
73040 3
73051 53
73089 19
73128 88
73139 126
73184 61
73191 83
73216 23
73254 82
73254 43
73256 26
73278 49
73286 89
73310 56
73324 75
73329 60
73367 16
73383 123
73420 96
73435 77
73451 117
73479 89
73493 33
73520 14
73531 82
73543 24
73583 85
73604 1
73620 111
73630 5
73654 70
73679 27
73684 92
73696 113
73725 13
73738 58
73771 78
73793 53
73802 50
73839 102
73859 57
73863 14
73904 11
73928 16
73955 47
73999 10
74038 38
74071 22
74099 88
74138 33
74152 105
74174 105
74177 86
74219 35
74255 99
74262 61
74305 80
74335 65
74350 104
74366 14
74386 45
74415 86
74444 53
74450 55
74473 79
74489 2
74517 53
74551 80
74583 30
74596 55
74638 72
74663 39
74666 2
74671 10
74685 40
74722 60
74754 51
74799 6
74837 73
74871 55
74914 2
74957 75
74976 35
75016 57
75045 23
75051 88
75067 64
75074 88
75112 40
75116 27
75133 116
75168 125
75211 69
75214 18
75243 89
75287 35
75290 10
75321 58
75346 69
75380 112
75381 36
75425 67
75469 58
75503 89
75533 100
75573 1
75612 27
75644 55
75686 71
75725 71
75733 96
75757 20
75802 40
75804 75
75841 81
75874 37
75909 99
75931 49
75955 4
75981 116
75985 86
76005 4
76035 100
76035 113
76048 23
76054 18
76061 121
76092 118
76114 41
76143 65
76168 25
76201 70
76205 123
76244 111
76281 17
76323 87
76326 127
76344 115
76348 50
76384 9
76394 65
76402 125
76404 25
76439 19
76451 105
76491 97
76514 105
76536 30
76549 27
76593 105
76621 17
76622 14
76628 10
76644 20
76648 78
76662 27
76692 74
76695 22
76728 60
76743 30
76778 101
76797 110
76829 65
76865 43
76870 70
76879 34
76908 94
76925 87
76932 117
76943 103
76963 71
76988 106
76988 55
77004 5
77004 58
77015 95
77057 111
77076 59
77094 100
77109 35
77134 4
77178 28
77180 32
77215 39
77219 125
77257 100
77301 100
77313 87
77356 90
77370 113
77403 57
77442 123
77458 106
77481 17
77490 35
77493 36
77528 108
77552 61
77552 12
77580 104
77596 117
77628 23
77637 25
77642 118
77681 121
77697 87
77697 11
77732 49
77767 122
77789 29
77804 29
77826 37
77871 115
77878 61
77893 123
77907 87
77947 66
77974 103
77974 65
77985 74
78005 91
78026 81
78051 97
78082 82
78096 36
78127 95
78151 23
78177 32
78193 30
78194 83
78211 11
78246 20
78253 95
78275 16
78310 25
78316 75
78349 25
78361 100
78383 81
78400 17
78440 1
78477 112
78507 33
78543 90
78551 112
78595 16
78610 66
78637 26
78672 17
78689 76
78727 80
78757 11
78780 44
78784 88
78825 27
78862 97
78889 12
78910 49
78940 124
78974 127
78986 71
79029 108
79051 41
79073 46
79073 25
79111 34
79151 112
79178 35
79203 15
79233 47
79272 106
79293 19
79307 17
79310 68
79344 45
79373 64
79410 125
79422 34
79458 2
79485 24
79524 2
79564 45
79593 52
79634 78
79663 120
79678 108
79718 48
79737 70
79742 5
79775 110
79811 91
79826 106
79831 95
79834 30
79847 48
79892 21
79907 105
79916 39
79957 40
79994 18
80025 7
80052 27
80056 28
80095 57
80123 36
80151 124
80196 114
80230 107
80235 13
80268 41
80273 31
80309 125
80335 6
80364 15
80369 11
80386 119
80408 42
80438 92
80468 45
80495 70
80516 6
80549 51
80588 15
80607 51
80636 127
80663 92
80698 33
80733 18
80735 50
80744 84
80776 35
80776 7
80785 119
80796 118
80813 51
80841 17
80847 89
80860 101
80904 96
80906 93
80929 5
80963 34
80987 23
81016 14
81020 120
81032 37
81048 89
81069 91
81075 80
81075 28
81088 18
81118 108
81157 8
81157 119
81170 72
81181 74
81223 37
81242 21
81244 26
81262 104
81305 72
81336 41
81371 11
81409 26
81442 73
81454 120
81474 121
81516 6
81557 72
81558 61
81581 78
81591 35
81618 20
81623 13
81642 124
81671 51
81710 43
81711 41
81733 110
81776 87
81785 123
81786 124
81788 47
81824 6
81837 71
81880 127
81880 77
81908 5
81925 61
81942 17
81980 101
81988 93
82021 60
82037 32
82062 3
82104 7
82111 31
82144 31
82188 37
82199 57
82241 86
82260 69
82280 93
82292 104
82334 24
82364 18
82390 6
82393 109
82405 121
82439 23
82464 43
82490 99
82523 104
82528 66
82553 53
82554 59
82588 2
82633 26
82647 114
82669 35
82677 25
82678 94
82705 85
82706 50
82714 44
82748 47
82780 47
82804 8
82808 102
82841 60
82842 103
82854 65
82895 10
82917 104
82922 93
82944 43
82989 50
83005 106
83034 8
83050 96
83071 60
83101 39
83133 125
83155 86
83164 9
83195 25
83237 14
83253 99
83262 96
83262 13
83299 67
83339 35
83360 34
83380 95
83384 105
83405 57
83405 20
83447 98
83447 110
83471 44
83479 12
83513 73
83522 100
83540 77
83557 60
83563 52
83579 57
83611 109
83619 127
83636 78
83655 106
83687 108
83731 11
83744 27
83753 25
83758 126
83779 82
83804 2
83820 12
83853 76
83875 40
83890 73
83907 61
83950 37
83989 22
83993 50
83998 37
84007 71
84022 2
84033 117
84060 81
84096 93
84139 65
84156 4
84173 42
84188 19
84195 121
84195 26
84221 33
84225 50
84237 48
84278 101
84304 46
84304 24
84334 6
84345 5
84387 4
84408 49
84409 96
84434 75
84476 54
84504 6
84516 43
84546 112
84577 58
84580 110
84588 49
84615 20
84619 54
84660 93
84696 15
84731 94
84774 108
84809 43
84820 115
84827 72
84842 47
84847 126
84862 76
84879 94
84924 61
84933 77
84935 101
84970 63
84980 94
85006 12
85011 32
85014 20
85058 55
85071 35
85081 31
85104 125
85146 112
85151 18
85163 103
85181 103
85192 52
85217 12
85243 70
85265 127
85301 52
85343 116
85388 109
85416 115
85434 50
85479 40
85502 64
85530 11
85555 77
85573 8
85584 13
85593 52
85626 21
85643 111
85653 24
85659 93
85695 35
85732 80
85771 123
85813 23
85850 41
85868 81
85898 17
85924 80
85953 88
85980 56
86014 113
86053 126
86082 75
86118 5
86135 26
86142 121
86158 121
86192 54
86210 3
86231 5
86250 85
86264 4
86303 92
86340 89
86355 73
86364 92
86390 31
86407 90
86452 102
86492 90
86518 3
86526 13
86552 26
86563 18
86575 37
86583 17
86622 50
86631 77
86644 67
86676 67
86720 93
86726 78
86743 67
86774 117
86776 110
86815 11
86821 75
86833 38
86863 50
86865 103
86904 112
86926 40
86962 45
86977 28
87018 116
87047 57
87092 77
87099 62
87143 99
87171 50
87210 35
87217 106
87258 48
87286 80
87328 126
87370 65
87404 120
87445 84
87463 45
87478 99
87507 46
87542 84
87575 20
87583 117
87599 111
87611 8
87651 126
87657 114
87668 73
87673 30
87715 65
87740 115
87768 37
87811 93
87836 119
87851 66
87893 54
87922 61
87940 93
87964 73
87989 70
88012 78
88053 31
88093 94
88128 56
88133 31
88163 4
88169 46
88175 54
88194 11
88196 34
88196 29
88202 96
88222 43
88227 105
88268 91
88270 28
88288 21
88297 95
88330 19
88368 68
88368 1
88412 101
88418 112
88454 60
88473 5
88496 90
88528 54
88562 38
88604 88
88606 87
88622 23
88624 72
88644 1
88661 15
88700 106
88744 77
88751 99
88755 119
88792 99
88816 36
88859 87
88901 101
88924 12
88941 2
88960 102
88979 121
88998 21
89011 21
89045 62
89068 24
89088 47
89123 13
89133 81
89134 9
89163 49
89182 97
89224 105
89252 27
89266 116
89289 21
89303 93
89316 103
89342 44
89385 67
89418 1
89435 76
89459 95
89492 29
89502 106
89515 118
89551 75
89579 23
89599 107
89603 22
89604 101
89610 40
89644 66
89670 15
89685 63
89712 71
89734 88
89751 101
89794 95
89836 6
89847 1
89849 103
89873 40
89907 3
89925 28
89927 46
89958 75
89963 7
89965 7
89992 50
90028 44
90061 127
90097 127
90125 88
90162 67
90196 69
90200 124
90217 81
90232 16
90265 93
90309 23
90339 107
90379 4
90410 10
90445 70
90447 56
90456 109
90472 122
90488 34
90507 112
90537 101
90581 33
90588 77
90591 99
90618 18
90625 42
90640 28
90685 75
90707 112
90717 51
90740 91
90771 1
90793 16
90812 90
90819 26
90839 125
90847 29
90872 62
90889 5
90921 48
90925 81
90934 121
90937 83
90946 39
90947 73
90986 112
91004 13
91011 40
91048 58
91048 47
91066 54
91109 92
91143 36
91154 57
91158 93
91196 47
91234 106
91236 83
91241 96
91275 28
91319 65
91349 73
91394 29
91439 14
91455 3
91459 55
91501 44
91522 111
91528 93
91528 68
91554 99
91599 57
91621 20
91621 22
91661 111
91692 75
91717 31
91731 56
91750 99
91753 70
91771 85
91806 71
91833 77
91848 84
91855 1
91887 120
91903 107
91909 29
91928 111
91957 22
91994 122
92007 83
92040 81
92060 26
92083 72
92088 82
92099 50
92113 24
92149 36
92194 114
92202 69
92237 54
92266 16
92292 11
92311 49
92347 15
92392 19
92414 36
92451 13
92465 57
92508 18
92526 39
92556 1
92598 120
92625 56
92634 77
92667 49
92676 100
92684 38
92715 60
92736 47
92748 31
92765 23
92809 51
92822 35
92860 68
92900 5
92914 14
92955 79
92972 52
92987 69
92994 95
93003 86
93008 32
93014 106
93023 57
93068 119
93101 27
93117 85
93159 5
93201 9
93222 18
93252 8
93272 118
93309 125
93314 125
93322 100
93354 123
93389 60
93402 43
93431 43
93432 65
93452 115
93454 88
93485 57
93489 100
93528 57
93542 80
93569 30
93581 81
93587 56
93610 108
93619 40
93630 84
93649 27
93679 35
93710 59
93742 50
93754 38
93768 53
93771 100
93804 52
93816 120
93832 90
93838 8
93860 34
93867 62
93867 12
93894 30
93930 15
93967 105
94008 45
94041 106
94041 27
94053 107
94078 99
94114 30
94159 74
94170 70
94197 7
94228 7
94247 112
94270 90
94272 5
94277 92
94298 81
94299 49
94319 80
94325 17
94358 100
94358 122
94387 53
94430 116
94454 75
94492 105
94503 62
94547 126
94559 26
94583 80
94625 93
94630 122
94648 56
94675 115
94695 71
94722 82
94729 93
94745 26
94778 25
94800 124
94821 87
94854 76
94893 107
94895 32
94906 114
94946 68
94963 98
94978 113
94996 85
95035 2
95049 23
95079 127
95080 21
95120 25
95144 107
95178 126
95181 122
95184 28
95192 58
95210 119
95230 11
95243 94
95286 82
95307 14
95315 87
95322 32
95338 97
95356 100
95362 63
95370 98
95390 61
95431 123
95475 7
95482 80
95486 23
95519 101
95559 40
95568 69
95570 10
95591 18
95599 96
95613 89
95631 70
95648 35
95662 7
95684 65
95704 39
95746 58
95768 19
95807 83
95848 46
95868 35
95905 39
95939 61
95960 106
95988 85
96017 27
96050 12
96069 69
96081 33
96102 17
96138 3
96169 96
96214 88
96244 22
96288 114
96315 50
96328 57
96366 17
96366 43
96391 41
96426 20
96431 62
96445 36
96485 102
96524 4
96532 49
96548 36
96563 52
96580 57
96592 42
96609 95
96621 64
96649 65
96686 64
96691 123
96719 78
96760 125
96798 120
96812 21
96847 35
96848 5
96860 87
96892 40
96916 18
96938 112
96949 14
96953 12
96953 96
96985 105
97007 122
97030 27
97073 33
97082 15
97097 124
97112 93
97116 44
97147 52
97187 29
97187 121
97222 115
97229 10
97260 47
97288 48
97306 67
97317 26
97329 67
97342 70
97359 120
97395 105
97413 3
97417 47
97431 81
97433 97
97462 44
97481 113
97494 94
97517 111
97541 110
97556 101
97568 57
97607 50
97608 75
97642 96
97680 58
97688 2
97716 29
97747 24
97783 120
97784 24
97806 7
97809 32
97849 116
97854 52
97879 40
97902 39
97945 34
97978 95
97978 45
97986 36
98020 38
98052 37
98083 89
98106 126
98142 111
98151 18
98160 64
98185 95
98201 70
98227 53
98259 44
98304 84
98338 13
98381 30
98393 44
98407 8
98413 85
98433 79
98446 46
98468 20
98503 25
98528 127
98560 45
98569 114
98583 106
98594 92
98600 6
98607 22
98626 95
98660 80
98669 13
98671 50
98680 120
98681 35
98719 89
98751 122
98759 57
98783 14
98797 86
98813 110
98814 116
98837 39
98843 7
98843 85
98886 16
98929 113
98972 106
98982 77
99021 117
99022 87
99038 102
99081 123
99116 101
99119 118
99161 115
99173 112
99185 73
99207 93
99213 44
99253 120
99274 99
99287 122
99295 109
99322 111
99366 104
99399 69
99407 54
99442 106
99452 108
99462 87
99477 87
99483 40
99510 41
99533 1
99555 97
99556 72
99587 121
99617 75
99650 13
99683 82
99714 86
99720 19
99753 56
99755 17
99797 6
99835 98
99879 50
99902 52
99910 68
99912 87
99918 26
99923 29
99960 20
99994 67
100005 125
100038 14
100061 115
100076 113
100108 18
100136 114
100148 64
100153 115
100153 37
100198 2
100220 93
100226 63
100271 35
100281 7
100311 71
100339 109
100381 55
100398 92
100408 90
100413 51
100418 6
100447 40
100451 116
100491 65
100530 5
100574 125
100600 118
100626 59
100636 109
100669 38
100702 11
100741 113
100743 102
100770 33
100795 3
100816 28
100819 49
100828 42
100863 86
100892 76
100911 79
100939 3
100942 68
100986 71
101015 13
101017 8
101023 103
101051 68
101052 53
101085 31
101088 64
101110 38
101132 37
101142 124
101164 120
101205 107
101224 103
101245 59
101260 87
101277 114
101283 46
101323 92
101332 64
101362 120
101370 87
101393 112
101395 51
101434 99
101442 102
101449 75
101450 36
101486 71
101490 68
101499 44
101539 83
101552 104
101591 47
101624 119
101661 66
101706 92
101714 119
101759 8
101800 2
101813 47
101815 17
101827 42
101863 113
101896 51
101936 119
101972 122
101983 66
102005 108
102022 56
102051 63
102086 53
102127 27
102150 118
102162 53
102168 12
102208 59
102225 107
102251 112
102287 80
102299 17
102318 50
102351 39
102392 96
102397 28
102414 24
102435 14
102473 21
102494 89
102497 8
102533 120
102548 30
102593 116
102600 112
102623 5
102651 78
102655 38
102655 61
102688 3
102724 29
102747 23
102790 123
102819 40
102863 42
102865 64
102904 125
102920 109
102942 104
102974 86
102986 93
103018 1
103042 57
103074 72
103095 23
103119 39
103133 32
103142 111
103153 96
103189 125
103220 20
103233 102
103249 21
103277 22
103312 84
103352 41
103387 88
103388 127
103389 16
103412 63
103436 113
103461 79
103491 89
103535 68
103577 126
103612 108
103636 58
103644 102
103676 6
103692 27
103730 57
103747 91
103749 78
103760 26
103802 83
103806 55
103812 29
103857 104
103882 50
103917 47
103928 110
103962 37
104002 119
104040 29
104065 92
104110 9
104122 28
104132 22
104168 52
104189 23
104222 29
104226 26
104252 30
104262 34
104263 108
104264 70
104308 40
104332 21
104335 28
104367 48
104398 57
104441 118
104473 77
104512 121
104515 123
104532 111
104560 24
104594 125
104618 75
104649 101
104674 67
104679 95
104704 89
104716 79
104718 87
104749 39
104754 69
104761 47
104788 62
104811 40
104816 17
104831 53
104859 65
104867 48
104885 121
104927 108
104939 9
104965 125
104984 32
104996 109
105024 69
105045 78
105075 50
105085 75
105122 37
105134 108
105179 105
105224 42
105254 117
105274 68
105295 67
105302 36
105338 116
105363 14
105403 80
105403 60
105429 48
105466 111
105494 55
105524 16
105526 56
105565 17
105586 41
105593 3
105593 2
105634 125
105673 125
105677 121
105686 122
105731 29
105767 28
105803 47
105822 21
105859 112
105890 103
105896 48
105912 62
105913 20
105937 105
105950 97
105983 56
106016 24
106024 3
106057 87
106075 27
106109 19
106131 92
106155 87
106183 40
106193 101
106203 48
106232 114
106266 15
106285 87
106314 113
106345 120
106350 37
106366 73
106405 88
106445 81
106445 99
106452 100
106455 84
106488 58
106490 9
106493 56
106521 87
106524 89
106533 93
106549 31
106583 71
106615 117
106651 121
106694 105
106739 34
106778 108
106807 28
106847 4
106888 87
106904 68
106934 71
106969 40
107002 61
107032 65
107056 41
107075 95
107094 100
107095 16
107117 36
107125 72
107137 118
107147 81
107185 32
107227 27
107247 100
107284 15
107306 95
107321 57
107354 99
107368 78
107411 88
107442 10
107482 112
107524 90
107543 7
107557 82
107563 122
107604 122
107610 2
107641 109
107648 55
107683 38
107705 108
107728 39
107758 112
107793 44
107799 109
107812 36
107816 90
107846 77
107861 94
107905 87
107939 96
107963 47
107990 107
108010 81
108036 5
108081 38
108105 75
108115 95
108126 80
108160 50
108179 123
108203 53
108218 126
108258 64
108276 101
108321 117
108364 19
108397 65
108418 63
108452 43
108479 14
108482 29
108511 78
108527 32
108562 108
108606 28
108618 53
108640 27
108655 106
108691 19
108727 101
108761 77
108794 103
108816 116
108851 95
108859 45
108872 20
108874 117
108910 33
108932 120
108952 87
108975 19
108986 37
109004 4
109016 82
109035 29
109060 33
109088 117
109100 36
109107 98
109149 102
109172 77
109205 38
109221 31
109253 76
109266 95
109304 81
109316 80
109319 31
109349 124
109385 90
109406 13
109434 9
109464 125
109494 120
109507 11
109549 13
109569 101
109610 70
109649 18
109666 3
109690 18
109690 14
109732 28
109774 75
109807 100
109824 62
109830 105
109837 66
109858 69
109890 119
109920 34
109965 126
109977 113
109986 36
110018 97
110049 109
110094 119
110100 70
110143 66
110166 66
110183 32
110215 80
110221 36
110224 2
110244 2
110269 50
110272 72
110304 2
110342 86
110370 41
110377 115
110399 25
110410 126
110454 88
110476 121
110501 41
110524 9
110569 45
110591 67
110608 69
110612 108
110619 48
110651 9
110659 107
110696 107
110727 63
110770 39
110804 98
110827 122
110858 111
110867 75
110877 5
110906 67
110916 105
110938 60
110947 83
110981 9
110991 79
111035 100
111051 90
111071 31
111090 117
111130 114
111165 30
111169 67
111185 27
111211 111
111218 2
111251 63
111277 20
111282 122
111307 19
111350 17
111356 93
111397 5
111401 126
111439 92
111468 23
111494 89
111528 44
111541 27
111566 97
111611 3
111632 108
111676 17
111688 92
111699 56
111729 46
111757 109
111767 47
111778 127
111808 78
111839 57
111843 89
111868 5
111897 48
111940 20
111960 113
111987 85
112007 13
112027 52
112039 74
112042 102
112061 55
112086 107
112101 88
112113 73
112146 14
112154 70
112166 38
112209 41
112230 94
112270 125
112276 55
112292 124
112334 99
112361 37
112399 8
112424 104
112440 88
112457 108
112462 85
112497 64
112503 50
112516 124
112555 114
112570 114
112571 95
112599 57
112616 96
112633 39
112673 45
112691 5
112713 101
112741 83
112771 21
112807 67
112812 127
112821 75
112843 120
112882 29
112891 29
112928 64
112947 69
112948 96
112952 125
112966 5
112969 30
112977 47
112988 39
112994 60
113004 45
113037 101
113056 105
113068 51
113109 23
113131 88
113137 17
113179 62
113181 8
113222 23
113246 55
113262 113
113275 68
113280 60
