9 22
40 73
44 7
68 12
88 38
119 93
122 127
134 72
164 94
192 29
194 80
228 117
273 75
310 13
311 82
328 114
372 124
378 91
390 8
428 125
450 7
482 14
513 90
522 113
556 51
578 123
598 3
624 15
663 82
707 100
743 101
759 58
799 49
838 58
882 33
892 87
905 33
919 44
940 32
950 47
969 19
969 113
995 122
1007 3
1010 104
1023 93
1057 13
1100 109
1127 17
1160 14
1192 110
1214 112
1249 1
1250 115
1289 7
1315 92
1331 117
1371 25
1414 34
1417 101
1425 10
1463 53
1473 101
1510 125
1512 6
1534 56
1539 96
1568 12
1581 38
1623 30
1639 37
1680 86
1723 46
1751 79
1774 107
1779 117
1785 21
1825 14
1853 77
1882 18
1882 73
1913 43
1947 125
1977 20
1983 107
2028 28
2057 12
2089 31
2123 12
2150 65
2191 9
2200 85
2235 88
2235 127
2272 124
2278 65
2278 100
2291 90
2329 98
2355 11
2383 8
2388 88
2394 16
2419 25
2451 85
2476 3
2506 27
2519 93
2560 1
2580 68
2625 39
2642 54
2685 1
2705 28
2706 17
2710 112
2751 16
2790 29
2833 21
2838 32
2881 56
2884 114
2916 36
2956 31
2976 65
3001 64
3029 57
3044 63
3084 25
3107 119
3146 113
3177 99
3185 8
3218 13
3257 119
3299 80
3303 18
3315 43
3360 90
3384 83
3420 113
3464 30
3466 51
3501 121
3515 112
3539 104
3541 12
3553 59
3592 65
3634 116
3679 16
3680 73
3693 72
3735 113
3755 60
3763 28
3774 90
3777 76
3785 8
3823 94
3825 122
3830 33
3867 1
3878 31
3923 12
3938 67
3977 56
4007 124
4017 98
4061 106
4069 30
4086 114
4099 125
4127 87
4150 11
4153 38
4186 110
4205 47
4230 101
4250 26
4283 6
4317 31
4325 103
4351 95
4361 21
4396 14
4423 87
4457 82
4481 121
4524 89
4544 9
4550 64
4587 75
4625 50
4660 19
4666 10
4682 41
4697 113
4718 2
4744 24
4744 75
4785 50
4809 113
4844 14
4870 11
4878 102
4908 14
4945 60
4976 39
5001 69
5019 24
5019 33
5028 63
5065 62
5087 27
5122 13
5166 15
5205 113
5213 5
5217 68
5244 33
5280 64
5315 56
5320 30
5348 87
5384 70
5396 16
5400 33
5435 113
5438 40
5481 67
5495 10
5519 45
5527 10
5554 18
5594 57
5638 122
5672 43
5708 116
5710 55
5731 98
5738 36
5765 92
5798 122
5803 18
5844 54
5855 13
5861 54
5872 48
5890 83
5915 19
5917 59
5940 89
5980 9
6023 14
6030 67
6048 69
6070 104
6085 25
6092 73
6104 61
6132 48
6161 16
6175 44
6192 88
6223 86
6246 94
6290 80
6302 68
6316 35
6351 69
6380 74
6399 45
6410 1
6413 123
6445 91
6464 72
6493 92
6500 9
6517 43
6554 10
6586 74
6614 123
6658 26
6666 13
6676 43
6719 52
6763 29
6803 72
6829 78
6871 25
6900 52
6920 31
6926 46
6952 125
6988 59
6999 7
7015 27
7021 24
7066 50
7068 16
7105 90
7146 13
7183 17
7214 49
7232 67
7269 41
7274 95
7288 59
7294 22
7309 20
7316 82
7349 31
7356 17
7374 29
7400 56
7408 101
7423 1
7441 53
7443 115
7480 111
7493 48
7529 122
7530 73
7533 64
7573 85
7599 73
7642 71
7664 102
7700 39
7711 50
7743 24
7761 85
7795 93
7827 126
7833 56
7875 111
7881 8
7910 49
7927 51
7956 22
7964 118
7969 7
8009 92
8043 12
8065 78
8104 5
8141 66
8170 54
8189 49
8210 22
8232 47
8259 71
8302 6
8346 19
8389 76
8408 46
8441 121
8460 121
8491 43
8515 111
8556 27
8596 20
8638 113
8641 125
8665 5
8672 79
8673 64
8691 87
8693 62
8734 103
8751 17
8775 72
8798 5
8841 67
8863 17
8908 105
8948 59
8959 91
9000 116
9000 61
9002 17
9022 50
9032 126
9073 47
9083 64
9125 38
9146 87
9156 73
9182 61
9209 127
9209 125
9222 5
9251 101
9294 114
9339 50
9378 112
9403 119
9447 19
9470 56
9503 64
9536 14
9552 102
9552 12
9583 83
9593 53
9613 70
9616 89
9648 54
9693 31
9737 121
9781 117
9798 38
9813 14
9855 34
9887 10
9927 125
9963 46
10004 21
10047 43
10051 25
10078 59
10091 20
10101 23
10103 114
10141 53
10151 43
10188 56
10224 80
10260 122
10285 78
10321 86
10348 93
10372 116
10416 64
10453 94
10458 40
10479 47
10515 8
10540 42
10556 30
10589 105
10593 114
10616 81
10622 45
10648 127
10672 68
10713 53
10730 96
10765 19
10807 91
10826 104
10852 18
10894 47
10927 30
10956 100
10999 84
11043 51
11062 93
11089 3
11117 103
11150 98
11179 57
11182 79
11217 78
11250 56
11277 21
11299 54
11319 33
11353 87
11362 116
11371 115
11388 15
11405 114
11419 55
11431 25
11433 85
11474 30
11480 123
11481 73
11513 119
11527 23
11539 9
11557 23
11597 52
11610 120
11633 39
11655 12
11669 13
11701 52
11706 123
11709 28
11714 121
11742 99
11763 76
11788 118
11803 19
11813 121
11814 9
11848 44
11892 49
11925 17
11934 68
11961 57
11967 19
11978 119
12004 100
12033 94
12052 90
12053 112
12056 66
12078 52
12088 31
12097 124
12115 115
12138 66
12152 27
12156 115
12175 87
12198 48
12234 112
12276 22
12288 105
12321 126
12349 54
12355 31
12394 33
12414 121
12423 111
12460 47
12497 79
12505 120
12522 103
12547 76
12549 3
12562 79
12573 14
12606 13
12608 64
12642 102
12669 114
12711 28
12741 1
12768 48
12784 55
12800 85
12816 35
12825 1
12846 3
12860 1
12887 53
12930 1
12943 19
12979 16
13010 75
13032 50
13070 120
13073 90
13112 93
13138 14
13143 37
13159 57
13186 79
13213 73
13253 54
13273 57
13315 88
13339 2
13367 110
13402 64
13441 56
13468 37
13496 86
13527 65
13561 34
13574 126
13580 66
13610 92
13637 123
13651 28
13662 52
13681 34
13711 71
13727 50
13728 89
13731 69
13753 112
13779 105
13811 62
13856 3
13863 29
13867 60
13906 32
13917 85
13940 26
13969 41
14002 83
14002 90
14040 37
14060 100
14105 115
14149 126
14191 111
14206 110
14248 96
14291 13
14331 64
14351 36
14376 79
14409 61
14441 34
14450 14
14488 49
14513 44
14535 98
14557 111
14591 118
14598 67
14600 122
14630 24
14650 118
14650 123
14692 121
14718 104
14744 77
14779 37
14781 16
14784 79
14784 33
14804 76
14841 71
14860 106
14862 92
14902 40
14920 120
14921 124
14943 65
14978 111
15006 72
15006 31
15038 20
15063 59
15084 73
15114 56
15136 77
15153 124
15178 40
15209 57
15212 86
15228 36
15266 81
15277 116
15294 90
15294 45
15335 73
15359 70
15359 59
15373 65
15416 81
15450 93
15484 119
15509 63
15521 23
15534 56
15572 55
15613 37
15635 19
15653 108
15657 111
15662 22
15679 81
15712 121
15718 48
15752 45
15759 109
15776 81
15821 72
15838 116
15852 67
15867 126
15883 69
15917 82
15940 82
15956 36
15959 94
15973 51
16009 47
16010 81
16032 109
16068 58
16068 95
16110 103
16155 23
16190 70
16223 74
16253 51
16278 4
16294 71
16315 5
16333 11
16369 109
16378 91
16381 9
16407 64
16451 109
16487 100
16492 41
16529 22
16531 110
16562 63
16581 58
16626 126
16659 58
16690 98
16731 26
16770 76
16798 3
16836 91
16879 11
16900 28
16942 4
16946 24
16983 26
16987 14
17010 120
17028 79
17067 16
17104 101
17105 42
17138 117
17165 111
17169 42
17194 85
17209 10
17232 27
17264 105
17268 127
17294 115
17294 22
17296 78
17311 65
17354 126
17396 102
17409 50
17421 117
17433 83
17476 120
17492 16
17525 23
17544 28
17583 66
17615 33
17651 27
17675 78
17717 93
17744 114
17772 48
17802 126
17820 27
17848 11
17862 98
17888 9
17925 6
17963 119
18002 4
18029 97
18036 65
18037 91
18070 63
18076 124
18097 117
18131 1
18163 112
18186 75
18217 44
18218 93
18237 109
18266 66
18298 17
18305 58
18305 83
18344 90
18386 77
18408 51
18412 88
18414 102
18456 15
18484 14
18510 52
18548 23
18561 126
18602 95
18639 68
18650 116
18676 127
18700 84
18724 10
18724 109
18733 114
18776 79
18820 114
18850 60
18852 36
18896 61
18922 40
18950 108
18988 87
19019 100
19064 93
19090 58
19123 65
19123 104
19154 117
19177 97
19217 45
19242 127
19284 81
19288 108
19314 15
19348 7
19375 96
19416 86
19430 77
19439 54
19479 56
19513 51
19530 55
19557 25
19565 21
19587 108
19608 23
19619 75
19654 100
19656 46
19666 62
19688 39
19697 125
19711 6
19717 9
19737 96
19737 35
19765 127
19770 103
19808 102
19811 86
19825 61
19836 47
19844 11
19849 67
19878 121
19894 105
19897 113
19911 65
19956 111
19959 50
20001 97
20024 7
20065 113
20085 22
20112 124
20141 54
20142 62
20149 44
20172 55
20195 88
20208 111
20252 20
20258 11
20279 64
20288 55
20323 1
20327 120
20359 96
20390 81
20393 35
20432 112
20461 11
20486 46
20522 118
20567 118
20582 39
20605 51
20627 75
20653 54
20672 87
20684 84
20702 55
20736 49
20739 72
20774 60
20818 85
20846 106
20865 78
20907 61
20929 121
20960 126
20961 11
21000 86
21002 89
21014 96
21048 90
21070 60
21100 87
21129 121
21151 105
21186 37
21225 76
21228 66
21247 11
21277 126
21284 105
21324 72
21364 35
21394 101
21415 33
21452 97
21490 42
21519 46
21542 103
21543 73
21583 79
21598 14
21633 98
21651 65
21692 102
21728 22
21752 64
21783 120
21805 51
21841 115
21876 7
21884 6
21886 43
21913 30
21932 26
21944 19
21962 34
21962 120
22003 116
22040 25
22048 52
22050 107
22064 26
22101 9
22129 47
22171 104
22198 1
22199 6
22229 115
22251 59
22296 102
22339 56
22365 90
22395 50
22395 118
22402 72
22426 5
22442 73
22485 85
22488 121
22513 119
22552 4
22594 15
22632 37
22636 101
22666 50
22677 98
22705 8
22707 64
22735 14
22775 20
22807 76
22844 9
22846 13
22857 45
22898 121
22905 82
22946 46
22984 112
23006 124
23041 20
23072 64
23086 82
23115 111
23130 91
23162 116
23171 32
23215 109
23230 41
23259 9
23275 116
23293 5
23313 105
23317 44
23319 92
23350 120
23386 117
23403 119
23434 66
23445 2
23454 4
23454 50
23496 120
23532 18
23558 39
23591 67
23591 77
23623 83
23633 101
23657 104
23693 68
23703 59
23712 110
23738 77
23774 73
23777 27
23798 11
23822 3
23824 108
23851 23
23865 111
23889 29
23908 45
23916 15
23916 22
23935 59
23935 74
23968 59
23968 73
23982 22
24012 47
24053 22
24089 97
24105 13
24128 91
24149 57
24176 29
24186 3
24192 30
24236 126
24262 61
24271 94
24285 40
24328 58
24361 63
24371 70
24412 12
24449 25
24473 99
24499 115
24540 63
24570 25
24608 43
24633 43
24635 106
24678 52
24712 82
24714 79
24728 77
24744 91
24747 62
24763 22
24782 90
24782 33
24783 91
24814 72
24827 4
24860 21
24900 56
24944 92
24967 26
24995 60
25009 11
25046 18
25050 101
25093 79
25110 9
25127 46
25143 76
25165 25
25166 51
25185 116
25209 39
25235 86
25265 28
25290 73
25303 56
25337 112
25381 20
25418 104
25459 2
25480 110
25515 3
25560 110
25566 52
25593 97
25614 38
25615 1
25635 43
25666 95
25695 107
25698 67
25704 1
25722 91
25764 119
25780 49
25788 33
25791 83
25833 74
25878 54
25909 74
25943 83
25968 95
25983 9
26011 5
26012 68
26024 96
26061 77
26097 86
26098 69
26115 119
26132 91
26152 37
26160 93
26166 106
26185 54
26205 79
26240 69
26269 18
26292 103
26311 44
26351 109
26390 72
26409 113
26428 99
26442 119
26457 122
26472 43
26487 36
26506 44
26535 17
26549 81
26575 2
26620 57
26665 51
26699 106
26720 20
26763 46
26802 56
26812 45
26840 125
26840 106
26852 34
26854 63
26873 37
26916 127
26932 55
26973 104
26997 105
27009 120
27032 104
27046 26
27084 118
27098 36
27120 36
27161 123
27182 102
27208 53
27213 119
27232 40
27256 91
27299 16
27322 44
27340 116
27350 93
27393 61
27406 125
27436 48
27443 12
27466 10
27472 21
27486 105
27513 7
27534 39
27566 121
27610 50
27641 66
27683 19
27728 30
27759 73
27801 16
27835 96
27837 52
27872 81
27877 72
27886 27
27896 36
27933 117
27976 59
28006 80
28025 26
28064 24
28079 90
28115 83
28147 37
28147 68
28168 77
28184 87
28222 120
28253 14
28277 118
28295 65
28317 47
28329 116
28354 13
28377 90
28383 102
28423 25
28444 123
28466 109
28486 11
28499 59
28516 119
28540 121
28571 112
28606 71
28623 120
28639 78
28670 116
28681 118
28713 34
28740 2
28741 20
28762 44
28792 90
28822 50
28862 127
28882 12
28927 19
28928 5
28972 92
28996 64
29003 8
29019 35
29037 35
29053 21
29053 28
29075 86
29093 122
29125 98
29147 62
29168 20
29183 125
29210 92
29216 111
29234 85
29279 51
29279 101
29307 63
29324 112
29333 101
29352 17
29370 57
29375 21
29409 51
29438 118
29439 102
29460 85
29471 58
29508 26
29524 88
29552 47
29590 41
29627 48
29659 88
29681 26
29701 35
29718 65
29759 115
29771 113
29780 65
29780 78
29809 97
29816 23
29844 123
29879 38
29913 78
29927 9
29941 30
29954 4
29988 20
30024 88
30025 98
30054 22
30081 20
30109 45
30134 81
30137 62
30142 105
30143 97
30188 127
30223 56
30243 105
30252 42
30256 17
30276 72
30291 87
30330 31
30341 121
30350 42
30356 23
30387 94
30402 121
30438 32
30466 36
30488 10
30520 76
30524 124
30529 104
30529 67
30529 88
30534 72
30575 110
30585 56
30630 56
30652 126
30669 109
30690 110
30717 89
30738 69
30743 17
30769 23
30797 57
30807 96
30824 103
30841 33
30843 89
30856 47
30899 90
30920 109
30965 57
31009 98
31026 16
31065 70
31098 87
31112 23
31146 98
31172 51
31205 116
31245 6
31267 76
31288 23
31321 28
31337 74
31379 21
31414 4
31439 42
31479 109
31509 71
31551 51
31583 74
31592 11
31611 13
31646 99
31685 57
31693 117
31707 74
31749 16
31793 107
31802 13
31816 34
31853 114
31858 83
31894 125
31903 127
31936 10
31979 37
32004 115
32026 111
32046 114
32073 116
32094 32
32112 22
32157 3
32162 22
32185 8
32222 114
32226 74
32256 123
32299 122
32339 55
32352 81
32366 44
32372 6
32385 124
32405 104
32440 46
32481 78
32503 78
32535 58
32537 102
32559 102
32577 24
32577 25
32610 45
32655 73
32691 121
32708 108
32721 51
32734 119
32766 88
32766 12
32776 79
32810 26
32846 102
32874 96
32918 116
32963 112
32987 84
32993 108
33019 31
33057 14
33091 110
33123 57
33150 1
33156 3
33184 127
33221 61
33252 23
33256 85
33266 118
33281 21
33302 123
33314 61
33331 11
33374 42
33401 71
33405 91
33405 2
33423 98
33460 90
33472 104
33489 70
33510 29
33524 61
33551 92
33584 26
33599 111
33632 110
33663 74
33680 76
33714 48
33723 79
33738 109
33746 20
33783 53
33822 105
33863 64
33895 75
33938 45
33951 113
33988 87
34012 60
34019 89
34050 118
34060 114
34069 7
34113 114
34144 83
34151 81
34182 89
34226 40
34265 108
34292 24
34292 31
34327 54
34351 28
34375 2
34413 24
34444 36
34460 36
34483 120
34519 89
34561 71
34576 32
34576 121
34592 47
34628 39
34656 105
34662 122
34679 60
34719 60
34745 45
34753 115
34782 73
34799 68
34823 58
34864 120
34877 42
34911 104
34916 96
34950 74
34975 16
35009 8
35015 87
35046 1
35054 10
35072 100
35112 91
35123 10
35138 96
35178 66
35209 70
35211 62
35231 85
35273 100
35300 52
35335 43
35370 35
35380 47
35417 27
35430 85
35469 81
35503 87
35537 32
35544 89
35563 34
35584 81
35592 73
35619 51
35626 102
35670 52
35682 109
35719 79
35724 90
35735 5
35743 89
35786 23
35804 8
35806 115
35850 46
35862 113
35868 68
35906 56
35933 91
35950 124
35995 74
36023 87
36062 66
36097 88
36104 26
36104 104
36138 126
36172 108
36175 82
36182 48
36188 44
36199 17
36222 80
36235 107
36253 37
36297 12
36316 88
36351 63
36373 107
36376 23
36401 3
36421 33
36446 90
36462 10
36466 125
36493 61
36510 31
36552 100
36584 17
36591 33
36623 117
36658 122
36692 21
36730 45
36737 68
36775 87
36799 95
36812 27
36817 39
36830 98
36855 58
36872 50
36888 93
36916 69
36949 18
36967 10
36991 119
37009 116
37029 127
37047 75
37086 21
37112 30
37157 100
37200 112
37214 1
37237 25
37280 41
37320 20
37327 60
37342 80
37343 50
37367 51
37369 5
37402 41
37413 87
37442 45
37447 5
37487 18
37511 103
37554 119
37585 126
37616 98
37651 87
37652 20
37682 19
37692 85
37727 111
37749 41
37757 90
37769 125
37776 45
37798 11
37828 93
37864 101
37890 72
37894 3
37939 43
37965 39
37999 98
38040 103
38064 21
38103 31
38118 120
38134 65
38151 93
38175 110
38190 60
38215 4
38244 64
38265 56
38297 48
38310 51
38324 125
38356 23
38398 120
38435 108
38475 113
38484 38
38525 38
38536 26
38539 23
38546 40
38589 43
38608 67
38615 22
38641 108
38653 71
38688 100
38704 102
38720 77
38735 100
38765 100
38769 120
38812 68
38836 51
38867 9
38876 77
38882 94
38895 45
38935 72
38949 75
38992 115
39014 22
39043 97
39087 113
39095 72
39124 45
39139 118
39141 71
39166 106
39175 2
39190 44
39229 84
39254 53
39267 45
39300 75
39321 13
39353 126
39372 89
39402 110
39431 98
39437 91
39472 22
39499 124
39504 11
39523 1
39555 89
39564 104
39587 11
39618 17
39662 67
39665 16
39681 38
39684 76
39718 118
39762 31
39789 43
39824 65
39864 27
39880 78
39885 91
39894 66
39932 72
39974 117
39992 91
40000 91
40024 1
40053 39
40066 67
40074 56
40077 39
40112 117
40156 16
40175 71
40186 125
40226 111
40236 81
40269 104
40289 67
40308 25
40351 18
40389 78
40427 5
40428 30
40466 27
40507 61
40509 119
40541 46
40551 72
40592 98
40629 112
40651 93
40668 78
40707 104
40749 98
40754 78
40798 100
40829 22
40831 113
40842 34
40856 97
40874 68
40908 7
40909 8
40929 109
40932 77
40974 74
40986 10
41022 82
41067 32
41075 75
41112 70
41155 86
41168 120
41195 45
41221 71
41243 99
41262 99
41302 103
41343 57
41370 122
41401 76
41405 95
41410 44
41432 1
41466 88
41505 80
41539 108
41582 35
41592 109
41610 127
41639 102
41645 105
41655 118
41698 88
41734 15
41749 50
41752 101
41791 93
41807 10
41839 92
41878 106
41916 32
41921 110
41935 33
41979 40
42000 119
42038 71
42079 57
42119 113
42146 90
42167 37
42179 38
42182 24
42216 74
42227 52
42247 78
42275 76
42288 41
42304 29
42332 90
42359 46
42404 59
42437 8
42460 81
42473 102
42503 5
42519 23
42544 40
42586 80
42610 117
42613 84
42657 92
42671 108
42688 39
42723 101
42755 22
42776 21
42816 6
42835 24
42837 121
42843 46
42856 104
42864 23
42878 43
42888 29
42890 56
42922 55
42928 39
42953 28
42966 126
43001 119
43024 44
43048 55
43076 21
43105 30
43126 34
43145 48
43172 96
43182 121
43215 76
43253 26
43261 19
43272 121
43305 48
43337 39
43342 119
43384 62
43425 46
43435 62
43467 120
43511 55
43527 61
43552 54
43561 50
43568 64
43581 63
43607 100
43623 116
43632 15
43658 58
43673 68
43682 72
43706 18
43726 66
43740 59
43775 27
43799 85
43813 24
43817 2
43824 18
43842 23
43873 24
43911 16
43911 41
43948 94
43951 53
43986 73
43990 96
44028 89
44029 43
44043 52
44055 10
44087 9
44106 8
44116 125
44137 80
44145 30
44147 120
44179 23
44207 20
44221 4
44227 91
44255 3
44288 78
44318 52
44329 43
44332 18
44373 82
44385 19
44424 54
44424 62
44436 20
44436 127
44469 70
44484 105
44484 126
44507 30
44541 92
44559 55
44561 17
44594 44
44603 49
44628 4
44654 6
44659 37
44694 63
44698 28
44701 50
44746 29
44756 47
44759 27
44788 115
44819 52
44850 115
44853 6
44871 22
44905 37
44947 105
44978 103
45020 6
45035 116
45073 103
45088 59
45098 14
45134 76
45137 1
45164 43
45205 120
45247 113
45278 74
45279 59
45294 84
45306 105
45337 25
45372 53
45372 77
45391 74
45391 110
45430 75
45459 22
45504 75
45546 49
45586 25
45627 89
45631 55
45653 78
45673 34
45692 103
45703 41
45715 105
45724 26
45761 7
45761 126
45782 19
45800 61
45809 71
45828 36
45855 29
45863 53
45863 113
45873 115
45917 15
45945 46
45987 65
46008 75
46029 39
46064 80
46089 42
46104 114
46108 92
46120 60
46147 104
46149 30
46170 126
46213 123
46247 4
46291 57
46292 115
46327 91
46345 3
46356 109
46394 125
46417 87
46423 2
46458 9
46493 88
46507 86
46528 25
46547 19
46563 109
46594 82
46594 86
46612 123
46649 10
46660 19
46679 91
46699 37
46708 75
46713 14
46752 107
46777 108
46816 19
46854 116
46870 72
46906 35
46938 126
46982 95
47012 37
47027 15
47049 15
47067 19
47098 94
47139 38
47179 96
47222 42
47243 84
47251 127
47267 123
47282 71
47291 90
47291 36
47333 109
47345 47
47355 75
47380 94
47398 76
47424 54
47438 61
47475 68
47520 60
47561 122
47585 88
47622 3
47642 3
47661 69
47667 92
47698 33
47733 78
47778 78
47792 121
47795 54
47838 74
47846 62
47880 54
47922 83
47957 50
47970 86
47970 65
47993 107
48007 46
48007 106
48022 75
48036 56
48047 121
48074 107
48114 12
48114 114
48149 109
48149 111
48191 91
48215 126
48247 119
48292 4
48312 109
48341 117
48378 68
48420 49
48435 81
48478 113
48502 107
48518 118
48562 75
48597 31
48634 39
48673 99
48681 82
48709 65
48747 115
48764 17
48793 96
48795 106
48816 22
48822 30
48835 109
48860 33
48876 34
48877 25
48914 25
48919 42
48948 104
48993 30
49000 31
49033 3
49059 71
49100 106
49115 68
49119 31
49161 115
49199 55
49206 53
49217 22
49257 108
49270 5
49284 41
49301 104
49316 105
49319 1
49355 27
49375 16
49414 116
49419 108
49440 76
49450 112
49483 118
49500 8
49514 44
49536 89
49579 80
49607 51
49623 75
49647 24
49683 23
49718 112
49739 11
49750 121
49781 13
49821 76
49825 58
49831 121
49849 11
49863 87
49863 8
49906 109
49923 108
49958 102
49975 35
50008 88
50041 83
50085 86
50085 116
50126 26
50164 107
50184 61
50198 114
50233 67
50254 52
50283 48
50316 116
50329 73
50353 23
50383 64
50416 72
50455 35
50497 91
50528 125
50528 125
50532 85
50544 5
50566 52
50581 68
50602 82
50643 95
50669 100
50682 104
50703 4
50716 4
50754 100
50770 44
50781 36
50784 40
50790 104
50802 35
50830 111
50838 96
50877 115
50889 123
50934 3
50975 12
51004 44
51027 120
51049 98
51056 94
51063 75
51102 11
51110 6
51118 27
51131 92
51145 101
51187 83
51210 16
51227 19
51237 99
51275 60
51284 70
51326 114
51332 80
51373 56
51381 53
51405 64
51440 103
51459 64
51469 115
51503 99
51526 64
51562 62
51603 53
51640 55
51663 4
51708 95
51729 49
51732 71
51755 80
51779 105
51779 50
51794 84
51813 25
51820 104
51854 32
51863 92
51895 53
51909 107
51937 58
51955 90
51999 68
52018 71
52026 34
52060 50
52069 54
52097 99
52132 33
52142 29
52168 106
52174 61
52194 108
52224 92
52243 55
52268 83
52311 10
52355 85
52375 87
52398 28
52412 98
52451 25
52493 44
52498 51
52528 106
52553 125
52555 109
52588 102
52614 104
52647 42
52666 96
52692 108
52697 83
52712 70
52717 20
52727 105
52738 24
52750 95
52783 64
52787 30
52807 50
52821 123
52864 31
52896 13
52917 74
52958 116
52970 24
53000 18
53023 102
53060 95
53095 109
53140 36
53157 107
53157 38
53177 10
53188 46
53191 127
53198 92
53227 127
53263 77
53283 14
53306 85
53324 84
53366 52
53378 64
53388 65
53433 110
53438 62
53462 48
53484 24
53504 104
53519 120
53536 109
53578 92
53585 97
53592 101
53627 65
53664 113
53704 15
53704 97
53735 9
53747 28
53749 125
53790 31
53811 119
53825 55
53849 62
53894 66
53925 45
53954 55
53970 116
54000 121
54024 23
54042 44
54079 43
54107 59
54143 41
54186 7
54230 121
54234 16
54253 86
54258 89
54286 47
54306 37
54321 53
54333 68
54362 5
54380 25
54391 50
54428 114
54458 82
54475 36
54491 126
54509 17
54551 3
54591 12
54594 9
54617 57
54622 79
54646 4
54667 80
54675 95
54697 13
54729 33
54760 89
54786 53
54797 93
54804 44
54833 59
54861 113
54878 86
54920 75
54964 7
54965 76
54978 96
55015 52
55054 86
55069 23
55084 121
55107 111
55120 23
55128 17
55144 32
55174 47
55219 21
55264 2
55275 89
55277 79
55297 40
55338 10
55342 11
55376 75
55413 11
55433 77
55457 46
55499 62
55502 97
55533 82
55537 2
55572 43
55610 96
55640 87
55676 108
55709 80
55736 103
55764 64
55800 119
55828 59
55855 8
55880 78
55893 59
55901 81
55904 115
55917 114
55927 126
55971 57
56012 103
56017 35
56042 57
56053 85
56077 96
56089 11
56110 48
56155 2
56162 127
56176 13
56176 19
56212 64
56254 60
56294 126
56306 92
56318 85
56335 27
56364 47
56385 42
56412 89
56447 111
56452 126
56473 59
56518 32
56524 1
56556 110
56580 119
56587 97
56609 40
56653 20
56678 97
56694 73
56710 64
56754 56
56778 85
56819 8
56857 9
56884 103
56893 41
56916 77
56919 24
56936 106
56965 60
56979 20
56980 99
57019 1
57045 29
57064 71
57075 12
57094 89
57098 58
57138 25
57156 1
57194 38
57228 118
57260 61
57303 47
57312 116
57316 118
57356 29
57392 68
57399 75
57420 89
57449 76
57481 41
57519 36
57543 68
57559 5
57592 87
57622 20
57657 44
57660 82
57687 72
57701 83
57713 118
57740 67
57740 22
57746 73
57748 7
57786 21
57805 101
57828 5
57873 12
57907 95
57928 111
57947 65
57965 2
57981 36
58003 18
58036 127
58059 98
58091 46
58108 92
58142 115
58176 77
58181 102
58194 99
58230 100
58238 69
58267 56
58299 87
58338 8
58363 114
58385 72
58415 67
58434 111
58476 5
58521 101
58560 51
58577 104
58609 32
58648 12
58654 122
58685 77
58726 121
58730 21
58734 63
58772 111
58808 42
58853 61
58878 94
58908 61
58921 19
58942 117
58977 19
59016 49
59022 17
59047 113
59086 115
59128 127
59172 29
59214 61
59239 67
59279 67
59295 99
59327 100
59335 47
59357 18
59363 22
59367 123
59403 13
59431 21
59437 90
59463 105
59467 50
59498 11
59534 21
59555 111
59593 45
59618 108
59626 39
59651 9
59657 65
59696 121
59697 75
59708 46
59718 60
59750 97
59765 26
59771 118
59806 125
59836 61
59866 81
59867 53
59882 102
59888 55
59919 43
59926 80
59961 121
60004 82
60020 81
60035 54
60066 108
60078 44
60096 79
60127 55
60157 118
60158 49
60199 3
60218 110
60222 73
60267 100
60279 120
60290 112
60293 43
60334 31
60339 46
60352 65
60364 94
60402 112
60432 65
60456 43
60467 103
60479 1
60486 97
60499 34
60508 93
60511 30
60544 23
60554 21
60568 127
60576 23
60581 125
60604 69
60613 46
60618 32
60627 77
60651 35
60676 84
60685 99
60691 39
60728 116
60771 44
60776 113
60808 91
60814 60
60815 4
60819 46
60824 84
60865 81
60873 18
60885 90
60920 76
60962 81
60965 45
61000 87
61007 75
61035 54
61038 53
61043 84
61076 14
61111 51
61126 72
61144 119
61186 105
61198 72
61214 101
61247 87
61280 36
61318 39
61326 90
61334 109
61366 52
61372 96
61393 118
61407 101
61414 41
61438 1
61458 71
61486 110
61488 82
61519 62
61523 68
61550 104
61556 59
61575 64
61611 10
61630 4
61632 37
61676 40
61710 118
61715 103
61760 114
61780 79
61819 99
61850 103
61851 30
61855 126
61859 7
61874 124
61876 68
61880 79
61880 16
61922 104
61954 46
61990 45
61996 121
62032 68
62038 109
62061 61
62101 6
62144 58
62153 72
62178 72
62208 43
62245 80
62256 98
62280 84
62281 78
62295 13
62305 10
62322 123
62367 64
62388 58
62394 19
62439 15
62472 116
62507 31
62508 61
62547 67
62579 88
62602 16
62617 116
62646 92
62672 27
62677 5
62690 99
62733 94
62737 88
62765 26
62782 17
62823 12
62860 109
62899 52
62907 9
62948 47
62991 21
63028 85
63040 19
63076 83
63080 115
63107 25
63136 82
63171 8
63187 2
63206 49
63216 20
63218 32
63246 27
63263 60
63268 66
63284 58
63290 83
63305 30
63349 106
63354 11
63354 19
63392 79
63407 43
63449 88
63486 40
63524 86
63562 22
63573 102
63587 11
63592 42
63621 105
63665 29
63690 72
63715 96
63743 91
63758 123
63789 41
63804 60
63807 105
63850 127
63853 121
63886 97
63904 98
63904 1
63922 29
63961 48
63991 109
64007 77
64025 103
64062 77
64065 17
64078 47
64090 23
64117 11
64141 68
64144 47
64187 123
64187 77
64225 52
64259 86
64262 37
64269 48
64271 23
64287 127
64297 123
64307 67
64316 46
64346 100
64368 21
64378 43
64397 30
64424 18
64439 95
64440 26
64482 44
64527 76
64556 21
64593 70
64618 85
64659 91
64703 5
64732 13
64774 41
64785 6
64788 66
64792 75
64806 10
64826 110
64835 21
64846 33
64875 13
64892 16
64934 82
64937 26
64977 97
64992 84
65012 126
65050 64
65070 7
65100 11
65142 11
65158 121
65160 104
65202 126
65238 117
65251 38
65265 36
65310 59
65347 81
65370 55
65378 127
65395 45
65399 72
65435 69
65480 102
65492 81
65511 28
65540 97
65571 63
65594 13
65631 108
65648 112
65691 100
65710 92
65729 79
65766 120
65774 121
65790 116
65790 56
65792 72
65835 9
65874 31
65890 7
65903 120
65906 62
65912 35
65920 57
65946 71
65978 34
66003 13
66015 3
66052 37
66088 103
66107 62
66146 127
66188 125
66225 77
66255 43
66293 44
66320 24
66339 115
66354 21
66363 103
66363 123
66399 50
66409 16
66437 79
66482 61
66490 103
66523 127
66545 127
66590 12
66610 100
66616 30
66638 122
66672 124
66706 91
66706 32
66714 2
66755 43
66775 100
66820 29
66845 92
66881 39
66919 126
66964 115
66977 102
67018 84
67020 29
67058 13
67074 109
67076 97
67081 65
67111 63
67155 96
67163 97
67170 105
67215 121
67259 111
67265 39
67267 23
67305 40
67327 5
67359 41
67398 49
67432 64
67470 118
67472 112
67472 11
67477 95
67479 124
67480 44
67521 45
67544 38
67546 4
67570 44
67570 93
67573 54
67573 39
67615 109
67658 57
67673 71
67690 67
67734 60
67757 40
67797 113
67815 78
67822 22
67862 19
67868 105
67893 73
67913 56
67944 120
67973 125
68012 18
68049 78
68085 120
68113 99
68152 36
68177 101
68200 2
68234 36
68258 94
68264 65
68295 117
68336 111
68355 35
68386 67
68401 36
68436 10
68463 16
68500 93
68504 46
68518 84
68544 15
68557 88
68594 50
68598 92
68617 86
68659 57
68670 11
68712 15
68722 6
68761 92
68776 103
68788 69
68803 123
68833 109
68841 5
68872 125
68909 45
68932 31
68956 20
68960 55
68998 23
69031 121
69049 11
69079 2
69100 65
69134 107
69142 23
69168 104
69188 7
69204 87
69222 113
69233 15
69250 3
69259 124
69267 4
69307 25
69340 124
69375 27
69407 37
69436 123
69469 20
69485 114
69513 102
69557 107
69565 122
69568 58
69593 88
69616 36
69624 66
69669 98
69700 34
69737 106
69739 62
69779 75
69794 97
69812 93
69814 118
69843 20
69881 62
69883 79
69888 111
69895 114
69919 18
69953 93
69979 89
70006 62
70008 104
70008 50
70021 55
70046 113
70059 82
70104 21
70115 114
70136 24
70176 10
70209 38
70211 121
70217 117
70248 53
70253 102
70266 27
70293 89
70335 81
70352 50
70359 102
70387 123
70403 2
70404 65
70436 22
70460 80
70470 105
70497 61
70500 118
70520 49
70543 86
70550 100
70556 9
70561 54
70568 57
70588 68
70605 121
70607 95
70652 88
70658 14
70699 107
70711 121
70711 7
70746 110
70785 34
70790 24
70818 85
70844 104
70872 115
70875 53
70884 63
70896 42
70899 3
70930 4
70949 23
70990 57
71029 25
71036 39
71054 49
71085 80
71100 101
71118 33
71134 99
71154 73
71187 3
71204 91
71225 54
71255 15
71294 118
71317 98
71331 125
71367 74
71409 98
71442 27
71462 90
71491 90
71504 114
71535 67
71578 4
71586 37
71629 9
71670 120
71686 26
71719 82
71757 44
71772 120
71786 26
71828 121
71869 31
71903 83
71920 3
71930 127
71941 33
71972 33
71987 17
71990 96
71999 26
72003 65
72021 67
72030 8
72057 20
72084 6
72095 58
72115 114
72135 101
72180 126
72210 50
72250 77
72253 77
72280 31
72320 117
72332 33
72374 22
72384 87
72408 21
72411 125
72445 52
72485 2
72490 8
72505 122
72540 110
72567 4
72589 52
72624 103
72650 99
72659 105
72688 108
72707 86
72711 107
72743 90
72744 61
72767 99
72798 44
72841 118
72879 88
72915 59
72940 25
72972 39
73015 31
73048 114
73062 88
73080 100
73115 80
73142 25
73161 65
73199 87
73220 3
73224 117
73268 66
73310 9
73311 36
73341 72
73352 115
73397 18
73400 50
73438 33
73451 64
73480 51
73517 123
73522 110
73560 116
73579 64
73583 59
73611 61
73631 21
73646 110
73682 27
73710 41
73723 80
73731 9
73769 12
73770 121
73813 43
73819 125
73854 83
73878 60
73909 60
73938 49
73955 91
73961 20
74003 98
74047 110
74067 96
74097 11
74106 27
74131 6
74132 67
74170 47
74212 83
74239 96
74282 86
74294 81
74296 1
74299 114
74328 100
74328 52
74328 74
74353 97
74385 30
74401 19
74403 116
74415 27
74440 56
74441 118
74479 108
74495 55
74511 48
74548 100
74566 36
74566 12
74596 70
74606 78
74636 56
74666 27
74704 105
74713 100
74743 25
74775 117
74802 88
74815 56
74823 62
74824 62
74860 121
74890 5
74927 68
74933 28
74970 75
74999 89
75011 109
75042 33
75061 46
75100 7
75118 4
75119 111
75135 1
75138 61
75182 125
75210 95
75214 12
75237 73
75261 125
75268 45
75293 61
75317 70
75356 5
75394 27
75426 126
75456 40
75492 26
75502 51
75510 121
75536 99
75570 124
75601 102
75632 69
75664 102
75692 35
75693 121
75727 20
75731 121
75765 18
75796 20
75797 74
75812 116
75820 14
75843 24
75874 35
75904 36
75919 87
75934 122
75937 53
75982 60
75989 56
76031 98
76061 4
76063 116
76104 92
76130 3
76134 88
76162 105
76163 101
76173 59
76204 94
76248 43
76269 53
76300 57
76325 77
76331 42
76340 92
76362 81
76374 111
76380 115
76401 44
76430 51
76434 16
76452 84
76467 77
76503 53
76546 126
76563 101
76597 23
76600 66
76631 94
76657 49
76697 74
76740 62
76743 58
76745 51
76745 46
76786 44
76795 49
76795 70
76804 88
76835 56
76835 103
76835 72
76841 59
76849 52
76867 117
76908 44
76951 3
76964 18
77005 66
77044 19
77062 92
77062 105
77092 33
77093 101
77107 116
77109 15
77126 20
77149 112
77160 45
77189 122
77193 85
77222 67
77227 115
77247 56
77254 86
77264 73
77298 120
77335 66
77379 8
77415 47
77441 101
77476 31
77482 84
77524 92
77543 64
77559 80
77583 32
77586 21
77590 92
77615 86
77635 124
77635 98
77641 82
77675 126
77688 25
77710 97
77715 80
77731 123
77760 12
77796 78
77822 67
77858 108
77903 125
77929 23
77957 105
77986 45
78026 112
78035 117
78046 77
78080 25
78118 70
78154 123
78167 108
78204 33
78238 37
78244 119
78271 51
78284 122
78325 95
78346 54
78352 115
78370 71
78383 5
78385 116
78426 47
78449 102
78478 92
78515 44
78526 45
78547 125
78578 76
78597 80
78606 28
78625 35
78644 57
78674 103
78714 56
78749 104
78751 124
78764 58
78790 116
78803 21
78828 107
78844 51
78882 10
78882 35
78916 49
78920 58
78935 91
78953 106
78978 33
79014 113
79054 34
79098 103
79120 96
79125 95
79158 83
79180 70
79195 63
79207 40
79213 110
79214 43
79238 109
79251 19
79265 21
79297 22
79308 121
79324 74
79329 80
79342 29
79361 17
79365 43
79388 30
79416 126
79421 52
79463 68
79486 39
79503 96
79508 74
79524 87
79557 84
79594 12
79630 79
79663 75
79681 112
79718 54
79747 118
79788 80
79802 82
79837 53
79872 61
79873 39
79906 98
79908 100
79946 109
79954 44
79964 43
79965 45
80002 87
80032 102
80051 122
80063 127
80072 95
80105 58
80111 89
80134 9
80166 93
80182 27
80209 89
80228 99
80252 64
80256 84
80264 69
80290 102
80333 37
80369 73
80381 45
80392 28
80410 13
80417 44
80417 57
80427 65
80452 121
80483 120
80483 119
80514 31
80517 40
80562 32
80607 63
80623 23
80635 117
80674 40
80676 93
80680 49
80709 66
80745 30
80757 95
80793 19
80813 55
80852 126
80894 35
80898 2
80930 79
80949 92
80964 125
80971 3
80981 26
81004 119
81024 67
81027 20
81027 111
81042 34
81079 122
81088 70
81090 49
81126 67
81128 3
81170 27
81213 98
81218 31
81231 31
81236 52
81246 113
81284 100
81286 109
81322 93
81323 81
81332 30
81371 5
81378 38
81392 104
81427 60
81433 17
81438 117
81442 101
81463 28
81480 118
81480 56
81509 85
81509 88
81511 122
81540 119
81573 77
81594 49
81600 75
81642 85
81680 37
81712 15
81724 110
81763 64
81794 85
81805 104
81827 34
81851 112
81885 75
81885 67
81896 124
81910 34
81919 102
81947 107
81952 122
81979 77
81985 121
81993 60
82000 15
82036 76
82048 3
82072 23
82093 40
82121 71
82140 41
82159 73
82194 45
82196 90
82234 4
82271 88
82304 97
82342 18
82355 122
82361 51
82368 105
82384 61
82397 74
82409 10
82454 72
82468 79
82486 89
82504 42
82506 28
82513 70
82539 30
82564 94
82602 76
82610 8
82618 62
82657 94
82688 30
82704 119
82727 78
82768 112
82795 83
82808 117
82810 71
82829 13
82850 111
82872 38
82877 82
82889 28
82889 27
82934 46
82935 64
82973 59
82994 88
83005 16
83048 29
83074 97
83110 99
83131 13
83175 35
83198 55
83214 58
83217 122
83255 27
83276 12
83312 17
83348 36
83383 43
83403 37
83416 30
83437 81
83443 41
83461 94
83470 2
83479 71
83509 15
83513 52
83530 118
83552 2
83575 98
83617 15
83617 125
83628 30
83639 65
83677 5
83679 99
83700 121
83704 62
83728 64
83759 26
83762 68
83800 124
83803 39
83833 123
83849 35
83870 49
83902 66
83925 9
83927 32
83972 97
83989 92
84004 115
84009 33
84042 76
84053 73
84054 59
84065 5
84100 11
84126 37
84163 48
84166 124
84197 81
84216 121
84225 78
84254 61
84299 9
84299 116
84321 63
84356 120
84359 81
84364 92
84396 25
84417 54
84431 35
84435 119
84441 109
84449 30
84456 115
84490 35
84530 37
84531 13
84531 15
84539 84
84556 84
84584 24
84607 53
84639 93
84649 10
84658 14
84671 79
84716 116
84722 29
84766 109
84782 37
84784 109
84825 99
84844 15
84851 67
84857 64
84902 105
84904 6
84932 68
84977 17
84994 62
85039 42
85054 10
85057 31
85094 54
85111 2
85119 55
85139 78
85181 81
85184 16
85196 95
85228 38
85270 6
85302 113
85327 76
85341 61
85367 57
85394 64
85419 114
85438 110
85439 96
85443 38
85479 20
85488 99
85528 13
85557 31
85560 40
85602 11
85615 124
85655 70
85660 53
85679 88
85694 118
85705 86
85728 119
85758 59
85789 85
85825 99
85827 18
85831 98
85865 75
85899 40
85922 76
85923 77
85951 2
85985 62
86011 90
86040 85
86074 67
86109 100
86112 91
86145 1
86168 88
86173 67
86198 82
86222 28
86247 71
86260 111
86295 112
86310 32
86315 60
86331 90
86331 41
86343 126
86349 54
86394 99
86406 38
86421 85
86460 127
86503 50
86533 31
86551 24
86591 7
86629 23
86669 62
86712 124
86725 103
86745 66
86752 45
86777 61
86798 41
86831 13
86844 122
86875 68
86908 95
86912 91
86925 64
86942 11
86974 69
87008 107
87042 63
87084 43
87127 13
87171 62
87179 110
87197 115
87222 57
87230 20
87236 125
87266 107
87309 50
87313 77
87316 59
87328 90
87343 38
87367 92
87372 85
87378 50
87419 116
87423 25
87451 23
87456 11
87459 56
87473 110
87479 78
87515 73
87546 118
87572 95
87604 107
87646 25
87655 56
87673 56
87715 122
87715 2
87736 126
87780 86
87784 98
87819 73
87845 3
87857 113
87857 84
87894 1
87939 18
87984 11
88016 108
88061 86
88093 7
88136 127
88140 85
88176 8
88182 10
88225 5
88257 6
88279 45
88322 46
88350 118
88394 40
88420 61
88455 49
88472 81
88488 68
88518 116
88528 52
88539 26
88553 115
88576 40
88620 29
88643 107
88653 78
88657 76
88676 22
88689 103
88693 116
88716 95
88751 3
88780 38
88789 16
88824 10
88827 21
88852 5
88890 45
88918 81
88921 30
88940 68
88956 5
88974 33
88980 45
88997 90
89004 104
89023 51
89052 49
89052 8
89056 89
89057 5
89070 3
89077 106
89117 12
89119 56
89143 74
89144 64
89188 117
89209 26
89213 84
89231 111
89245 92
89251 39
89264 3
89272 93
89313 65
89351 103
89392 55
89420 70
89435 73
89447 102
89471 56
89479 58
89489 81
89506 116
89543 6
89565 86
89572 127
89579 75
89591 58
89599 5
89611 43
89616 6
89637 33
89639 106
89681 84
89705 118
89728 57
89736 16
89777 70
89813 66
89854 3
89859 53
89880 119
89894 91
89918 99
89918 9
89924 14
89940 107
89955 118
90000 116
90029 4
90051 81
90062 28
90072 88
90113 84
90140 7
90149 60
90150 88
90192 73
90220 104
90223 11
90245 22
90253 32
90291 42
90301 73
90334 64
90358 87
90395 12
90430 105
90433 19
90448 73
90450 55
90453 126
90471 64
90487 62
90495 34
90497 14
90523 72
90536 106
90551 36
90577 41
90599 81
90611 40
90614 121
90627 95
90660 48
90666 87
90669 73
90684 27
90700 7
90705 38
90726 97
90742 115
90785 72
90798 32
90838 39
90873 84
90891 50
90911 45
90927 80
90930 67
90939 106
90957 57
90962 16
90972 41
90977 4
90988 72
91028 99
91059 8
91082 10
91116 74
91140 66
91151 8
91160 62
91160 75
91199 93
91207 116
91225 126
91265 110
91303 54
91304 113
91325 124
91359 34
91361 74
91370 71
91381 1
91406 107
91450 55
91462 4
91473 71
91516 68
91528 99
91553 99
91575 106
91577 8
91602 121
91624 68
91668 34
91690 70
91692 42
91725 13
91770 29
91803 34
91822 66
91842 76
91875 117
91893 53
91907 76
91925 12
91944 38
91984 16
92028 23
92065 16
92101 97
92106 30
92127 3
92146 92
92156 105
92182 126
92189 96
92193 94
92228 99
92237 95
92240 116
92279 76
92281 66
92287 121
92301 107
92320 80
92349 5
92382 80
92410 43
92421 1
92459 124
92501 124
92527 124
92537 72
92579 39
92591 85
92626 37
92665 29
92675 30
92681 37
92706 73
92740 113
92776 26
92791 27
92797 42
92821 20
92823 11
92859 78
92864 71
92872 57
92906 119
92934 126
92941 106
92971 47
92978 82
93008 26
93030 12
93038 98
93063 113
93082 91
93106 28
93113 80
93125 42
93130 12
93170 43
93181 122
93221 39
93257 66
93282 109
93291 13
93298 58
93325 17
93335 57
93339 101
93366 100
93402 64
93446 120
93488 58
93506 61
93527 35
93566 126
93567 51
93597 43
93637 86
93660 35
93691 20
93691 127
93731 97
93769 17
93798 10
93798 76
93813 74
93824 75
93837 26
93855 81
93896 52
93919 15
93963 82
93982 117
94017 3
94059 25
94102 62
94119 108
94141 65
94168 21
94173 23
94202 11
94246 39
94279 94
94316 55
94326 87
94346 56
94350 4
94377 16
94389 96
94418 41
94453 31
94495 46
94503 73
94546 68
94586 126
94590 41
94606 28
94619 11
94628 127
94644 16
94689 62
94719 127
94724 125
94753 27
94786 16
94805 27
94833 89
94864 33
94864 88
94881 70
94891 44
94916 49
94925 111
94954 122
94971 97
95004 73
95035 105
95069 88
95087 74
95104 45
95109 24
95117 68
95120 71
95141 29
95178 95
95184 33
95196 10
95220 83
95250 81
95281 104
95291 105
95303 116
95312 113
95328 90
95340 114
95368 68
95377 102
95405 89
95436 7
95461 37
95469 3
95498 60
95511 81
95517 7
95536 73
95578 29
95578 127
95609 45
95631 25
95647 85
95690 93
95698 22
95705 77
95725 106
95741 17
95781 1
95824 119
95841 106
95874 109
95900 43
95910 89
95932 20
95933 46
95942 27
95978 121
95990 114
96034 42
96061 84
96082 57
96106 105
96142 58
96146 34
96162 26
96199 9
96236 34
96267 35
96272 65
96281 103
96317 87
96346 31
96359 88
96379 22
96389 108
96426 66
96461 75
96461 66
96467 46
96477 109
96514 1
96552 38
96571 56
96593 59
96637 60
96665 109
96669 71
96674 122
96681 62
96681 125
96717 72
96761 47
96800 113
96831 25
96861 46
96875 123
96891 38
96935 69
96953 69
96961 116
97004 24
97032 66
97062 90
97101 58
97125 42
97138 62
97171 125
97172 35
97180 67
97208 47
97251 88
97291 120
97322 36
97361 9
97383 35
97391 94
97409 80
97438 23
97443 123
97471 2
97485 45
97498 97
97540 58
97564 18
97579 27
97598 114
97623 18
97668 123
97678 117
97707 77
97719 121
97734 64
97735 52
97756 100
97779 7
97819 5
97832 106
97867 27
97869 83
97888 42
97916 113
97921 86
97940 119
97948 24
97963 39
97972 107
97994 102
98026 11
98031 83
98043 71
98083 91
98121 50
98162 45
98200 59
98215 5
98248 68
98262 71
98305 126
98314 80
98329 109
98353 59
98379 98
98380 66
98409 14
98441 117
98447 120
98480 44
98508 8
98536 33
98548 62
98557 40
98558 36
98561 71
98588 22
98632 92
98632 84
98637 8
98664 102
98693 33
98698 48
98733 23
98746 76
98763 62
98763 21
98795 35
98811 25
98850 52
98867 45
98891 91
98895 69
98914 43
98944 117
98944 119
98948 43
98987 46
98995 97
99035 60
99047 66
99052 108
99087 12
99130 50
99133 3
99142 30
99177 123
99186 15
99226 55
99269 108
99282 113
99317 29
99362 112
99362 2
99368 58
99412 58
99441 76
99472 27
99515 56
99529 121
99536 30
99573 8
99598 115
99625 6
99666 60
99701 3
99722 66
99727 17
99763 51
99780 92
99822 64
99837 12
99870 97
99894 55
99935 91
99940 25
99958 59
99978 11
99984 45
99998 118
100015 57
100039 98
100060 74
100086 97
100097 68
100128 90
100147 55
100182 16
100211 115
100241 28
100255 56
100300 59
100323 21
100341 118
100378 34
100404 63
100440 42
100479 122
100517 74
100558 73
100568 15
100577 52
100620 112
100648 52
100669 83
100709 69
100751 24
100781 84
100796 124
100814 92
100856 51
100869 115
100885 84
100924 121
100966 1
100979 30
101015 127
101017 59
101037 83
101057 10
101061 39
101101 110
101116 13
101127 85
101163 6
101208 67
101214 34
101223 101
101229 38
101240 46
101273 1
101293 83
101304 89
101316 32
101359 88
101377 121
101402 102
101417 117
101458 48
101458 16
101498 115
101508 49
101521 34
101561 23
101594 61
101610 40
101612 60
101623 110
101651 70
101655 91
101673 49
101698 55
101726 27
101770 104
101773 85
101812 123
101834 24
101851 37
101884 10
101924 121
101934 115
101971 120
101976 35
101989 81
102017 84
102023 41
102050 111
102052 74
102079 28
102121 91
102128 3
102134 110
102159 67
102197 13
102232 111
102239 121
102276 106
102310 82
102330 99
102336 52
102337 45
102350 5
102377 76
102401 116
102430 38
102460 89
102468 126
102499 77
102513 101
102539 73
102582 22
102587 59
102603 107
102621 28
102628 122
102662 82
102690 84
102708 11
102731 6
102734 62
102767 6
102788 34
102795 61
102837 76
102868 35
102888 91
102902 78
102920 60
102959 1
103004 4
103016 82
103037 56
103044 94
103071 70
103112 73
103123 16
103158 61
103190 8
103215 15
103236 64
103248 50
103255 106
103293 94
103315 52
103328 2
103350 121
103382 115
103421 98
103455 105
103498 27
103509 51
103517 78
103552 88
103570 14
103595 95
103615 3
103625 108
103659 118
103690 18
103731 45
103768 81
103771 34
103785 49
103827 6
103850 19
103864 93
103898 95
103910 103
103910 75
103938 49
103946 105
103983 48
104005 86
104012 122
104040 86
104041 26
104079 22
104116 74
104157 16
104177 13
104215 105
104237 46
104263 22
104306 23
104319 62
104360 104
104374 52
104384 59
104429 22
104459 81
104472 126
104479 118
104508 39
104553 31
104555 15
104556 32
104571 55
104579 7
104610 34
104650 17
104687 69
104691 102
104726 102
104739 83
104768 120
104786 31
104791 6
104814 47
104850 110
104874 56
104887 110
104888 80
104905 116
104930 97
104968 109
104997 62
105013 77
105016 126
105028 101
105038 45
105038 101
105070 8
105095 64
105139 67
105148 98
105171 46
105207 65
105230 99
105271 85
105285 83
105289 4
105292 16
105304 107
105347 39
105357 84
105378 106
105397 81
105422 55
105453 17
105456 24
105488 39
105497 80
105499 40
105510 74
105512 119
105526 120
105561 24
105570 81
105590 99
105622 1
105663 87
105688 89
105726 79
105735 106
105776 57
105792 96
105830 58
105873 117
105900 9
105918 14
105922 88
105922 119
105949 4
105972 97
105995 79
106010 37
106047 83
106085 19
106103 13
106126 50
106147 108
106181 101
106193 34
106195 109
106212 36
106232 21
106253 91
106274 8
106313 89
106346 83
106363 54
106367 25
106377 68
106396 81
106400 31
106430 28
106472 58
106510 100
106527 80
106542 75
106547 73
106547 97
106566 97
106578 45
106611 47
106634 49
106638 61
106670 113
106705 7
106734 101
106738 26
106757 86
106788 110
106816 67
106835 97
106846 54
106849 4
106885 98
106914 102
106914 28
106924 95
106938 94
106960 15
106970 62
106981 20
106983 7
106996 21
107014 40
107028 45
107038 70
107078 100
107095 116
107106 95
107142 124
107182 107
107226 121
107230 98
107241 106
107286 44
107315 52
107333 96
107378 124
107391 99
107414 23
107447 74
107469 38
107469 11
107500 4
107512 59
107520 101
107537 121
107574 53
107601 80
107628 72
107653 116
107696 75
107708 14
107749 16
107776 65
107777 26
107820 51
107828 48
107869 17
107889 61
107922 83
107940 3
107961 99
107986 20
108016 81
108049 2
108092 33
108096 101
108114 55
108158 3
108199 36
108242 104
108284 123
108297 94
108306 71
108346 97
108355 28
108384 22
108384 110
108407 99
108447 48
108468 91
108480 90
108519 82
108538 40
108556 95
108576 59
108604 125
108630 30
108660 79
108675 114
108675 72
108692 6
108737 32
108763 43
108768 25
108771 36
108794 117
108797 31
108838 124
108881 79
108912 123
108925 68
108944 28
108954 20
108987 65
108998 34
109004 30
109024 26
109036 104
109055 76
109090 102
109111 9
109116 93
109148 72
109186 46
109202 27
109203 19
109235 28
109272 7
109289 46
109329 105
109361 47
109394 43
109425 25
109453 98
109465 23
109467 24
109492 23
109502 1
109541 21
109561 31
109593 41
109631 50
109659 126
109680 67
109725 1
109740 106
109785 41
109830 105
109875 123
109885 11
109889 40
109919 42
109956 120
109967 73
109977 127
109989 86
110021 73
110045 58
110062 28
110073 43
110091 54
110096 12
110114 125
110118 59
110157 93
110199 9
110201 34
110232 40
110274 38
110280 86
110286 85
110331 108
110374 51
110416 80
110425 104
110458 77
110467 47
110467 31
110506 24
110529 74
110563 72
110579 58
110581 98
110581 8
110597 124
110617 118
110639 69
110671 122
110676 85
110695 27
110704 117
110746 51
110782 18
110802 29
110813 78
110832 58
110838 117
110870 59
110870 77
110890 116
110899 120
110914 12
110921 113
110930 27
110974 49
110989 63
111017 6
111027 45
111049 2
111065 89
111068 125
111079 20
111087 72
111095 10
111139 18
111151 28
111159 78
111170 54
111203 110
111242 87
111285 35
111304 109
111323 69
111325 45
111331 89
111375 34
111389 12
111431 13
111469 51
111482 67
111494 76
111539 101
111556 83
111558 7
111576 62
111620 58
111652 35
111677 88
111719 51
111747 93
111778 22
111791 108
111817 119
111824 43
111840 100
111843 35
111869 49
111901 29
111906 67
111923 96
111933 20
111934 85
