12 100
19 32
52 5
66 56
104 73
121 92
163 93
196 30
241 34
246 58
282 74
315 20
316 28
355 24
396 39
399 80
436 35
459 37
487 86
498 4
517 60
532 57
563 4
600 14
615 101
654 91
683 75
702 12
735 51
765 52
779 23
820 14
834 103
841 126
856 72
888 10
913 95
939 56
973 62
990 1
1014 125
1022 102
1038 7
1054 53
1062 94
1067 100
1092 16
1100 125
1111 63
1136 57
1149 48
1158 1
1158 51
1185 38
1198 75
1229 33
1229 104
1274 80
1302 64
1307 54
1347 119
1358 126
1360 27
1396 127
1418 114
1435 3
1441 13
1474 75
1492 118
1506 50
1515 2
1540 98
1576 94
1614 76
1623 85
1648 36
1657 121
1686 124
1727 83
1745 75
1747 45
1759 32
1765 34
1768 34
1775 101
1812 29
1845 43
1867 120
1905 33
1913 88
1931 121
1943 75
1984 7
2002 97
2009 84
2037 80
2039 30
2041 104
2079 96
2110 96
2110 85
2114 55
2120 33
2134 2
2141 109
2149 114
2187 31
2213 37
2244 73
2270 24
2281 82
2295 68
2315 12
2347 56
2352 102
2354 18
2369 126
2378 18
2381 78
2392 37
2417 60
2459 83
2500 87
2509 22
2532 116
2538 6
2576 29
2590 74
2630 6
2662 61
2696 51
2720 14
2756 22
2757 112
2773 3
2810 62
2822 70
2847 11
2871 87
2874 84
2887 36
2896 44
2937 31
2937 116
2959 19
2984 124
3002 126
3047 39
3053 26
3089 72
3095 29
3107 39
3144 125
3189 5
3199 59
3199 42
3211 90
3255 39
3261 120
3290 17
3326 59
3362 119
3377 116
3407 46
3452 127
3465 95
3504 24
3521 14
3525 63
3565 55
3592 55
3630 60
3674 52
3702 103
3734 35
3753 116
3766 100
3771 51
3790 41
3825 85
3832 28
3865 25
3877 109
3905 47
3934 11
3967 70
3977 81
3990 30
4014 20
4035 11
4042 80
4084 47
4106 118
4141 109
4172 87
4193 19
4198 36
4241 113
4253 59
4260 108
4290 77
4317 64
4353 8
4375 96
4383 126
4417 103
4453 99
4481 104
4526 117
4527 88
4527 86
4570 66
4581 74
4607 123
4632 122
4648 69
4682 114
4702 125
4729 44
4768 109
4782 111
4806 44
4806 48
4831 123
4861 125
4895 81
4908 79
4939 68
4940 53
4972 42
4980 87
5022 65
5055 74
5082 85
5104 10
5140 82
5157 6
5179 47
5222 104
5250 53
5285 82
5312 73
5351 108
5388 102
5412 46
5430 47
5434 98
5469 21
5498 51
5535 31
5535 93
5561 84
5583 121
5624 91
5631 27
5664 16
5670 30
5705 67
5717 117
5739 93
5779 19
5800 86
5830 107
5848 99
5863 111
5866 86
5904 86
5915 61
5919 95
5962 35
5998 121
6006 65
6016 117
6026 127
6065 101
6065 4
6098 28
6142 82
6150 68
6158 92
6181 97
6207 44
6215 64
6220 14
6260 25
6305 104
6313 99
6342 65
6379 84
6404 73
6435 88
6466 94
6479 75
6499 121
6518 12
6556 124
6577 127
6588 17
6629 125
6657 126
6696 27
6732 46
6752 87
6754 42
6757 59
6767 100
6775 7
6788 82
6832 49
6836 26
6862 42
6873 115
6878 84
6895 47
6935 27
6973 41
6987 113
7010 45
7035 95
7050 120
7079 73
7124 69
7130 28
7154 125
7169 120
7211 38
7242 117
7259 118
7289 77
7297 4
7310 10
7313 57
7336 119
7375 88
7377 16
7411 59
7454 44
7464 126
7504 100
7526 12
7561 51
7576 86
7581 63
7592 52
7623 33
7644 55
7645 37
7670 93
7690 116
7730 76
7757 37
7775 46
7816 9
7832 6
7836 38
7842 101
7846 82
7884 3
7909 14
7948 114
7983 127
7992 25
8026 94
8053 67
8091 110
8110 10
8143 86
8162 11
8202 64
8228 77
8268 75
8276 98
8290 26
8319 41
8324 50
8345 96
8373 53
8395 8
8404 95
8421 91
8422 51
8459 51
8466 11
8501 119
8531 1
8548 73
8554 57
8594 48
8617 24
8623 109
8627 121
8654 81
8656 97
8690 106
8709 61
8722 124
8762 38
8797 1
8813 56
8828 59
8869 109
8895 99
8909 16
8953 56
8973 21
9001 21
9038 80
9058 31
9067 7
9101 77
9110 34
9129 26
9166 7
9186 92
9186 34
9209 74
9225 74
9227 43
9235 45
9239 121
9280 23
9297 38
9322 13
9326 109
9362 74
9378 10
9414 126
9417 31
9455 16
9488 30
9531 93
9558 119
9603 65
9637 71
9649 42
9658 25
9664 100
9708 60
9722 5
9732 96
9748 31
9763 94
9791 69
9799 64
9801 95
9802 71
9847 79
9850 14
9874 111
9904 59
9924 11
9949 125
9951 23
9963 107
9969 100
9972 74
10004 3
10026 56
10054 47
10092 105
10093 22
10137 69
10178 102
10181 114
10193 99
10230 38
10233 97
10263 65
10294 121
10329 90
10354 100
10392 120
10422 50
10433 18
10433 88
10466 60
10485 91
10522 79
10549 74
10552 125
10557 107
10599 107
10624 82
10662 22
10667 84
10701 9
10735 7
10753 69
10789 101
10800 40
10823 60
10854 42
10890 109
10935 98
10968 66
11001 80
11046 94
11074 45
11090 92
11133 94
11147 72
11158 12
11171 75
11214 57
11216 53
11243 112
11283 64
11324 86
11326 34
11334 5
11378 40
11406 24
11441 98
11441 42
11454 107
11461 99
11472 7
11482 28
11502 46
11506 86
11541 22
11559 59
11590 47
11623 111
11657 54
11698 19
11721 79
11749 17
11760 19
11766 22
11801 10
11840 89
11860 87
11905 63
11913 65
11930 90
11953 125
11998 117
12033 97
12065 96
12100 25
12140 42
12184 118
12201 26
12214 8
12257 62
12293 20
12294 59
12333 71
12345 18
12363 27
12395 28
12399 112
12418 92
12463 58
12498 92
12506 80
12539 60
12563 59
12606 13
12651 100
12673 45
12682 119
12713 39
12744 54
12758 19
12791 27
12831 112
12862 108
12893 80
12913 80
12937 117
12961 118
12991 108
13009 13
13047 121
13058 115
13060 108
13099 73
13126 102
13130 28
13143 100
13150 95
13169 58
13197 55
13214 27
13226 116
13269 106
13285 2
13326 78
13333 77
13342 91
13378 44
13400 54
13409 71
13444 53
13462 4
13492 67
13493 6
13493 61
13506 82
13528 41
13556 109
13577 118
13620 50
13639 111
13653 127
13657 47
13674 117
13712 94
13753 49
13755 10
13781 95
13789 38
13811 22
13823 101
13849 54
13868 9
13887 121
13897 105
13909 38
13951 23
13960 39
13985 68
13993 26
14018 45
14024 13
14026 20
14033 49
14059 103
14101 111
14122 101
14144 74
14176 96
14213 26
14223 66
14252 30
14289 1
14318 22
14360 81
14397 9
14409 61
14444 123
14477 78
14519 77
14532 49
14572 65
14575 50
14618 65
14624 94
14649 21
14650 25
14682 7
14713 88
14721 24
14728 71
14754 122
14796 3
14824 76
14863 91
14908 78
14953 3
14960 68
14997 14
15012 25
15047 76
15055 86
15060 123
15074 9
15085 48
15102 104
15121 106
15152 10
15186 8
15208 69
15214 97
15229 82
15268 68
15296 115
15335 48
15346 102
15363 99
15385 107
15401 34
15436 118
15446 101
15479 95
15493 98
15502 16
15511 55
15545 83
15556 119
15566 60
15582 49
15593 79
15602 24
15613 111
15640 10
15672 119
15679 127
15708 59
15712 108
15738 118
15780 121
15821 45
15827 78
15846 26
15850 17
15891 75
15930 23
15946 97
15975 20
16005 124
16007 11
16022 41
16032 84
16077 22
16091 74
16100 121
16127 37
16162 21
16183 112
16188 30
16195 14
16223 67
16224 58
16266 73
16271 75
16291 108
16291 38
16320 75
16353 5
16366 111
16377 46
16380 3
16383 103
16408 66
16411 2
16421 67
16447 105
16492 62
16522 34
16553 56
16580 12
16611 50
16650 83
16673 45
16675 115
16676 26
16718 103
16757 85
16794 29
16819 72
16856 93
16893 70
16922 37
16925 7
16952 80
16983 119
16992 25
17037 64
17042 98
17056 56
17081 21
17095 45
17139 27
17178 83
17201 77
17236 11
17263 16
17286 88
17327 50
17351 105
17354 124
17364 98
17384 82
17392 56
17411 106
17418 13
17437 33
17447 99
17486 2
17496 70
17503 55
17521 11
17549 64
17584 105
17618 33
17632 4
17665 3
17710 18
17720 59
17721 69
17733 19
17757 115
17801 90
17836 116
17838 11
17845 120
17850 46
17868 51
17909 83
17913 96
17957 113
17986 71
18018 72
18057 97
18100 99
18109 84
18119 120
18156 2
18180 11
18206 91
18228 29
18246 27
18273 58
18288 34
18291 118
18295 42
18336 106
18380 19
18384 10
18419 123
18429 91
18469 19
18506 53
18550 44
18561 66
18570 107
18608 86
18644 47
18657 42
18699 13
18726 30
18744 20
18749 36
18788 120
18798 33
18829 120
18834 60
18879 127
18900 116
18906 92
18943 90
18975 18
19018 85
19042 17
19086 70
19095 127
19127 117
19134 107
19136 100
19174 62
19183 94
19225 10
19251 107
19262 18
19277 80
19278 22
19281 26
19281 76
19315 66
19323 5
19351 127
19387 100
19422 76
19437 115
19455 66
19493 61
19519 68
19522 28
19567 123
19580 89
19624 70
19637 44
19670 126
19703 8
19746 44
19769 20
19814 42
19816 54
19852 58
19881 98
19909 45
19930 93
19970 54
20007 89
20051 44
20078 39
20102 46
20141 60
20144 30
20173 84
20188 108
20232 58
20257 18
20258 5
20262 25
20302 108
20302 38
20311 127
20355 74
20399 17
20444 24
20451 12
20466 27
20496 19
20511 89
20519 107
20550 17
20573 98
20617 107
20632 68
20654 110
20672 101
20682 115
20721 5
20752 92
20772 26
20786 111
20821 66
20829 21
20840 22
20845 109
20888 47
20904 8
20935 127
20956 57
20977 77
21015 70
21033 43
21056 112
21093 55
21136 49
21147 92
21178 15
21212 27
21241 44
21268 71
21276 87
21281 50
21294 41
21329 16
21335 30
21380 93
21399 76
21418 100
21441 52
21458 116
21461 48
21498 44
21513 89
21544 113
21579 16
21607 40
21618 78
21645 33
21663 90
21708 80
21737 91
21774 79
21811 11
21816 123
21816 58
21848 114
21886 122
21928 102
21947 37
21964 35
21981 97
22023 72
22027 122
22072 117
22082 57
22114 41
22154 124
22178 96
22191 51
22220 68
22234 53
22248 23
22254 69
22270 71
22294 109
22308 10
22337 30
22351 59
22395 13
22405 78
22409 26
22438 16
22445 47
22449 117
22452 31
22454 52
22469 121
22504 57
22524 88
22560 119
22570 127
22615 108
22639 48
22647 20
22649 82
22686 31
22721 1
22728 118
22756 41
22761 52
22806 3
22832 94
22875 32
22886 3
22911 37
22931 60
22955 100
22964 35
22971 23
23013 3
23045 46
23067 71
23069 79
23097 23
23097 74
23101 122
23129 47
23169 57
23177 74
23194 46
23224 91
23228 66
23266 100
23268 4
23303 85
23319 64
23344 79
23377 25
23397 32
23442 112
23479 74
23494 110
23510 95
23525 78
23552 12
23596 107
23610 47
23625 92
23661 67
23663 97
23692 80
23693 63
23697 108
23709 119
23750 47
23765 59
23794 29
23818 33
23860 113
23896 77
23924 68
23953 81
23965 111
23985 104
24005 109
24026 65
24040 16
24064 34
24079 107
24082 15
24088 120
24094 90
24126 96
24159 111
24161 104
24168 106
24169 22
24183 25
24190 15
24226 34
24232 25
24271 87
24304 110
24328 109
24342 91
24379 71
24399 117
24426 67
24458 47
24484 62
24514 10
24521 113
24541 86
24541 46
24542 34
24578 127
24586 50
24595 14
24629 106
24630 8
24631 61
24637 40
24644 124
24653 21
24663 68
24677 5
24696 116
24715 43
24740 102
24758 107
24781 26
24783 3
24792 48
24833 66
24851 123
24865 108
24877 96
24914 79
24922 89
24940 12
24952 101
24972 104
24997 32
25030 114
25063 116
25097 43
25139 28
25153 55
25180 107
25182 72
25214 115
25226 73
25268 125
25306 65
25339 68
25348 8
25382 12
25408 99
25421 106
25437 27
25477 90
25499 58
25504 124
25525 98
25525 45
25529 29
25573 116
25574 40
25605 88
25606 16
25636 96
25659 8
25679 8
25723 90
25760 116
25772 33
25800 10
25828 39
25839 107
25839 52
25872 63
25895 2
25896 119
25906 12
25909 31
25946 36
25952 30
25964 72
25971 3
26013 103
26029 86
26065 36
26068 120
26086 107
26126 12
26146 122
26159 89
26159 47
26166 78
26174 65
26174 38
26190 74
26210 67
26223 66
26250 34
26288 93
26309 38
26337 119
26362 71
26381 81
26384 15
26386 67
26422 104
26427 9
26457 98
26458 99
26461 99
26465 59
26503 57
26544 88
26559 29
26600 14
26602 99
26612 37
26637 22
26675 105
26706 25
26736 30
26769 74
26775 56
26798 62
26822 58
26844 66
26877 13
26893 92
26934 95
26954 32
26958 8
26970 99
27006 54
27039 104
27054 48
27057 17
27076 68
27082 102
27095 127
27118 91
27148 95
27185 92
27227 74
27231 108
27246 42
27278 110
27318 52
27340 107
27373 38
27387 74
27407 117
27439 77
27474 5
27475 17
27509 103
27531 9
27544 19
27580 48
27611 120
27636 92
27640 76
27655 94
27695 43
27718 101
27758 32
27761 114
27780 25
27782 58
27805 80
27838 24
27862 4
27872 23
27906 96
27927 28
27933 55
27961 124
27970 40
28000 9
28027 109
28053 96
28077 124
28104 50
28130 98
28174 65
28178 29
28216 101
28258 34
28289 84
28305 10
28306 77
28340 31
28355 105
28377 17
28398 34
28422 31
28456 104
28501 32
28511 78
28541 60
28552 38
28592 35
28610 30
28624 48
28626 29
28653 42
28682 19
28709 38
28747 40
28774 22
28802 122
28817 106
28843 88
28860 121
28895 80
28924 80
28944 117
28967 67
28988 88
29000 113
29004 46
29016 41
29025 32
29056 8
29065 73
29098 12
29119 4
29154 41
29176 34
29181 89
29215 39
29252 3
29278 109
29281 56
29314 89
29314 87
29315 114
29327 120
29347 104
29366 99
29373 107
29375 106
29393 55
29418 90
29455 29
29460 1
29466 55
29495 63
29540 57
29578 11
29578 23
29584 64
29585 12
29609 9
29613 16
29622 123
29645 115
29667 82
29700 90
29739 72
29767 88
29806 123
29818 55
29838 1
29866 57
29886 79
29898 66
29933 114
29937 125
29956 93
29996 60
30029 90
30072 113
30111 13
30128 24
30169 31
30200 15
30221 76
30257 21
30268 14
30274 126
30291 33
30307 5
30307 84
30328 121
30371 92
30379 93
30413 92
30428 66
30451 109
30479 44
30494 22
30513 80
30538 56
30571 48
30611 23
30645 102
30654 114
30654 120
30682 100
30721 50
30757 61
30778 121
30816 6
30824 116
30830 2
30838 51
30860 99
30880 63
30925 125
30927 77
30937 116
30960 66
30982 117
31020 122
31055 123
31091 52
31118 67
31162 109
31169 36
31197 112
31215 14
31216 43
31226 19
31236 103
31281 43
31284 78
31302 73
31327 66
31339 3
31371 10
31392 101
31422 82
31449 116
31492 52
31525 5
31563 14
31580 118
31617 115
31638 33
31661 100
31682 89
31704 111
31716 93
31741 121
31742 32
31745 105
31745 26
31787 40
31802 61
31814 111
31849 77
31866 121
31886 123
31893 34
31911 25
31928 117
31941 49
31969 16
32009 66
32028 3
32067 72
32100 50
32137 83
32181 30
32189 50
32231 111
32240 124
32285 33
32310 55
32349 91
32350 74
32355 99
32368 105
32398 105
32406 17
32425 74
32464 9
32486 41
32493 84
32528 124
32570 14
32589 110
32616 124
32643 104
32645 67
32646 85
32658 21
32663 89
32706 114
32726 11
32726 70
32737 126
32748 95
32780 86
32805 23
32833 71
32854 89
32871 109
32903 39
32924 77
32924 65
32937 20
32946 122
32962 67
33003 34
33014 117
33055 6
33082 35
33103 87
33124 127
33159 10
33178 9
33196 58
33228 100
33238 53
33279 91
33287 10
33314 25
33347 124
33352 23
33357 41
33386 58
33403 75
33411 80
33411 94
33431 112
33446 88
33491 123
33515 122
33541 19
33576 20
33589 50
33621 84
33636 98
33655 69
33676 61
33707 119
33742 83
33767 99
33771 107
33796 18
33830 102
33845 24
33870 81
33874 51
33887 51
33897 22
33926 57
33955 86
33995 6
34016 10
34061 32
34081 40
34122 81
34131 46
34157 101
34175 102
34206 29
34243 31
34281 85
34316 43
34322 25
34343 121
34353 96
34389 102
34405 113
34435 49
34436 51
34452 82
34488 58
34491 7
34494 15
34524 26
34562 89
34566 67
34603 23
34628 26
34671 121
34689 22
34709 44
34735 79
34764 52
34783 58
34825 5
34862 43
34893 7
34903 126
34947 51
34953 2
34968 91
34999 65
35010 104
35039 123
35082 117
35120 89
35134 66
35172 85
35184 126
35223 114
35258 72
35300 75
35324 113
35364 107
35376 47
35409 63
35446 68
35476 121
35517 78
35519 94
35536 54
35541 42
35574 18
35592 21
35626 102
35631 118
35644 89
35676 80
35691 9
35716 55
35739 75
35769 78
35791 55
35796 65
35825 55
35833 92
35845 41
35864 70
35872 99
35888 51
35913 21
35943 83
35988 43
36021 49
36038 102
36069 68
36079 61
36114 53
36149 124
36151 79
36191 31
36229 84
36245 92
36276 46
36304 46
36321 7
36343 59
36380 30
36397 79
36403 111
36423 13
36423 100
36465 9
36493 6
36508 123
36535 26
36552 66
36575 115
36612 8
36633 15
36662 102
36682 13
36693 35
36701 15
36743 84
36749 111
36791 67
36830 68
36843 21
36869 37
36906 48
36937 41
36981 116
37014 119
37023 89
37032 86
37064 55
37064 124
37086 97
37093 64
37101 32
37127 30
37156 97
37165 105
37203 31
37203 112
37227 103
37267 12
37295 1
37340 58
37342 17
37369 120
37373 106
37389 60
37431 67
37431 34
37466 109
37481 116
37526 106
37566 48
37567 46
37606 90
37632 87
37658 67
37673 95
37711 11
37717 34
37722 38
37729 30
37743 36
37784 52
37817 117
37842 18
37867 7
37875 6
37905 61
37922 77
37962 24
37962 81
38002 48
38003 112
38047 29
38080 61
38081 15
38103 87
38111 54
38133 101
38138 45
38152 65
38178 26
38206 16
38241 114
38241 58
38246 1
38254 45
38268 117
38281 78
38285 39
38304 116
38325 17
38344 3
38355 42
38389 24
38404 84
38405 1
38410 79
38418 61
38419 21
38435 116
38480 25
38490 127
38529 126
38555 106
38558 49
38577 82
38595 53
38630 86
38641 46
38644 12
38684 56
38686 85
38730 18
38774 108
38801 84
38817 46
38860 120
38882 6
38887 3
38921 51
38944 33
38979 24
38996 43
39000 126
39014 59
39041 119
39071 35
39103 106
39122 124
39142 31
39183 45
39189 47
39228 91
39250 27
39254 109
39299 104
39318 82
39359 42
39368 1
39394 14
39430 22
39461 93
39498 37
39538 114
39562 71
39601 17
39642 62
39671 2
39707 36
39730 99
39730 117
39755 122
39773 120
39795 46
39819 124
39862 26
39864 30
39875 43
39920 84
39958 73
39984 5
40022 8
40024 13
40057 22
40067 122
40086 13
40125 28
40150 57
40150 84
40174 23
40210 108
40212 48
40223 58
40244 120
40285 6
40322 122
40360 74
40379 34
40409 117
40447 66
40447 44
40487 63
40501 34
40541 25
40551 23
40554 28
40567 26
40584 38
40620 115
40641 112
40675 62
40719 57
40758 115
40799 105
40837 126
40848 52
40867 107
40873 45
40912 74
40924 96
40953 33
40962 28
41005 3
41026 63
41057 44
41092 16
41101 102
41115 29
41156 66
41186 109
41228 63
41260 54
41265 73
41294 57
41303 46
41344 98
41388 119
41402 81
41429 112
41432 14
41463 60
41494 68
41496 30
41496 107
41503 31
41542 39
41554 55
41568 80
41578 103
41598 96
41606 15
41621 27
41652 115
41686 103
41702 35
41716 6
41721 101
41739 47
41752 34
41753 51
41777 82
41787 87
41788 61
41813 108
41827 127
41834 44
41844 72
41873 90
41882 87
41905 13
41912 1
41930 80
41937 91
41975 4
41977 57
42011 47
42041 76
42079 51
42085 13
42115 90
42116 20
42152 83
42188 110
42202 100
42229 120
42231 98
42271 61
42271 75
42297 48
42322 63
42354 99
42365 73
42409 104
42453 10
42485 121
42517 10
42560 15
42589 10
42629 25
42633 92
42646 83
42669 52
42706 15
42741 94
42746 17
42781 45
42800 113
42829 90
42862 69
42872 50
42898 45
42925 85
42928 117
42928 57
42948 91
42979 12
43013 105
43043 61
43045 120
43077 94
43116 126
43154 120
43187 69
43190 60
43233 103
43275 1
43280 91
43282 56
43299 126
43328 99
43356 18
43388 84
43411 31
43424 42
43462 97
43472 93
43472 42
43491 111
43518 108
43524 106
43537 56
43549 117
43573 124
43575 58
43578 114
43603 104
43612 110
43639 3
43657 62
43699 32
43713 127
43739 123
43747 108
43773 91
43804 99
43833 10
43869 53
43885 10
43894 16
43902 101
43910 42
43936 55
43967 81
44012 33
44024 14
44046 32
44083 115
44113 55
44148 91
44151 8
44190 31
44208 125
44242 4
44263 30
44293 117
44306 38
44333 125
44353 4
44365 103
44388 35
44400 113
44431 33
44438 52
44483 7
44504 92
44534 8
44565 4
44601 115
44605 127
44644 113
44664 34
44698 93
44712 75
44715 17
44732 98
44751 72
44753 98
44784 92
44784 60
44807 84
44808 103
44841 72
44875 101
44917 51
44920 85
44962 25
44990 96
45004 22
45048 124
45061 69
45073 80
45083 87
45126 127
45138 78
45146 102
45164 7
45200 18
45215 65
45244 10
45274 116
45275 88
45306 124
45334 77
45377 104
45407 5
45416 65
45418 66
45441 47
45463 112
45504 23
45507 73
45551 18
45589 34
45627 103
45650 27
45681 102
45718 104
45734 55
45755 7
45785 110
45820 105
45851 46
45866 29
45899 19
45935 39
45953 76
45967 13
45987 124
46003 123
46048 101
46056 79
46091 77
46131 90
46153 125
46173 22
46205 102
46226 93
46249 25
46272 111
46285 78
46312 41
46326 63
46334 49
46339 24
46355 3
46372 18
46400 80
46435 124
46471 121
46481 101
46487 81
46522 24
46557 64
46600 38
46616 52
46646 65
46668 126
46702 124
46735 7
46743 79
46782 11
46819 87
46856 109
46887 125
46919 98
46943 104
46952 61
46988 11
47014 91
47059 7
47071 38
47072 32
47110 104
47150 89
47169 126
47203 63
47237 125
47275 88
47289 32
47311 115
47356 47
47400 110
47421 91
47444 67
47474 50
47490 35
47524 27
47536 99
47557 66
47595 80
47631 53
47633 44
47669 6
47689 86
47719 50
47750 44
47782 42
47809 112
47853 50
47861 91
47877 120
47915 72
47959 90
47995 62
48027 124
48044 75
48084 51
48089 122
48113 104
48113 5
48139 51
48165 127
48207 17
48228 96
48239 35
48241 94
48248 124
48259 8
48262 3
48294 116
48308 88
48349 52
48375 115
48400 90
48432 40
48458 36
48486 80
48528 87
48533 120
48556 9
48564 122
48564 85
48571 82
48586 53
48619 85
48623 28
48644 112
48644 35
48670 79
48673 29
48699 6
48725 41
48737 92
48743 102
48782 91
48816 88
48821 72
48859 84
48876 14
48890 36
48910 76
48925 122
48945 8
48975 51
49015 124
49051 34
49058 23
49101 60
49133 104
49158 59
49193 52
49214 110
49249 89
49291 54
49293 122
49316 87
49327 90
49372 97
49406 27
49419 114
49460 26
49491 99
49536 38
49581 123
49615 24
49655 8
49681 123
49718 69
49732 88
49776 24
49816 29
49847 126
49891 96
49936 29
49939 40
49974 120
50005 123
50046 51
50062 11
50087 107
50116 50
50155 78
50180 67
50190 90
50202 31
50243 96
50249 40
50287 25
50322 59
50353 30
50397 78
50420 44
50435 97
50455 38
50493 19
50527 101
50545 102
50584 123
50589 95
50632 84
50649 97
50675 97
50700 15
50739 5
50777 4
50794 97
50824 55
50839 5
50852 106
50855 6
50867 52
50906 66
50914 122
50939 79
50983 106
51001 100
51025 41
51040 55
51074 74
51101 13
51118 95
51144 21
51185 22
51192 73
51195 44
51206 106
51231 29
51232 65
51249 23
51261 99
51279 126
51284 33
51286 105
51290 55
51301 20
51323 59
51358 24
51384 125
51398 35
51413 2
51424 44
51445 40
51479 105
51481 97
51488 110
51495 61
51515 59
51557 70
51583 117
51606 12
51609 93
51636 22
51655 122
51668 104
51690 53
51701 86
51726 122
51764 21
51787 68
51794 11
51810 27
51843 21
51881 41
51912 53
51936 68
51949 10
51966 56
51995 86
52032 34
52032 32
52037 68
52069 15
52071 102
52101 66
52118 18
52118 36
52137 99
52138 92
52172 13
52195 56
52195 114
52204 105
52237 33
52247 2
52286 28
52296 105
52336 117
52348 22
52381 113
52407 1
52452 14
52495 21
52516 120
52555 24
52567 124
52585 22
52599 79
52606 120
52640 94
52642 31
52687 107
52724 29
52766 59
52805 43
52835 11
52836 91
52855 58
52873 64
52886 90
52888 57
52901 68
52905 45
52940 35
52945 25
52972 32
52978 95
53005 48
53048 97
53084 73
53109 92
53118 30
53158 20
53192 70
53209 41
53210 14
53213 113
53227 79
53246 93
53250 41
53286 66
53314 57
53319 120
53355 39
53366 59
53386 104
53408 108
53414 79
53458 64
53475 18
53514 25
53555 32
53575 46
53601 79
53643 88
53651 102
53693 71
53719 20
53720 16
53755 71
53774 71
53775 95
53790 122
53793 38
53796 126
53822 71
53844 81
53883 112
53895 124
53902 19
53939 84
53966 65
53989 19
54007 3
54022 13
54047 112
54072 92
54092 63
54100 81
54137 34
54143 117
54183 34
54197 97
54203 111
54232 70
54254 37
54277 46
54322 44
54335 59
54337 39
54380 17
54402 118
54438 110
54465 101
54508 89
54552 20
54577 75
54587 72
54598 110
54640 61
54669 36
54679 62
54708 101
54732 108
54773 6
54808 96
54848 42
54880 108
54922 108
54929 82
54941 34
54942 47
54946 111
54974 10
54985 38
55022 119
55067 105
55106 121
55128 125
55156 62
55177 93
55183 68
55211 22
55246 40
55260 116
55305 36
55338 17
55350 114
55395 107
55402 44
55441 18
55459 15
55493 119
55531 51
55538 75
55580 42
55588 96
55599 118
55629 72
55633 121
55665 3
55702 124
55717 56
55722 54
55746 53
55746 80
55747 86
55778 106
55804 75
55824 89
55842 19
55877 69
55882 86
55927 66
55966 77
55968 5
55973 97
55997 33
56000 112
56024 33
56044 2
56083 59
56118 107
56144 50
56186 61
56195 57
56225 33
56260 86
56281 9
56300 113
56319 73
56361 48
56367 29
56384 43
56401 81
56418 65
56461 104
56486 58
56525 14
56534 91
56571 86
56579 116
56602 42
56646 70
56685 88
56690 104
56712 10
56746 46
56757 101
56801 94
56811 20
56821 120
56841 91
56848 114
56873 79
56904 19
56934 93
56938 84
56971 80
57011 107
57048 96
57082 7
57091 62
57095 125
57100 7
57130 92
57161 94
57202 78
57226 13
57258 114
57294 40
57319 103
57327 94
57329 24
57369 34
57412 46
57444 7
57455 102
57465 104
57477 74
57508 44
57518 109
57558 121
57589 26
57632 63
57674 95
57680 11
57688 23
57694 121
57700 33
57729 92
57761 37
57784 53
57793 27
57833 105
57849 61
57883 92
57892 93
57924 80
57951 28
57953 15
57985 127
58029 18
58031 69
58031 100
58043 9
58063 105
58098 32
58117 64
58142 125
58160 29
58205 37
58234 35
58261 47
58269 114
58276 20
58279 87
58300 55
58305 110
58308 109
58341 91
58361 100
58396 56
58402 96
58427 4
58442 25
58449 29
58493 95
58510 4
58551 124
58563 119
58564 82
58566 92
58579 110
58617 95
58630 118
58670 81
58677 119
58717 35
58721 23
58730 67
58749 89
58769 118
58814 49
58841 21
58875 86
58879 3
58907 26
58907 2
58948 107
58987 66
59022 99
59048 109
59089 97
59114 122
59135 36
59155 110
59177 36
59220 96
59224 7
59247 103
59247 20
59281 63
59316 90
59348 46
59360 13
59391 15
59433 57
59475 83
59505 108
59526 58
59537 72
59564 29
59581 94
59604 74
59625 78
59655 22
59694 63
59720 8
59740 76
59776 74
59796 32
59796 14
59823 83
59858 89
59885 53
59930 103
59951 23
59978 17
60021 24
60033 4
60047 108
60080 14
60086 89
60127 20
60167 86
60212 114
60252 106
60281 38
60287 82
60320 93
60333 22
60358 116
60383 22
60418 6
60447 92
60487 108
60525 35
60527 51
60554 116
60555 37
60595 115
60611 64
60632 49
60671 67
60714 107
60755 120
60800 72
60844 4
60889 109
60923 126
60956 20
60963 122
60994 69
61034 4
61056 110
61064 49
61085 47
61089 38
61100 96
61130 3
61132 111
61140 65
61176 90
61190 116
61230 39
61266 106
61293 113
61326 19
61335 115
61362 31
61407 115
61429 10
61474 41
61486 61
61491 103
61510 121
61519 8
61547 83
61587 77
61627 24
61643 106
61683 1
61699 110
61702 118
61707 48
61717 22
61753 126
61767 97
61789 5
61806 61
61848 8
61851 101
61892 111
61921 32
61950 32
61984 89
62005 67
62020 113
62033 65
62038 96
62053 22
62062 36
62072 50
62096 98
62116 12
62153 3
62180 56
62186 122
62191 23
62205 19
62215 3
62240 77
62266 100
62274 9
62287 79
62300 29
62337 59
62375 116
62376 2
62392 84
62424 22
62435 126
62467 116
62509 81
62537 95
62560 113
62574 71
62576 60
62585 96
62623 93
62638 56
62661 24
62687 24
62705 37
62744 123
62746 107
62784 26
62790 99
62818 28
62851 75
62867 90
62898 50
62914 57
62916 69
62920 31
62953 122
62992 71
63013 49
63032 45
63063 37
63078 108
63090 9
63114 89
63139 102
63160 111
63205 120
63222 36
63261 110
63262 20
63284 97
63326 126
63334 91
63372 124
63392 113
63433 90
63450 34
63476 97
63483 122
63490 74
63513 57
63531 90
63556 89
63579 103
63594 73
63597 60
63629 34
63650 101
63660 65
63667 47
63669 76
63709 3
63728 35
63752 44
63774 3
63789 86
63816 5
63826 100
63853 78
63860 120
63870 52
63895 120
63922 31
63935 79
63973 126
63993 123
64038 31
64057 23
64081 69
64085 8
64124 60
64140 82
64153 63
64198 53
64209 46
64217 92
64247 54
64247 40
64274 11
64318 113
64361 121
64367 102
64412 26
64418 17
64456 30
64457 2
64488 27
64519 56
64543 105
64554 121
64589 59
64622 57
64631 67
64639 66
64683 39
64708 116
64747 4
64791 106
64805 33
64831 28
64858 52
64885 72
64899 124
64933 80
64974 19
65018 103
65024 68
65062 62
65071 125
65096 84
65140 85
65166 109
65179 116
65203 38
65242 110
65245 24
65285 68
65328 13
65371 105
65380 62
65416 125
65432 19
65460 89
65467 62
65505 84
65547 36
65580 86
65593 46
65604 64
65643 93
65647 80
65674 60
65687 101
65707 79
65749 127
65762 43
65793 93
65834 44
65848 108
65868 91
65885 104
65900 99
65930 4
65933 93
65976 124
66010 55
66013 11
66042 69
66056 22
66095 115
66107 117
66137 37
66174 79
66197 81
66212 42
66252 47
66292 9
66294 3
66307 116
66341 58
66374 23
66417 74
66451 73
66452 7
66476 67
66501 92
66511 83
66525 29
66545 98
66579 64
66593 85
66608 64
66638 109
66647 117
66681 110
66691 46
66716 87
66755 103
66758 82
66771 18
66812 1
66854 34
66854 34
66861 50
66866 36
66868 49
66888 29
66909 96
66917 95
66929 8
66948 63
66972 62
67006 49
67031 17
67053 83
67068 92
67110 116
67110 71
67132 31
67140 124
67183 66
67185 21
67218 126
67249 68
67262 76
67305 50
67337 36
67381 32
67391 9
67420 124
67460 96
67466 4
67511 55
67543 104
67550 125
67559 58
67573 47
67601 8
67635 123
67642 47
67686 39
67708 79
67752 97
67776 115
67806 123
67830 125
67855 88
67857 108
67880 38
67921 90
67954 116
67994 19
68005 2
68011 18
68034 127
68037 49
68046 96
68081 43
68086 60
68111 51
68154 81
68187 108
68220 80
68225 13
68242 122
68258 15
68296 104
68340 100
68385 4
68406 1
68430 121
68455 87
68496 13
68533 29
68548 26
68581 95
68624 121
68663 87
68688 88
68730 8
68737 80
68753 57
68767 40
68768 26
68799 61
68805 91
68850 55
68882 109
68923 104
68959 59
68985 48
68997 78
69014 105
69024 75
69064 122
69095 3
69109 58
69146 36
69161 50
69193 107
69237 104
69266 68
69299 104
69338 82
69342 23
69366 95
69406 83
69448 124
69455 67
69457 125
69499 90
69533 106
69545 101
69583 83
69624 10
69631 57
69672 37
69687 67
69719 10
69732 116
69761 71
69789 126
69800 4
69808 124
69821 10
69840 71
69840 8
69874 49
69901 6
69909 10
69912 42
69913 81
69944 78
69985 84
70017 89
70039 21
70081 48
70084 31
70098 19
70104 41
70119 40
70151 75
70191 93
70234 28
70237 46
70266 85
70311 94
70350 121
70370 93
70370 77
70389 120
70389 14
70431 26
70452 57
70487 101
70509 34
70516 54
70523 82
70537 37
70574 19
70592 23
70633 41
70648 119
70688 25
70695 28
70738 78
70779 10
70792 26
70818 23
70833 76
70857 67
70890 15
70906 99
70928 45
70960 45
71003 105
71048 81
71057 115
71076 7
71090 65
71135 83
71179 59
71186 96
71196 64
71235 75
71261 48
71277 26
71278 49
71304 36
71338 14
71361 76
71406 74
71424 61
71429 35
71448 9
71453 124
71491 47
71512 63
71556 58
71594 14
71632 113
71659 69
71667 122
71670 36
71694 52
71708 78
71739 28
71748 126
71772 109
71815 111
71819 107
71859 89
71894 54
71935 49
71977 44
72001 32
72046 123
72064 50
72094 44
72139 101
72146 14
72147 104
72171 101
72199 75
72205 16
72224 90
72226 98
72251 49
72291 8
72302 74
72326 63
72350 69
72367 71
72399 44
72436 83
72457 61
72469 95
72499 96
72521 25
72523 116
72526 13
72531 111
72542 70
72552 59
72554 45
72578 7
72593 10
72603 33
72632 12
72652 81
72687 113
72714 30
72736 51
72747 24
72780 114
72799 111
72804 43
72843 82
72874 67
72894 4
72919 102
72960 43
72961 73
72983 113
73017 108
73039 84
73081 78
73122 77
73143 12
73169 88
73177 101
73187 8
73200 6
73231 9
73237 110
73246 87
73247 98
73269 5
73294 6
73330 15
73367 35
73390 120
73429 33
73465 74
73493 12
73511 46
73512 82
73555 23
73580 118
73595 29
73603 42
73614 63
73623 116
73658 75
73678 12
73723 45
73727 54
73761 53
73781 107
73788 51
73816 69
73827 104
73865 89
73885 29
73926 70
73955 95
73976 44
73976 44
73981 83
74026 79
74044 104
74048 48
74054 34
74092 58
74126 97
74150 118
74158 117
74171 21
74194 97
74201 43
74230 95
74263 38
74263 9
74304 63
74346 75
74378 23
74405 6
74407 57
74448 71
74477 61
74505 95
74539 80
74572 127
74596 125
74640 14
74684 91
74698 103
74735 118
74764 21
74808 29
74846 59
74850 5
74857 27
74884 103
74923 51
74932 85
74938 74
74976 67
75013 44
75024 37
75063 39
75069 81
75071 32
75085 83
75099 36
75110 56
75153 90
75182 99
75186 117
75219 54
75257 36
75270 90
75286 99
75291 84
75296 102
75297 87
75337 117
75345 72
75349 62
75349 42
75391 73
75422 30
75438 83
75440 33
75447 61
75457 57
75501 77
75509 107
75518 25
75549 96
75579 6
75602 50
75646 42
75674 1
75694 15
75717 64
75722 87
75742 109
75759 28
75775 13
75791 99
75804 72
75828 61
75853 75
75854 124
75874 1
75899 118
75932 21
75943 39
75955 100
75959 62
75961 121
75962 91
75992 112
75999 93
76029 78
76046 103
76061 107
76061 25
76076 47
76116 41
76150 119
76157 24
76157 107
76180 98
76186 3
76215 56
76245 73
76261 102
76296 102
76328 41
76364 86
76370 117
76373 28
76416 119
76418 125
76432 126
76454 75
76466 11
76501 31
76526 24
76564 57
76567 13
76604 49
76638 122
76668 102
76685 118
76712 9
76730 86
76749 50
76767 24
76790 5
76817 118
76817 33
76818 71
76830 41
76861 41
76868 48
76901 65
76903 54
76922 106
76946 53
76961 112
76983 72
76986 118
77005 24
77020 8
77039 35
77066 10
77098 53
77111 122
77131 85
77169 40
77169 126
77180 125
77216 124
77227 121
77246 112
77280 114
77283 12
77287 27
77306 51
77347 11
77367 36
77380 84
77419 13
77452 7
77468 64
77482 76
77486 97
77491 31
77497 122
77526 107
77549 40
77554 50
77589 77
77607 55
77637 87
77681 19
77718 111
77725 59
77750 68
77770 87
77778 6
77779 110
77808 53
77819 22
77830 29
77865 124
77889 27
77930 45
77961 10
77963 65
77993 27
78019 115
78060 97
78073 101
78085 55
78122 72
78139 6
78148 59
78159 54
78173 89
78202 85
78237 107
78261 118
78264 100
78289 13
78304 125
78313 79
78351 36
78389 16
78404 32
78425 41
78459 124
78483 117
78496 104
78538 49
78572 27
78580 14
78617 77
78627 13
78665 30
78675 15
78678 18
78688 71
78731 39
78756 43
78771 45
78781 17
78823 64
78842 28
78843 66
78886 14
78894 76
78939 126
78950 36
78990 19
78990 113
79029 65
79070 13
79083 126
79120 54
79151 42
79157 93
79180 111
79192 46
79225 121
79241 36
79284 48
79291 93
79292 63
79306 46
79344 94
79378 118
79379 9
79412 65
79436 100
79474 73
79508 87
79540 42
79565 109
79602 20
79621 37
79635 59
79672 23
79706 90
79737 43
79773 58
79790 63
79822 79
79824 115
79835 6
79854 99
79886 43
79891 11
79936 46
79950 63
79984 57
80006 90
80047 107
80090 16
80093 14
80115 24
80116 43
80129 66
80173 60
80184 103
80205 19
80234 92
80245 60
80280 44
80299 102
80335 108
80360 84
80362 122
80382 63
80423 15
80458 75
80466 116
80487 50
80493 112
80533 28
80538 67
80570 86
80599 44
80604 77
80620 93
80634 11
80644 45
80659 29
80691 16
80702 15
80703 78
80723 99
80763 72
80788 123
80825 74
80837 21
80859 31
80881 17
80901 49
80940 64
80959 49
80989 10
81023 20
81024 39
81067 74
81085 78
81104 60
81132 99
81135 81
81170 60
81190 121
81193 80
81214 66
81257 33
81273 62
81290 100
81303 80
81309 32
81347 44
81353 36
81378 33
81413 107
81439 31
81466 2
81487 98
81493 55
81516 40
81553 19
81559 19
81604 77
81629 68
81643 68
81688 42
81700 71
81716 30
81761 9
81762 93
81798 4
81829 16
81834 83
81866 74
81895 116
81934 25
81961 70
81967 31
82005 79
82008 97
82034 19
82049 47
82089 117
82115 42
82120 25
82139 55
82144 74
82184 32
82229 9
82232 6
82276 48
82308 76
82314 52
82318 102
82327 113
82354 91
82397 36
82417 113
82425 59
82439 21
82479 76
82511 102
82513 77
82558 77
82563 85
82585 54
82614 70
82618 5
82621 106
82656 1
82684 106
82704 71
82715 110
82732 23
82744 107
82770 111
82797 61
82810 67
82848 120
82868 76
82890 123
82917 115
82942 94
82963 53
82996 61
83038 26
83059 34
83090 56
83100 1
83116 103
83133 33
83152 59
83161 61
83186 94
83205 22
83216 5
83235 121
83261 65
83287 50
83309 92
83327 112
83336 95
83368 127
83390 70
83430 1
83466 38
83503 107
83515 26
83542 22
83585 77
83626 102
83657 63
83702 114
83711 87
83715 123
83755 19
83772 6
83784 14
83817 101
83820 54
83826 76
83863 89
83891 45
83915 11
83927 96
83970 38
83981 13
84007 63
84034 3
84040 49
84055 20
84097 119
84134 57
84154 24
84156 49
84172 47
84173 59
84185 37
84203 78
84223 32
84257 116
84295 66
84305 14
84347 26
84352 106
84373 88
84396 18
84396 35
84411 120
84439 28
84484 34
84489 107
84510 62
84519 120
84554 9
84555 40
84589 87
84623 115
84637 34
84637 31
84655 99
84675 9
84677 35
84713 51
84727 62
84728 125
84763 20
84804 68
84838 26
84880 14
84884 10
84884 52
84925 45
84967 69
84975 112
84979 88
85018 103
85055 98
85076 28
85102 67
85120 88
85146 122
85176 26
85191 20
85212 115
85215 29
85244 51
85278 109
85299 85
85306 7
85324 117
85356 107
85368 74
85380 42
85416 126
85429 16
85443 115
85446 95
85470 35
85510 104
85532 108
85539 104
85583 68
85627 91
85650 7
85653 77
85667 86
85680 56
85700 89
85721 21
85744 105
85760 80
85799 57
85800 3
85838 67
85838 14
85864 76
85871 99
85910 112
85926 67
85959 119
85959 118
85990 97
86011 43
86020 47
86026 126
86038 62
86046 116
86076 27
86085 6
86086 45
86109 28
86113 6
86155 78
86187 86
86223 80
86237 45
86277 52
86302 19
86334 112
86342 59
86350 53
86353 111
86398 34
86424 70
86447 103
86476 75
86519 117
86535 13
86539 114
86569 119
86580 44
86600 11
86623 126
86666 45
86679 64
86696 55
86740 47
86747 12
86786 106
86809 50
86829 84
86872 84
86883 67
86924 50
86953 40
86962 88
86981 19
87019 112
87021 64
87029 36
87057 48
87085 119
87105 18
87109 30
87141 35
87183 69
87194 37
87211 114
87251 38
87252 68
87280 89
87287 75
87318 82
87331 22
87357 78
87364 71
87399 4
87443 77
87444 57
87474 31
87498 78
87522 71
87534 49
87553 105
87584 18
87624 36
87639 70
87643 88
87678 53
87697 68
87701 29
87746 93
87749 89
87760 3
87769 98
87808 33
87812 33
87824 77
87834 18
87848 31
87872 15
87888 79
87924 41
87932 48
87961 94
87998 36
88040 50
88046 6
88056 72
88070 14
88101 43
88128 1
88168 31
88173 97
88215 55
88239 123
88270 62
88307 25
88342 28
88351 37
88382 20
88418 28
88437 105
88468 44
88486 117
88495 71
88519 76
88562 80
88594 90
88595 74
88629 85
88674 48
88682 127
88718 120
88732 48
88773 51
88790 111
88791 34
88799 8
88801 50
88805 44
88836 116
88865 43
88892 89
88913 23
88946 109
88983 15
88986 21
88986 4
89013 49
89054 80
89063 57
89097 8
89124 49
89139 83
89164 55
89166 119
89205 65
89230 22
89237 90
89246 12
89246 90
89256 48
89256 126
89299 20
89304 83
89340 109
89359 84
89396 55
89410 80
89417 97
89439 100
89481 102
89504 17
89536 91
89555 58
89564 120
89587 8
89630 42
89658 114
89667 113
89692 30
89733 7
89746 115
89780 43
89781 12
89782 17
89824 29
89840 34
89864 77
89884 111
89929 35
89932 34
89937 25
89940 33
89979 78
90000 104
90010 81
90018 26
90052 117
90067 78
90097 38
90097 118
90126 9
90153 35
90178 101
90212 62
90256 123
90269 64
90274 106
90299 22
90313 64
90354 37
90387 106
90394 97
90430 112
90474 11
90507 64
90513 96
90521 17
90552 83
90591 107
90610 86
90653 44
90689 22
90717 30
90762 80
90785 44
90786 43
90818 62
90818 82
90827 23
90842 89
90844 126
90881 56
90885 46
90927 94
90946 125
90974 31
90994 9
91028 105
91046 80
91046 55
91090 7
91097 80
91103 62
91124 86
91125 101
91152 78
91191 112
91204 37
91244 44
91263 109
91266 13
91266 10
91302 73
91341 11
91379 49
91410 70
91418 106
91440 59
91460 55
91482 71
91510 69
91548 55
91579 86
91620 94
91661 57
91669 72
91689 110
91704 123
91714 54
91741 11
91780 79
91821 57
91830 74
91831 108
91846 43
91883 46
91903 91
91932 26
91942 5
91961 101
91990 1
92007 38
92051 45
92078 115
92090 120
92110 20
92153 110
92155 70
92199 49
92240 47
92266 71
92307 100
92350 45
92362 85
92387 73
92402 98
92427 123
92464 11
92473 69
92496 108
92507 7
92512 60
92525 56
92560 31
92572 82
92580 55
92585 61
92613 85
92613 28
92634 39
92651 60
92657 82
92670 90
92700 106
92705 59
92738 14
92764 56
92805 103
92836 94
92869 111
92906 44
92946 18
92973 79
92979 119
92992 73
93025 97
93040 79
93079 20
93090 9
93104 34
93136 33
93171 38
93198 124
93226 36
93227 10
93235 58
93270 48
93273 93
93306 126
93338 84
93352 95
93364 1
93393 98
93404 95
93438 107
93454 31
93479 83
93506 92
93528 79
93570 22
93577 26
93618 73
93651 57
93671 64
93703 8
93706 106
93737 79
93757 102
93757 74
93769 20
93781 60
93797 97
93803 30
93842 37
93858 7
93859 78
93882 42
93896 87
93933 33
93959 12
93998 13
94019 50
94029 72
94062 68
94070 102
94085 50
94099 118
94117 39
94135 115
94138 27
94174 46
94207 73
94209 108
94245 79
94276 72
94294 81
94330 12
94333 58
94345 78
94375 54
94420 33
94445 124
94480 21
94483 120
94515 91
94538 93
94556 43
94579 78
94593 114
94620 25
94641 5
94669 21
94701 102
94721 108
94748 125
94755 106
94782 94
94800 60
94833 29
94842 113
94869 51
94883 5
94922 48
94927 112
94933 106
94946 82
94971 41
94993 90
94993 97
95036 98
95051 88
95083 100
95114 8
95141 77
95141 68
95165 42
95179 28
95216 115
95245 100
95284 10
95329 10
95347 45
95358 101
95388 110
95425 32
95440 61
95480 76
95516 68
95555 97
95564 76
95581 89
95610 47
95645 39
95648 98
95680 123
95684 21
95726 51
95759 58
95794 53
95820 94
95822 97
95836 79
95858 102
95867 89
95876 115
95877 106
95883 122
95893 92
95938 4
95939 66
95950 11
95954 103
95964 29
95983 54
96021 50
96028 109
96043 73
96079 43
96103 15
96114 17
96126 5
96169 1
96172 103
96185 93
96216 4
96225 60
96237 51
96271 123
96296 80
96307 102
96351 31
96396 18
96429 85
96465 56
96497 10
96531 30
96572 79
96591 83
96629 8
96641 39
96686 110
96709 38
96742 5
96782 19
96810 125
96819 116
96836 110
96866 68
96900 122
96936 87
96953 106
96958 91
97000 101
97016 92
97055 91
97060 95
97068 106
97105 126
97115 123
97141 86
97167 51
97188 86
97232 85
97245 59
97265 88
97297 14
97321 114
97362 118
97385 28
97411 126
97445 126
97478 114
97486 24
97487 13
97532 40
97548 52
97562 69
97572 24
97576 112
97595 50
97638 61
97642 6
97642 73
97669 110
97706 25
97747 86
97757 85
97786 5
97802 44
97815 43
97846 17
97878 22
97881 122
97911 122
97936 35
97970 25
98009 122
98024 106
98027 125
98060 65
98076 30
98101 124
98106 21
98135 16
98161 108
98188 42
98213 6
98250 5
98255 103
98286 26
98328 1
98369 111
98398 56
98426 88
98468 94
98513 115
98521 109
98539 91
98552 34
98593 71
98631 127
98659 1
98702 67
98706 27
98747 94
98758 26
98795 111
98832 26
98839 47
98861 92
98874 93
98903 29
98923 88
98967 108
98985 34
99022 88
99059 72
99077 40
99109 58
99134 73
99162 119
99202 108
99227 16
99258 24
99280 11
99289 98
99331 93
99335 58
99349 80
99392 69
99418 24
99443 80
99478 86
99521 13
99531 65
99576 99
99605 2
99627 111
99659 87
99678 96
99707 54
99727 15
99732 123
99773 43
99784 86
99800 40
99800 103
99826 75
99851 49
99857 68
99869 79
99902 87
99913 31
99952 78
99995 98
100016 88
100048 91
100070 108
100109 108
100110 101
100119 91
100143 23
100145 25
100173 3
100212 126
100212 8
100228 82
100238 83
100281 118
100294 26
100299 118
100322 127
100336 94
100365 89
100407 47
100423 37
100426 73
100430 26
100442 63
100459 6
100489 25
100527 117
100550 100
100588 104
100616 87
100642 38
100656 102
100672 117
100687 97
100693 12
100730 56
100734 49
100768 98
100779 68
100803 96
100847 62
100886 5
100920 56
100946 64
100957 86
100981 127
101021 61
101045 1
101073 86
101101 79
101131 4
101131 79
101176 98
101206 2
101249 122
101253 83
101254 18
101282 52
101301 30
101320 59
101355 49
101364 122
101405 32
101433 43
101446 11
101477 73
101502 91
101547 19
101568 11
101608 44
101632 119
101634 55
101653 61
101689 102
101723 91
101757 28
101796 54
101803 115
101836 124
101867 25
101901 110
101935 6
101937 120
101974 47
101991 37
102006 59
102014 41
102057 57
102075 71
102081 27
102090 56
102126 71
102132 92
102155 14
102172 38
102211 58
102226 115
102244 91
102254 4
102275 126
102285 14
102293 15
102304 91
102305 112
102315 97
102322 69
102337 49
102382 8
102389 68
102430 43
102460 22
102487 62
102519 81
102526 5
102533 47
102536 57
102553 71
102597 42
102625 102
102645 63
102649 7
102683 21
102720 107
102749 61
102793 120
102797 26
102831 11
102868 54
102869 120
102888 112
102916 14
102960 57
102986 87
103010 12
103044 111
103070 116
103114 67
103137 75
103171 40
103213 22
103223 26
103242 98
103258 62
103278 84
103301 119
103344 51
103380 35
103387 127
103432 14
103461 39
103496 53
103539 16
103571 88
103592 103
103602 83
103606 44
103648 94
103669 17
103675 105
103691 20
103722 121
103762 82
103775 123
103795 77
103825 64
103862 117
103886 73
103908 34
103950 33
103960 70
103997 7
104040 44
104066 59
104093 16
104136 123
104148 11
104186 111
104198 88
104222 75
104224 77
104230 59
104245 55
104258 104
104259 88
104289 86
104313 10
104323 19
104329 115
104329 95
104349 63
104353 66
104356 77
104380 123
104407 104
104447 92
104490 41
104518 17
104530 122
104555 72
104587 39
104632 69
104675 126
104702 17
104717 26
104761 111
104779 61
104789 58
104796 57
104814 109
104815 53
104844 104
104860 65
104901 112
104901 87
104928 76
104963 14
104977 23
104994 92
105036 118
105054 20
105068 3
105070 27
105075 12
105085 14
105090 19
105105 51
105113 15
105138 43
105163 28
105193 113
105219 17
105239 31
105257 67
105264 115
105275 57
105296 42
105329 103
105372 1
105404 94
105439 112
105484 8
105498 123
105520 109
105524 65
105524 60
105548 122
105565 15
105585 4
105601 90
105616 14
105639 65
105669 94
105689 44
105692 45
105728 40
105742 96
105780 103
105782 49
105792 110
105806 61
105824 69
105856 88
105858 26
105865 83
105906 97
105936 18
105961 63
105997 61
106008 108
106053 87
106054 83
106087 101
106106 126
106123 53
106128 124
106157 51
106177 121
106190 37
106217 72
106229 71
106265 25
106272 40
106308 33
106319 107
106362 101
106397 117
106411 3
106415 106
106457 79
106465 106
106474 86
106491 92
106535 84
106545 1
106578 55
106584 106
106588 124
106609 14
106643 103
106670 75
106673 68
106680 121
106704 98
106749 60
106782 67
106809 4
106845 72
106847 112
106859 109
106866 60
106895 23
106895 38
106930 48
106953 13
106987 18
106987 92
107017 44
107021 58
107039 3
107081 7
107089 92
107097 21
107136 12
107136 39
107173 13
107186 33
107230 13
107248 19
107273 70
107300 22
107313 17
107323 26
107339 53
107372 51
107412 18
107415 45
107436 55
107477 88
107478 120
107499 92
107530 35
107543 106
107576 40
107603 114
107630 85
107644 125
107663 83
107666 45
107671 104
107697 2
107711 41
107714 37
107735 8
107744 89
107773 13
107784 103
107784 43
107786 34
107808 69
107821 49
107866 64
107907 121
107948 118
107963 9
107998 81
108021 111
108024 70
108058 102
108088 127
108104 30
108120 23
108129 123
108162 94
108193 116
108197 44
108238 45
108255 105
108281 1
108289 44
108320 112
108343 118
108385 93
108406 20
108416 51
108420 57
108431 10
108445 37
108450 75
108470 52
108511 1
108529 106
108557 17
108591 100
108595 26
108600 71
108643 106
108680 86
108686 116
108692 58
108714 89
108738 91
108769 57
108798 107
108803 20
108840 70
108844 65
108888 116
108920 64
108924 58
108927 25
108935 25
108948 87
108977 30
108987 92
108993 110
108998 32
109013 115
109050 120
109054 49
109094 58
109133 24
109134 46
109174 9
109216 32
109261 53
109265 21
109310 70
109312 94
109338 40
109360 71
109368 41
109413 104
109442 21
109443 13
109488 11
109493 13
109521 22
109547 118
109572 101
109575 52
109597 24
109626 10
109626 97
109642 72
109666 125
109666 90
109711 46
109734 66
109745 77
109751 22
109785 13
109817 18
109845 38
109882 112
109915 54
109920 39
109961 105
109967 4
109999 1
110016 21
110043 41
110046 23
110052 16
110053 25
110071 74
110097 82
110134 5
110166 56
110209 87
110229 30
110267 43
110279 67
110301 79
110345 7
110370 81
110393 72
110425 27
110448 115
110475 106
110517 83
110562 65
110571 117
110584 11
110587 54
110591 111
110606 65
110610 14
110655 78
110685 107
110722 35
110731 20
110747 42
110792 120
110834 29
110861 25
110875 62
110887 65
110911 95
110946 121
110978 61
111017 41
111044 84
111059 124
111090 50
111093 125
111111 9
111140 84
111150 88
111168 52
111183 93
111226 123
111268 55
111283 123
111291 52
111323 104
111352 6
111370 78
111382 82
111395 85
111423 16
111448 2
111473 89
111477 10
111508 99
111544 43
111566 8
111605 65
111626 59
111642 71
111687 91
111713 16
111718 65
111740 102
111772 97
111788 116
111797 88
111822 97
111831 23
111855 45
111869 48
111876 114
111908 67
111928 8
111945 65
111981 76
112001 118
112005 6
112034 4
112061 103
112096 28
112112 100
112120 45
112157 114
112192 49
112208 94
112249 48
112280 107
112323 56
112350 64
112378 24
112385 24
112411 9
112430 28
112465 108
112488 116
112502 80
112547 99
112571 6
