29 53
46 29
59 102
87 84
118 118
121 115
143 124
170 93
171 2
215 3
234 61
276 13
309 35
333 8
354 31
397 33
440 104
485 113
506 40
528 117
532 7
535 117
574 28
586 116
586 45
600 21
618 101
663 100
702 39
710 44
729 30
747 53
788 4
794 89
830 69
847 109
884 48
911 76
940 38
953 65
974 59
994 107
1025 13
1028 127
1040 78
1068 59
1089 110
1122 47
1138 74
1166 112
1206 24
1213 112
1238 16
1258 56
1265 75
1273 105
1276 44
1279 62
1322 83
1331 99
1373 107
1379 38
1424 122
1463 63
1463 127
1508 93
1518 109
1548 97
1577 66
1599 55
1600 106
1617 8
1634 53
1659 102
1697 73
1709 118
1733 81
1737 125
1737 13
1757 48
1793 104
1800 100
1802 6
1807 1
1827 76
1832 24
1840 121
1875 11
1886 122
1889 43
1923 17
1949 34
1971 61
2009 62
2052 127
2078 22
2085 22
2125 123
2129 3
2145 99
2174 10
2216 123
2259 106
2297 79
2307 49
2352 9
2389 4
2418 112
2453 8
2481 25
2493 42
2508 109
2547 33
2563 31
2599 15
2628 99
2644 21
2688 68
2690 62
2719 84
2748 82
2755 9
2794 8
2831 61
2857 120
2863 43
2900 72
2925 10
2952 101
2994 98
3025 33
3027 121
3031 13
3053 3
3068 18
3084 125
3084 105
3128 85
3149 38
3161 99
3169 27
3185 106
3197 88
3226 17
3226 115
3237 38
3264 14
3294 46
3313 22
3326 91
3343 81
3358 99
3363 7
3366 114
3411 2
3444 117
3484 110
3492 104
3507 23
3507 115
3534 13
3555 86
3580 99
3613 32
3614 124
3653 31
3665 64
3699 98
3738 113
3778 63
3803 92
3832 66
3864 2
3874 64
3877 52
3897 23
3914 88
3915 24
3959 106
3976 81
4004 19
4038 30
4054 121
4081 54
4097 79
4133 116
4138 56
4144 94
4155 95
4185 83
4201 59
4204 33
4221 48
4234 23
4263 45
4300 96
4342 99
4359 76
4376 13
4413 102
4432 24
4444 16
4479 35
4506 32
4548 118
4554 85
4564 90
4595 88
4599 47
4607 73
4616 75
4641 59
4685 21
4727 14
4748 89
4783 116
4792 43
4800 37
4807 41
4822 122
4822 92
4830 121
4842 50
4844 88
4846 30
4857 23
4883 91
4918 112
4958 78
4963 26
4997 63
5042 87
5053 91
5090 59
5122 123
5161 55
5199 124
5222 36
5240 119
5265 6
5295 124
5308 78
5333 81
5335 100
5338 70
5382 27
5394 40
5439 22
5442 95
5446 114
5460 32
5477 76
5497 124
5528 8
5539 73
5551 72
5566 1
5580 73
5598 103
5600 49
5614 29
5626 14
5658 5
5703 127
5725 35
5739 40
5764 40
5767 34
5790 103
5802 98
5814 103
5859 24
5892 15
5904 104
5911 42
5946 114
5971 27
5999 60
6003 26
6048 33
6078 28
6110 21
6129 123
6140 102
6160 63
6191 48
6218 31
6263 23
6308 107
6313 83
6318 35
6326 120
6369 92
6394 68
6404 74
6404 29
6435 66
6469 75
6501 76
6533 77
6563 100
6604 94
6610 71
6618 70
6639 124
6663 74
6685 78
6724 83
6758 52
6785 60
6828 46
6843 123
6886 35
6894 38
6907 105
6939 25
6959 18
7002 23
7008 39
7052 55
7097 116
7106 10
7143 113
7171 1
7197 91
7234 100
7272 19
7282 79
7301 75
7334 54
7372 33
7413 62
7413 103
7444 115
7461 123
7467 8
7470 125
7508 77
7547 80
7581 86
7601 118
7615 56
7654 120
7686 107
7719 126
7727 4
7768 3
7794 118
7837 75
7860 66
7896 76
7932 117
7957 116
7957 127
7991 103
7996 127
8021 10
8061 29
8062 59
8080 13
8105 116
8135 54
8143 80
8176 116
8180 53
8185 95
8215 59
8221 23
8253 82
8260 86
8290 93
8303 59
8320 94
8336 124
8340 112
8373 19
8383 97
8385 12
8398 13
8400 3
8422 55
8444 110
8446 15
8477 3
8495 25
8510 9
8524 124
8535 104
8546 45
8559 10
8604 80
8617 54
8630 115
8670 27
8697 80
8721 59
8765 88
8787 58
8804 69
8833 66
8863 16
8887 11
8899 12
8908 83
8932 79
8953 110
8957 79
8997 105
9003 25
9038 4
9038 35
9069 52
9099 29
9125 9
9138 126
9158 77
9197 119
9216 56
9240 83
9285 77
9290 35
9305 117
9307 97
9307 105
9322 92
9335 9
9377 121
9406 27
9427 62
9465 106
9498 62
9543 19
9575 38
9584 19
9622 121
9635 17
9646 57
9672 95
9684 91
9718 60
9746 106
9763 44
9776 83
9801 36
9844 36
9845 27
9878 66
9922 127
9944 79
9985 6
9997 73
10020 56
10033 50
10039 21
10065 94
10105 50
10113 30
10115 70
10132 67
10151 12
10195 45
10211 107
10256 102
10259 37
10292 11
10331 10
10339 40
10339 62
10374 112
10408 68
10430 40
10466 22
10508 111
10550 64
10591 18
10596 6
10604 124
10607 35
10608 78
10627 33
10641 114
10677 49
10720 70
10739 8
10767 46
10770 127
10809 75
10854 35
10880 57
10919 20
10932 2
10953 98
10996 33
11013 84
11016 29
11036 67
11064 82
11097 25
11106 105
11106 104
11129 97
11134 38
11139 18
11156 55
11186 111
11225 27
11270 2
11298 114
11326 52
11335 5
11343 81
11373 65
11379 34
11393 1
11396 79
11437 32
11440 77
11471 11
11506 39
11526 72
11562 59
11570 62
11583 9
11604 57
11641 20
11655 67
11675 109
11714 52
11739 114
11773 99
11801 71
11831 17
11862 99
11880 120
11892 86
11899 54
11900 93
11913 24
11930 11
11963 75
12002 99
12026 121
12061 99
12069 76
12099 33
12109 10
12114 85
12129 28
12132 89
12169 90
12174 60
12176 60
12196 33
12207 47
12242 74
12244 42
12275 47
12307 38
12346 46
12367 93
12412 49
12438 40
12458 32
12495 92
12529 85
12536 62
12551 15
12570 65
12609 6
12630 64
12668 87
12705 8
12746 12
12785 119
12822 123
12858 48
12893 56
12920 107
12929 93
12937 59
12950 22
12966 16
12998 108
13003 95
13041 26
13066 117
13082 66
13103 61
13117 16
13120 58
13147 13
13189 21
13222 102
13264 56
13296 98
13320 7
13329 8
13359 30
13370 119
13412 64
13422 58
13428 49
13473 7
13487 20
13499 47
13508 11
13514 24
13549 24
13558 100
13569 57
13612 28
13616 20
13641 73
13645 105
13685 2
13719 37
13752 34
13795 68
13798 85
13832 59
13875 26
13893 16
13926 10
13941 55
13978 23
13997 28
14037 45
14051 125
14075 97
14080 33
14083 61
14116 53
14146 87
14159 85
14203 96
14240 39
14248 77
14254 88
14291 48
14330 52
14368 26
14403 42
14422 61
14445 50
14447 40
14461 112
14461 106
14503 58
14511 45
14551 15
14568 90
14587 124
14591 26
14603 53
14638 43
14657 35
14661 13
14676 6
14679 2
14698 34
14732 54
14748 67
14749 68
14754 78
14783 121
14787 36
14821 36
14850 22
14885 70
14924 117
14939 118
14940 95
14954 47
14968 100
14976 27
15020 19
15021 20
15064 59
15079 77
15111 60
15131 21
15140 107
15165 125
15197 94
15214 41
15215 79
15239 6
15277 29
15290 126
15319 83
15321 7
15336 51
15353 112
15354 56
15374 24
15414 43
15418 37
15426 4
15464 121
15472 79
15502 17
15517 67
15525 53
15527 102
15568 37
15570 75
15579 85
15583 100
15599 51
15624 89
15660 117
15671 9
15705 11
15710 103
15713 26
15723 121
15730 67
15742 123
15759 37
15802 70
15815 63
15847 47
15870 51
15879 120
15924 105
15938 1
15953 12
15968 52
15977 82
15987 11
16001 110
16034 125
16061 21
16093 6
16134 125
16139 42
16182 51
16194 84
16229 18
16265 123
16275 117
16280 77
16307 17
16310 104
16328 109
16352 39
16356 111
16362 18
16366 65
16408 29
16443 103
16458 51
16501 58
16516 6
16521 108
16566 104
16590 11
16597 37
16642 74
16673 32
16701 25
16721 51
16736 102
16769 6
16779 55
16800 26
16813 57
16816 20
16821 112
16826 35
16871 54
16888 4
16896 18
16904 100
16945 37
16960 68
16969 44
16987 83
17022 65
17066 101
17105 78
17133 106
17168 73
17195 86
17220 48
17251 22
17296 88
17337 40
17373 72
17400 74
17421 99
17439 76
17469 69
17470 68
17479 9
17512 96
17526 88
17547 7
17554 50
17562 96
17564 121
17600 23
17617 7
17618 17
17653 117
17688 40
17699 13
17699 95
17703 21
17711 85
17739 124
17764 10
17776 12
17810 65
17833 17
17845 88
17851 103
17867 18
17882 114
17897 64
17912 12
17944 102
17969 80
17984 116
18006 35
18046 119
18082 22
18092 87
18127 97
18142 51
18162 27
18194 102
18208 10
18232 88
18262 87
18263 61
18293 117
18320 65
18332 77
18368 24
18398 105
18404 27
18424 37
18452 75
18481 88
18488 32
18497 118
18529 80
18552 27
18559 95
18567 60
18610 23
18631 87
18654 95
18698 58
18723 107
18734 96
18744 103
18780 26
18794 7
18819 36
18855 24
18861 54
18901 73
18925 27
18964 72
18997 94
19025 43
19048 122
19080 101
19097 100
19111 25
19118 122
19147 119
19165 39
19209 115
19212 20
19232 120
19242 15
19270 7
19282 74
19285 12
19317 4
19345 37
19345 42
19368 71
19391 47
19405 71
19413 109
19418 64
19425 28
19431 4
19446 16
19464 107
19496 97
19518 33
19561 8
19591 45
19629 45
19646 68
19671 106
19700 78
19742 108
19745 28
19773 72
19774 66
19775 101
19796 50
19804 108
19837 30
19875 104
19916 20
19956 62
19982 102
19989 8
20005 119
20020 23
20040 117
20052 18
20069 35
20069 79
20075 7
20108 44
20135 103
20177 5
20183 39
20212 6
20219 70
20225 64
20267 13
20311 21
20334 53
20347 90
20360 124
20370 64
20398 6
20422 46
20464 71
20482 34
20522 118
20560 114
20568 70
20613 42
20632 42
20654 54
20677 107
20680 53
20688 99
20728 54
20765 52
20777 91
20791 93
20800 33
20814 116
20820 94
20839 15
20863 113
20906 95
20907 100
20920 8
20951 64
20985 98
21021 57
21041 13
21044 51
21058 70
21072 122
21110 87
21115 109
21156 127
21183 110
21191 63
21226 40
21226 74
21238 24
21281 78
21320 12
21341 123
21341 49
21372 11
21394 38
21437 100
21471 127
21500 75
21506 95
21510 55
21512 33
21535 102
21545 46
21580 64
21585 112
21627 105
21654 92
21661 38
21668 69
21701 90
21731 33
21740 38
21766 2
21799 48
21838 123
21867 84
21876 35
21886 106
21905 107
21940 57
21976 46
21982 20
22022 83
22045 27
22064 57
22083 104
22101 25
22103 58
22120 32
22148 94
22172 72
22181 52
22205 67
22225 107
22252 63
22277 105
22279 124
22324 60
22355 75
22378 33
22402 40
22433 77
22450 40
22487 81
22520 42
22544 27
22562 91
22591 118
22626 63
22655 49
22657 117
22662 41
22699 28
22720 69
22741 110
22747 95
22765 71
22770 26
22790 79
22825 72
22861 101
22876 27
22885 77
22922 75
22960 89
22991 100
22993 14
23004 96
23017 78
23020 18
23064 74
23073 65
23074 74
23076 55
23117 14
23162 74
23204 67
23212 73
23230 30
23260 28
23283 106
23286 99
23303 112
23342 27
23348 110
23377 58
23402 51
23406 27
23431 41
23459 61
23476 27
23477 69
23494 121
23514 117
23516 93
23545 59
23564 52
23599 54
23628 27
23659 105
23697 28
23704 46
23709 56
23735 94
23740 39
23741 57
23774 126
23794 45
23833 33
23876 90
23893 13
23917 75
23935 93
23963 69
23998 117
24032 120
24040 18
24056 96
24087 30
24113 39
24150 82
24158 54
24160 69
24175 18
24204 6
24245 102
24261 89
24275 88
24299 93
24333 85
24352 104
24379 3
24419 37
24439 16
24449 68
24477 108
24520 7
24553 94
24562 88
24602 72
24635 24
24675 110
24685 72
24689 54
24692 95
24715 96
24725 119
24752 109
24768 100
24791 72
24836 99
24855 47
24868 124
24878 45
24889 83
24927 14
24964 102
24966 99
24976 93
25002 74
25033 105
25060 14
25093 7
25117 67
25149 93
25179 86
25200 17
25244 8
25250 48
25257 27
25289 97
25325 74
25325 92
25342 8
25379 121
25410 85
25433 25
25461 5
25462 84
25507 76
25529 93
25560 100
25590 11
25619 14
25641 83
25642 64
25685 46
25705 41
25744 34
25768 55
25780 72
25810 100
25821 5
25830 116
25859 6
25904 62
25925 69
25961 67
25982 71
25985 98
25996 61
26022 15
26055 28
26062 99
26102 27
26106 31
26149 91
26168 116
26175 50
26217 115
26238 97
26241 26
26282 116
26282 65
26293 35
26308 112
26339 60
26355 127
26375 125
26415 127
26435 122
26456 37
26497 116
26540 115
26553 93
26561 15
26585 21
26616 127
26656 62
26699 65
26731 55
26762 82
26766 124
26800 110
26820 2
26839 115
26862 12
26879 5
26904 107
26915 47
26958 31
26965 64
26990 74
27003 59
27023 74
27060 84
27093 75
27093 78
27116 108
27120 31
27126 79
27159 25
27194 31
27198 69
27240 45
27258 4
27303 7
27312 98
27357 84
27358 99
27369 92
27410 79
27425 3
27426 108
27471 112
27491 64
27515 44
27526 57
27533 12
27556 123
27567 120
27594 119
27616 14
27623 65
27634 65
27679 22
27710 76
27715 33
27750 112
27795 123
27807 44
27822 3
27839 101
27877 16
27900 125
27902 27
27946 19
27950 18
27988 118
27995 33
27996 2
28040 15
28057 37
28086 96
28104 56
28147 4
28148 89
28159 115
28191 64
28199 107
28207 26
28252 109
28264 105
28287 67
28330 1
28345 81
28363 79
28396 94
28397 23
28428 108
28439 80
28482 36
28488 2
28500 82
28535 23
28573 42
28576 38
28579 91
28591 113
28620 114
28638 11
28681 49
28682 101
28694 55
28717 25
28726 9
28745 118
28764 56
28772 108
28773 92
28812 17
28839 106
28866 1
28882 78
28909 34
28936 97
28940 25
28956 63
28991 114
29019 3
29053 63
29068 3
29090 58
29102 109
29105 91
29119 44
29153 60
29164 19
29201 2
29201 34
29209 40
29253 30
29274 75
29294 79
29295 100
29312 62
29313 43
29354 85
29361 25
29400 115
29408 13
29421 111
29435 99
29480 115
29505 69
29532 19
29538 116
29576 37
29618 17
29619 15
29664 31
29682 33
29718 40
29734 117
29779 6
29794 111
29814 79
29859 14
29861 84
29871 114
29893 61
29911 49
29938 116
29944 78
29945 1
29953 25
29969 78
29971 113
29999 96
30042 78
30079 60
30108 113
30146 101
30148 69
30191 59
30213 61
30237 106
30279 53
30301 96
30340 89
30358 53
30377 85
30416 49
30448 75
30463 70
30504 61
30510 108
30511 59
30556 64
30564 52
30593 9
30603 59
30614 12
30616 42
30660 15
30695 125
30707 12
30719 80
30724 44
30755 119
30762 123
30765 107
30783 122
30816 84
30843 59
30887 56
30904 16
30919 23
30930 64
30970 52
31000 28
31011 113
31030 72
31068 33
31093 123
31136 41
31153 19
31193 10
31231 116
31273 105
31300 23
31333 106
31363 99
31380 33
31397 120
31424 65
31429 57
31453 15
31469 120
31480 30
31513 1
31537 97
31554 92
31583 15
31620 127
31632 55
31641 17
31677 1
31720 25
31721 53
31748 75
31786 97
31825 92
31856 80
31892 8
31909 92
31933 63
31976 50
31986 48
31995 104
31995 47
31996 31
32041 112
32067 87
32068 82
32098 95
32132 60
32149 109
32174 102
32216 26
32237 78
32278 29
32310 107
32335 79
32366 45
32367 122
32379 39
32412 27
32453 57
32469 85
32480 2
32494 46
32499 105
32537 19
32565 58
32565 29
32582 5
32583 111
32584 47
32599 53
32607 96
32646 34
32649 75
32680 42
32719 73
32732 121
32767 37
32793 95
32828 15
32834 66
32865 117
32893 59
32894 12
32915 5
32946 23
32950 41
32957 12
33000 85
33026 41
33064 118
33104 69
33142 95
33164 65
33195 66
33226 82
33240 103
33271 8
33305 4
33342 42
33357 93
33373 123
33373 24
33410 48
33444 56
33482 79
33523 95
33541 51
33554 68
33597 104
33640 96
33659 94
33700 122
33732 28
33742 100
33767 25
33803 40
33834 79
33872 50
33878 88
33900 33
33902 52
33902 92
33911 127
33937 12
33982 46
34003 121
34007 76
34029 8
34064 84
34071 123
34086 22
34120 124
34138 72
34171 125
34179 9
34223 82
34244 35
34280 83
34311 3
34318 87
34325 56
34369 39
34401 94
34411 100
34414 66
34459 20
34476 52
34499 47
34525 111
34532 52
34537 127
34569 24
34580 10
34606 99
34624 60
34662 5
34683 120
34696 86
34709 118
34715 69
34748 47
34792 25
34827 49
34841 58
34867 38
34902 121
34925 27
34961 92
34986 46
35030 69
35035 16
35065 103
35077 80
35121 16
35133 18
35153 101
35163 115
35189 40
35209 125
35232 127
35255 101
35257 99
35261 10
35291 85
35295 41
35320 53
35352 106
35353 63
35372 72
35406 105
35449 72
35473 80
35481 18
35510 98
35548 114
35567 39
35576 36
35600 14
35635 36
35669 79
35692 123
35708 54
35733 74
35760 113
35771 14
35795 79
35808 75
35819 101
35859 48
35874 35
35903 45
35941 18
35960 66
35989 14
36033 121
36038 39
36075 101
36098 36
36102 124
36135 37
36168 6
36194 4
36211 35
36222 30
36234 51
36243 106
36286 111
36298 35
36331 66
36373 14
36412 88
36444 76
36476 3
36491 105
36518 4
36537 98
36557 120
36572 14
36601 105
36612 90
36654 83
36672 1
36678 73
36719 71
36740 24
36763 84
36771 33
36816 33
36841 26
36876 38
36884 84
36888 60
36910 11
36935 3
36946 82
36969 113
36999 10
36999 76
37010 71
37015 76
37026 8
37049 44
37086 11
37096 11
37102 1
37121 107
37139 34
37159 8
37203 37
37238 25
37240 48
37265 34
37283 112
37293 94
37293 107
37318 85
37356 59
37398 74
37439 111
37462 124
37501 44
37541 107
37562 39
37597 26
37624 21
37649 43
37657 61
37691 41
37724 3
37740 110
37775 9
37820 83
37836 109
37836 24
37854 56
37892 83
37916 87
37921 52
37930 52
37964 84
37983 95
38028 16
38039 12
38075 48
38092 59
38095 125
38101 47
38131 2
38176 108
38186 18
38212 73
38254 30
38297 76
38304 92
38306 25
38307 27
38327 58
38348 47
38377 92
38388 3
38419 11
38423 18
38436 43
38474 83
38498 110
38513 52
38540 126
38551 111
38564 5
38568 125
38590 55
38598 89
38601 126
38609 121
38625 121
38668 81
38694 99
38717 68
38754 62
38763 20
38779 48
38788 55
38807 78
38823 39
38847 10
38853 43
38865 117
38882 112
38892 124
38899 9
38931 102
38961 50
38971 92
38988 116
38996 123
39018 56
39031 107
39066 67
39092 104
39101 54
39118 96
39157 2
39191 80
39219 108
39233 42
39246 126
39285 71
39288 73
39288 1
39293 88
39320 51
39361 28
39362 12
39386 15
39427 42
39427 55
39434 91
39466 75
39510 97
39520 65
39524 65
39558 78
39600 38
39619 63
39653 82
39653 83
39664 21
39700 118
39708 91
39752 7
39760 50
39796 115
39809 55
39826 113
39830 106
39836 57
39840 106
39843 23
39884 106
39928 27
39954 87
39969 22
39976 5
40011 92
40048 52
40088 30
40133 125
40144 19
40170 125
40198 27
40206 6
40211 42
40226 82
40263 88
40293 114
40321 39
40366 103
40382 84
40414 85
40419 1
40436 53
40459 112
40487 39
40530 96
40562 83
40562 98
40563 109
40582 100
40617 63
40629 13
40665 80
40688 75
40728 99
40739 11
40773 7
40813 23
40831 112
40875 21
40910 126
40920 33
40948 84
40978 76
40999 51
41011 124
41043 116
41069 79
41095 68
41104 33
41129 113
41162 69
41172 58
41196 30
41214 90
41236 59
41253 121
41289 42
41332 60
41357 123
41373 127
41377 47
41390 2
41434 101
41470 45
41475 35
41518 12
41527 67
41553 69
41591 101
41603 43
41648 41
41680 15
41708 47
41739 34
41773 112
41783 63
41808 65
41851 30
41873 127
41882 52
41913 84
41914 62
41930 107
41942 100
41954 65
41968 56
42003 68
42021 111
42060 94
42081 78
42098 127
42139 26
42172 106
42172 127
42180 84
42203 71
42224 46
42240 41
42253 110
42284 7
42284 26
42295 122
42336 12
42367 63
42374 44
42411 66
42444 32
42478 122
42516 69
42555 122
42593 88
42616 66
42642 19
42669 34
42683 58
42722 123
42749 73
42757 70
42765 88
42770 111
42782 109
42784 79
42796 42
42828 74
42863 51
42864 104
42880 116
42891 86
42903 63
42940 81
42950 63
42973 65
42994 24
43009 11
43012 66
43035 88
43057 106
43069 22
43084 100
43115 29
43129 87
43146 86
43171 51
43183 15
43214 4
43248 38
43249 76
43275 44
43303 12
43320 109
43331 75
43360 2
43379 39
43390 44
43435 106
43472 93
43507 122
43531 75
43566 117
43579 77
43593 4
43618 73
43622 70
43627 111
43654 37
43673 47
43695 16
43724 32
43724 55
43728 106
43752 79
43776 71
43809 47
43810 42
43812 96
43842 65
43876 122
43891 65
43935 90
43950 19
43966 11
43988 33
43990 69
44015 118
44055 19
44060 115
44075 91
44116 43
44152 39
44156 63
44177 81
44178 42
44200 44
44227 79
44244 19
44276 37
44287 77
44322 84
44358 111
44383 33
44403 84
44430 70
44459 119
44467 77
44485 74
44495 22
44500 112
44543 115
44577 13
44583 62
44606 98
44651 37
44665 55
44703 88
44719 31
44751 125
44763 37
44789 16
44816 58
44820 11
44830 45
44866 37
44908 77
44924 74
44959 64
44993 11
45021 15
45063 102
45089 35
45091 38
45125 120
45167 106
45170 105
45178 97
45189 13
45202 94
45236 53
45279 113
45310 72
45319 58
45352 100
45394 14
45434 42
45445 56
45448 25
45451 23
45475 3
45506 13
45536 106
45546 104
45558 14
45577 78
45619 18
45655 124
45692 81
45717 60
45738 105
45776 103
45784 96
45784 40
45825 64
45854 79
45891 54
45922 35
45931 114
45973 123
45974 94
45993 58
46008 100
46013 70
46029 83
46046 55
46071 111
46073 95
46092 31
46129 86
46162 74
46171 93
46189 127
46203 35
46217 85
46252 121
46268 18
46288 48
46303 50
46304 112
46315 114
46329 123
46356 104
46364 15
46390 118
46415 42
46426 3
46438 75
46466 43
46488 125
46518 68
46539 46
46583 107
46615 90
46643 43
46660 43
46697 26
46731 80
46755 40
46799 51
46830 40
46844 72
46854 17
46878 51
46909 80
46950 62
46961 108
46988 126
47020 93
47048 57
47055 45
47063 95
47088 43
47100 108
47132 31
47169 20
47180 24
47224 12
47250 114
47252 30
47268 18
47312 83
47329 30
47339 122
47383 84
47395 57
47397 107
47416 21
47422 17
47436 14
47457 30
47462 8
47471 114
47492 117
47499 35
47514 56
47554 114
47575 101
47591 123
47631 122
47652 87
47667 75
47670 25
47695 106
47699 125
47719 124
47728 12
47757 22
47757 4
47774 43
47785 126
47801 9
47822 2
47840 85
47850 97
47890 110
47894 14
47927 94
47971 16
47994 11
48037 15
48041 85
48056 125
48092 117
48128 17
48151 89
48177 10
48217 122
48249 78
48291 88
48335 101
48352 4
48372 55
48407 118
48451 18
48464 55
48482 16
48500 34
48502 29
48508 94
48543 49
48552 2
48597 1
48599 97
48633 24
48678 101
48709 72
48743 46
48778 40
48784 44
48789 76
48824 87
48856 31
48873 70
48908 113
48920 70
48939 11
48982 118
48990 86
49030 47
49073 103
49114 3
49118 48
49124 72
49159 49
49179 1
49202 80
49247 74
49273 117
49288 15
49314 117
49325 123
49351 66
49354 49
49386 123
49427 62
49455 21
49491 83
49522 83
49536 84
49544 43
49573 17
49602 16
49626 94
49651 31
49657 10
49693 26
49737 63
49740 90
49765 81
49768 34
49800 125
49834 125
49858 12
49876 123
49883 31
49910 108
49948 55
49959 77
49981 71
50008 64
50014 124
50034 1
50044 4
50065 28
50089 111
50132 4
50160 86
50205 35
50234 109
50259 37
50296 63
50306 86
50329 33
50344 65
50350 103
50375 97
50400 61
50428 64
50460 118
50464 116
50504 84
50543 110
50553 40
50567 79
50612 17
50631 120
50668 84
50695 108
50729 15
50745 89
50782 19
50810 47
50814 26
50826 88
50839 123
50846 90
50883 112
50908 114
50912 16
50928 80
50935 95
50950 14
50952 120
50981 78
51012 87
51020 39
51042 53
51058 82
51097 6
51137 111
51150 83
51186 94
51221 51
51230 76
51235 1
51269 18
51302 123
51332 99
51352 46
51387 86
51425 96
51440 30
51460 52
51493 78
51513 65
51515 82
51542 51
51574 122
51612 95
51639 116
51653 1
51682 110
51709 13
51731 31
51753 44
51781 38
51802 90
51814 74
51831 112
51847 53
51872 45
51883 66
51901 89
51917 32
51940 120
51962 95
51998 100
52003 82
52048 79
52059 4
52095 20
52127 76
52135 16
52156 88
52200 127
52227 50
52255 92
52284 95
52326 37
52331 55
52342 71
52368 74
52398 94
52442 2
52465 95
52504 96
52522 96
52530 93
52572 118
52578 67
52621 81
52663 58
52675 50
52682 26
52726 124
52764 121
52796 115
52827 43
52851 47
52880 97
52894 127
52911 13
52956 30
52965 5
52966 70
53005 96
53029 94
53066 22
53107 36
53146 37
53158 116
53189 62
53196 127
53206 11
53219 40
53242 50
53244 8
53257 29
53281 127
53294 92
53317 24
53320 12
53343 110
53371 35
53372 62
53391 90
53434 42
53470 45
53497 14
53524 108
53542 101
53579 78
53624 38
53655 49
53678 94
53689 86
53693 18
53710 60
53733 41
53774 120
53792 4
53822 80
53853 38
53853 20
53859 46
53879 41
53897 2
53930 23
53959 118
53973 25
54007 25
54027 43
54049 50
54085 102
54087 2
54095 17
54133 99
54133 39
54175 4
54202 66
54217 96
54227 114
54271 12
54273 39
54279 15
54307 16
54316 100
54343 65
54345 42
54387 91
54427 48
54444 110
54463 91
54478 61
54519 17
54520 64
54561 51
54584 44
54611 52
54630 69
54633 114
54652 32
54683 100
54687 68
54723 30
54736 50
54755 125
54779 116
54797 14
54838 5
54858 79
54882 90
54922 10
54955 114
54968 72
54990 21
55032 73
55064 56
55083 82
55116 122
55130 32
55155 109
55188 65
55203 22
55212 92
55231 50
55258 77
55299 59
55305 6
55306 12
55329 80
55333 36
55363 43
55398 29
55437 107
55438 67
55438 67
55447 73
55454 23
55482 115
55524 46
55557 50
55562 102
55599 126
55604 29
55647 100
55663 83
55693 18
55729 35
55747 9
55764 49
55804 83
55817 122
55857 73
55902 40
55912 88
55939 76
55962 44
55963 127
56002 123
56029 73
56036 27
56037 25
56068 75
56101 59
56115 83
56150 52
56186 98
56219 79
56256 64
56286 55
56315 95
56347 11
56359 58
56390 117
56391 75
56414 65
56453 105
56478 91
56497 2
56528 84
56557 76
56601 72
56604 9
56623 14
56631 79
56654 37
56661 47
56667 90
56707 108
56720 59
56722 5
56747 21
56769 85
56785 109
56820 2
56839 98
56878 21
56917 98
56943 125
56975 78
56992 116
57007 20
57014 115
57039 54
57050 101
57068 117
57091 96
57098 79
57142 5
57175 86
57198 103
57215 19
57241 18
57253 18
57295 122
57303 113
57315 20
57328 126
57352 14
57357 127
57397 105
57403 126
57443 126
57444 23
57453 35
57496 122
57520 46
57557 101
57585 35
57588 62
57618 17
57645 104
57658 24
57685 22
57685 8
57693 63
57722 47
57739 32
57761 14
57791 26
57833 22
57838 31
57845 17
57886 125
57894 67
57907 8
57935 118
57953 106
57972 117
57980 109
57998 77
58000 64
58024 88
58035 116
58037 28
58067 68
58106 103
58148 29
58160 29
58190 50
58201 30
58203 5
58238 116
58269 36
58311 100
58329 88
58330 37
58371 25
58385 61
58398 9
58418 48
58418 47
58449 39
58466 78
58501 44
58511 101
58516 117
58539 8
58559 39
58593 16
58637 73
58644 65
58672 28
58694 127
58711 8
58712 96
58733 64
58776 22
58798 38
58808 114
58814 122
58830 2
58854 15
58877 72
58879 22
58892 122
58914 16
58959 90
58979 70
58984 69
59023 107
59023 89
59051 88
59059 62
59063 39
59065 126
59102 5
59138 38
59178 22
59202 75
59225 7
59263 83
59299 69
59301 49
59336 84
59340 84
59342 118
59357 8
59376 109
59380 40
59411 117
59415 64
59415 71
59445 78
59483 76
59526 90
59561 83
59598 38
59611 34
59632 50
59639 109
59659 92
59666 41
59687 115
59700 63
59705 50
59718 10
59728 104
59729 44
59770 101
59770 57
59795 43
59821 11
59832 100
59877 89
59885 10
59898 13
59916 80
59936 57
59946 12
59991 14
60021 125
60030 81
60045 11
60045 59
60055 1
60097 5
60142 48
60150 79
60170 53
60200 56
60201 87
60209 62
60223 45
60250 121
60273 95
60310 124
60333 127
60360 75
60399 106
60434 13
60437 120
60454 43
60496 20
60535 46
60549 86
60584 5
60608 119
60609 73
60650 94
60683 127
60717 71
60729 7
60771 40
60783 102
60788 31
60826 33
60843 91
60882 61
60901 41
60908 116
60926 77
60950 117
60974 109
61001 99
61026 48
61068 126
61111 69
61122 64
61131 42
61159 17
61202 102
61241 65
61262 42
61302 86
61344 79
61349 95
61368 42
61399 42
61420 109
61438 28
61444 8
61480 1
61500 42
61529 73
61562 115
61587 26
61610 114
61646 79
61665 45
61679 52
61691 28
61732 63
61743 93
61767 88
61779 126
61796 107
61805 65
61807 97
61830 35
61868 51
61870 49
61894 86
61934 115
61938 106
61982 20
62006 80
62041 9
62058 11
62093 62
62110 7
62122 16
62159 72
62159 93
62167 13
62210 43
62231 114
62271 41
62272 31
62316 73
62317 16
62329 93
62347 113
62370 127
62372 104
62383 62
62400 113
62418 41
62448 48
62484 116
62498 76
62510 95
62543 60
62554 114
62588 87
62632 60
62635 76
62647 87
62665 70
62701 25
62702 63
62741 67
62766 76
62809 77
62817 24
62837 24
62860 80
62869 47
62911 19
62918 35
62945 10
62965 19
63000 118
63006 99
63043 36
63066 17
63089 66
63100 8
63136 16
63161 9
63173 81
63174 120
63181 119
63212 2
63215 47
63252 54
63265 105
63301 1
63341 116
63373 33
63374 1
63391 94
63408 34
63418 35
63444 75
63469 115
63513 75
63543 37
63551 42
63584 58
63609 9
63647 33
63669 4
63694 16
63737 109
63770 120
63810 64
63813 91
63824 27
63864 11
63873 36
63900 61
63920 123
63921 100
63946 106
63978 28
64004 66
64026 125
64052 82
64053 48
64077 108
64082 47
64091 68
64113 37
64156 6
64163 11
64202 2
64243 104
64287 91
64324 74
64340 44
64346 20
64371 73
64373 77
64405 69
64406 42
64429 109
64467 20
64473 67
64488 11
64490 53
64503 47
64528 20
64547 123
64567 15
64583 91
64590 77
64600 80
64617 50
64660 20
64660 18
64691 82
64691 90
64699 115
64726 96
64753 46
64760 94
64784 35
64804 39
64824 16
64864 32
64874 3
64887 9
64904 109
64924 12
64943 45
64981 60
64991 42
65013 23
65014 10
65039 111
65069 83
65092 2
65113 31
65114 33
65136 126
65166 56
65181 52
65195 7
65203 112
65220 26
65243 101
65254 90
65277 15
65290 30
65307 40
65323 43
65342 60
65375 98
65377 75
65393 95
65418 113
65422 15
65438 94
65474 52
65484 110
65511 52
65539 11
65574 39
65614 1
65640 123
65676 14
65706 15
65751 47
65788 110
65811 101
65834 52
65877 120
65881 26
65914 105
65917 126
65946 19
65955 55
65977 25
66017 84
66059 47
66064 33
66095 62
66107 115
66150 73
66150 110
66154 75
66196 74
66236 115
66248 62
66277 69
66312 34
66352 116
66385 31
66422 86
66451 51
66479 118
66486 37
66490 70
66530 1
66534 21
66556 52
66585 31
66599 61
66618 72
66652 8
66661 58
66666 93
66678 99
66704 55
66733 65
66743 118
66780 39
66791 72
66800 32
66808 106
66848 50
66882 76
66920 119
66951 9
66979 42
66997 29
67005 70
67015 112
67033 16
67062 64
67102 74
67103 118
67105 125
67108 81
67115 102
67122 62
67164 100
67201 16
67242 76
67249 1
67277 48
67302 55
67321 67
67339 55
67380 11
67380 127
67411 14
67453 100
67461 127
67497 97
67532 20
67549 47
67584 70
67611 3
67646 116
67661 113
67669 46
67679 46
67693 116
67720 55
67727 81
67754 21
67794 20
67800 62
67803 93
67804 7
67839 76
67857 41
67871 56
67881 13
67891 83
67900 24
67923 43
67934 44
67972 127
68007 76
68034 127
68077 124
68112 20
68153 86
68153 5
68190 2
68232 118
68248 83
68268 107
68302 116
68306 67
68329 41
68337 39
68348 29
68371 55
68401 54
68435 47
68453 105
68453 2
68472 104
68472 50
68488 97
68488 93
68524 73
68550 105
68571 110
68593 92
68601 122
68627 30
68629 60
68654 104
68663 79
68692 103
68694 90
68702 69
68715 77
68749 4
68766 94
68768 29
68792 51
68818 44
68839 99
68853 49
68893 21
68928 54
68973 94
68986 122
69023 18
69044 100
69075 7
69120 86
69131 69
69172 56
69185 8
69187 91
69197 5
69240 60
69278 70
69303 99
69306 69
69318 21
69353 91
69390 112
69413 124
69439 25
69446 91
69458 116
69478 4
69497 10
69525 122
69570 25
69591 5
69593 10
69619 7
69662 65
69688 46
69706 53
69727 114
69731 58
69772 4
69783 95
69813 20
69843 78
69877 100
69884 30
69903 34
69909 70
69930 49
69957 5
69970 106
69990 126
70033 18
70046 22
70086 29
70127 53
70152 117
70171 81
70197 33
70231 45
70266 91
70268 70
70291 39
70308 38
70322 76
70366 118
70381 7
70387 25
70423 102
70466 105
70478 11
70486 35
70515 27
70530 26
70535 85
70570 111
70583 107
70592 56
70596 23
70620 108
70665 33
70679 43
70703 29
70739 121
70746 104
70787 88
70788 16
70813 107
70827 117
70841 48
70863 104
70900 62
70934 6
70939 12
70984 80
71001 75
71029 73
71060 119
71072 19
71110 1
71133 99
71176 61
71212 25
71221 117
71236 118
71239 112
71264 5
71269 28
71300 1
71337 60
71356 46
71378 45
71391 117
71419 7
71451 115
71456 20
71456 113
71494 127
71500 34
71534 19
71569 101
71582 22
71614 102
71635 26
71639 7
71670 101
71680 34
71700 88
71739 26
71757 90
71795 83
71804 67
71808 13
71849 27
71849 26
71891 75
71909 114
71947 21
71961 122
71998 101
72038 26
72078 39
72107 68
72130 74
72166 62
72183 70
72209 118
72215 57
72259 94
72295 103
72302 22
72311 106
72311 62
72354 111
72378 124
72382 59
72415 122
72440 5
72469 13
72500 29
72540 106
72562 61
72589 18
72592 63
72636 17
72648 39
72685 30
72686 17
72687 119
72692 88
72718 16
72736 34
72767 68
72784 47
72824 99
72861 37
72894 82
72923 27
72927 31
72961 45
73001 102
73007 83
73037 86
73065 30
73097 70
73117 67
73162 14
73206 58
73231 96
73250 50
73277 67
73304 65
73310 58
73342 69
73361 28
73396 15
73431 44
73458 97
73477 4
73481 12
73518 24
73521 52
73535 112
73554 60
73583 32
73626 104
73643 127
73679 57
73715 89
73760 11
73801 104
73803 43
73814 95
73838 75
73842 31
73868 44
73886 24
73896 95
73920 70
73929 24
73934 35
73934 6
73963 105
73990 27
74018 35
74030 53
74075 127
74086 100
74100 18
74126 27
74145 61
74189 11
74229 96
74262 123
74262 65
74292 49
74331 34
74356 60
74371 1
74371 52
74411 68
74419 69
74429 90
74443 44
74488 71
74504 69
74512 110
74544 43
74555 12
74581 80
74591 111
74596 80
74624 63
74653 45
74690 50
74695 7
74712 112
74715 24
74756 84
74777 10
74817 40
74841 8
74864 48
74895 78
74912 8
74913 94
74933 8
74957 14
75001 107
75014 75
75029 23
75060 8
75102 75
75126 6
75150 125
75161 8
75170 121
75185 122
75227 125
75237 54
75247 112
75284 98
75293 30
75332 47
75375 55
75386 12
75408 51
75446 10
75489 112
75495 69
75516 3
75548 74
75584 5
75610 35
75649 32
75666 62
75669 31
75679 44
75699 101
75711 66
75729 47
75771 25
75807 58
75847 6
75847 82
75875 3
75896 8
75936 67
75944 74
75989 3
76004 45
76049 12
76093 14
76120 67
76140 8
76167 70
76168 93
76193 63
76198 79
76225 109
76258 39
76275 48
76300 32
76306 90
76316 26
76351 90
76356 68
76386 107
76427 86
76430 93
76446 101
76478 44
76522 8
76565 118
76569 115
76592 79
76594 119
76627 48
76649 61
76658 28
76685 115
76715 74
76751 64
76786 26
76821 37
76844 14
76880 96
76923 1
76949 76
76994 11
77032 44
77050 69
77070 7
77089 104
77120 18
77155 68
77198 85
77234 69
77277 95
77287 19
77311 63
77315 87
77341 60
77344 118
77381 75
77411 125
77439 108
77443 15
77465 123
77509 99
77511 25
77532 78
77572 98
77582 46
77598 22
77630 25
77645 126
77657 41
77702 1
77712 96
77741 10
77764 104
77805 115
77813 23
77833 40
77852 42
77894 8
77923 16
77933 29
77974 15
77995 18
78013 80
78019 97
78021 79
78058 42
78096 44
78113 102
78153 34
78174 51
78180 106
78206 86
78235 83
78237 73
78258 62
78276 38
78293 55
78337 55
78379 5
78402 35
78439 24
78481 62
78519 11
78550 16
78567 125
78606 123
78606 49
78622 18
78644 55
78688 12
78696 80
78717 127
78760 13
78799 65
78827 6
78847 39
78857 39
78901 21
78930 119
78957 47
78963 47
79002 53
79018 44
79026 3
79065 91
79092 59
79094 50
79118 53
79132 3
79152 26
79195 78
79226 44
79254 104
79254 78
79287 55
79316 38
79352 53
79390 117
79428 14
79473 64
79488 73
79531 9
79531 126
79545 76
79576 27
79603 13
79612 28
79643 90
79662 119
79681 24
79686 53
79716 82
79747 60
79786 47
79799 59
79804 38
79837 117
79838 17
79847 123
79879 86
79890 86
79893 52
79926 80
79929 99
79957 14
79987 81
80012 40
80042 2
80042 37
80078 116
80081 17
80101 52
80137 68
80161 89
80185 31
80200 18
80211 83
80245 57
80245 90
80290 28
80292 46
80307 117
80332 91
80359 23
80403 55
80410 12
80450 70
80463 103
80465 24
80469 82
80477 53
80479 90
80499 2
80501 51
80528 122
80567 29
80577 67
80586 106
80596 7
80602 102
80618 18
80656 80
80694 108
80723 68
80731 76
80764 58
80795 87
80831 92
80859 66
80863 2
80866 61
80889 112
80916 43
80939 45
80945 100
80984 57
81001 113
81044 79
81072 55
81091 6
81108 22
81133 96
81153 82
81194 41
81210 28
81239 33
81279 51
81296 69
81336 111
81347 61
81390 92
81411 95
81447 7
81470 20
81472 89
81507 67
81525 2
81541 2
81570 66
81605 70
81646 60
81674 26
81691 63
81707 4
81732 104
81754 24
81771 90
81797 77
81812 9
81813 112
81824 100
81868 51
81868 96
81876 94
81918 119
81941 99
81956 30
81991 119
82013 71
82045 54
82058 7
82071 96
82111 40
82134 114
82169 64
82203 81
82217 123
82234 85
82270 120
82272 107
82273 26
82290 109
82296 34
82333 12
82370 32
82374 114
82389 35
82421 76
82445 40
82476 30
82519 107
82555 104
82595 8
82615 32
82646 48
82662 122
82679 21
82715 99
82732 106
82739 1
82773 112
82805 102
82814 93
82838 48
82871 127
82908 89
82933 50
82957 43
82989 45
83022 100
83049 6
83085 100
83113 91
83129 71
83141 120
83148 47
83191 83
83205 98
83214 122
83250 67
83260 7
83297 110
83335 123
83342 121
83380 88
83420 109
83423 17
83440 73
83441 36
83442 126
83464 64
83486 61
83487 119
83504 56
83506 23
83533 119
83542 72
83551 107
83573 3
83607 31
83618 82
83649 79
83689 54
83717 83
83738 127
83774 125
83818 94
83833 115
83843 52
83849 109
83863 105
83864 76
83882 34
83896 107
83920 95
83955 27
83964 34
83989 51
84007 2
84026 89
84027 65
84035 118
84073 55
84100 73
84106 82
84122 16
84122 23
84141 72
84149 25
84193 72
84231 51
84233 13
84235 34
84263 34
84285 26
84298 74
84308 32
84344 45
84369 60
84407 105
84428 99
84470 22
84479 55
84485 53
84512 76
84553 110
84565 33
84574 1
84592 84
84607 94
84632 57
84663 68
84675 15
84694 38
84730 99
84730 78
84769 125
84812 24
84856 47
84870 65
84906 10
84946 12
84951 90
84951 126
84967 109
84981 42
84983 64
85003 5
85011 75
85013 3
85041 99
85073 21
85084 38
85090 60
85109 66
85135 38
85157 16
85178 110
85193 45
85217 89
85241 7
85272 65
85284 30
85326 39
85348 29
85358 41
85368 37
85390 83
85425 99
85453 14
85494 58
85508 101
85551 78
85575 56
85592 94
85592 39
85592 46
85613 8
85647 98
85676 126
85714 8
85747 54
85762 1
85764 106
85803 11
85847 79
85865 95
85894 99
85895 17
85900 65
85927 55
85963 69
85983 32
85995 11
86000 108
86017 74
86030 87
86069 63
86081 97
86103 96
86144 12
86186 100
86220 83
86256 78
86261 4
86282 111
86307 101
86340 75
86344 116
86362 107
86405 23
86438 85
86445 42
86454 52
86485 62
86504 37
86529 110
86547 87
86578 83
86596 27
86639 30
86669 16
86677 110
86678 98
86697 67
86724 47
86729 113
86758 6
86761 39
86801 49
86810 57
86830 20
86830 12
86830 12
86850 81
86882 1
86895 77
86927 3
86951 90
86988 27
86996 9
87003 71
87037 108
87041 124
87083 106
87099 77
87104 26
87114 63
87146 43
87152 103
87173 30
87217 25
87254 108
87270 1
87310 85
87344 5
87347 18
87362 121
87405 17
87405 88
87413 16
87431 34
87462 94
87485 97
87486 57
87514 28
87538 35
87582 54
87593 19
87637 19
87643 87
87686 35
87687 27
87709 57
87710 113
87750 48
87779 48
87818 25
87828 6
87840 65
87875 4
87875 53
87913 97
87914 51
87923 66
87941 78
87976 83
87989 50
88012 17
88030 101
88074 8
88095 125
88097 108
88121 95
88159 74
88171 45
88205 33
88216 14
88256 15
88281 50
88314 26
88327 2
88353 64
88383 87
88402 27
88431 113
88436 117
88467 9
88478 37
88491 69
88514 78
88521 92
88563 70
88592 92
88622 62
88658 126
88686 58
88719 112
88764 37
88798 21
88804 92
88827 58
88872 81
88907 103
88919 53
88947 84
88965 6
88985 122
89005 56
89031 17
89061 80
89073 100
89099 89
89121 101
89124 62
89132 38
89160 116
89162 62
89207 24
89225 112
89270 126
89305 20
89327 72
89353 21
89365 96
89366 16
89366 75
89386 12
89423 71
89428 17
89451 119
89474 88
89508 22
89545 99
89579 22
89612 75
89616 7
89641 49
89646 103
89654 22
89654 47
89688 36
89731 65
89748 96
89776 122
89790 41
89798 62
89798 77
89829 23
89833 113
89841 98
89857 81
89890 48
89892 106
89925 9
89957 106
89965 106
90008 113
90036 82
90060 85
90094 47
90099 72
90124 82
90128 24
90142 12
90163 12
90205 126
90245 42
90250 8
90270 17
90276 54
90276 68
90314 90
90325 75
90336 95
90361 127
90384 80
90408 26
90433 106
90450 107
90459 6
90486 119
90519 11
90555 104
90575 120
90605 10
90636 71
90672 119
90705 61
90711 16
90741 78
90754 85
90772 103
90782 29
90827 43
90837 64
90864 85
90872 120
90914 32
90938 101
90982 87
90984 121
90999 40
91036 72
91073 96
91081 111
91096 16
91123 75
91152 59
91165 25
91168 57
91174 18
91212 81
91221 54
91261 116
91292 9
91297 73
91319 30
91321 106
91360 48
91376 120
91410 102
91455 63
91472 7
91507 20
91520 54
91522 88
91547 127
91557 66
91569 21
91608 93
91652 50
91683 4
91714 7
91728 117
91744 73
91786 59
91796 110
91825 38
91831 39
91873 27
91880 14
91923 94
91953 37
91972 90
92013 11
92053 80
92084 117
92105 59
92136 51
92157 124
92196 4
92237 24
92267 77
92286 3
92321 2
92356 119
92391 86
92407 33
92415 53
92426 127
92435 79
92437 37
92458 45
92501 11
92533 124
92563 30
92582 64
92619 78
92630 112
92675 31
92689 63
92704 72
92713 72
92733 101
92762 85
92771 34
92796 92
92838 86
92847 18
92852 3
92889 118
92931 92
92955 110
92982 32
92985 113
92995 89
93003 90
93031 76
93069 14
93100 21
93111 81
93120 50
93148 70
93153 30
93154 110
93183 25
93195 96
93220 54
93227 67
93258 99
93288 14
93322 23
93336 32
93364 2
93386 45
93389 27
93396 105
93433 38
93468 102
93513 87
93513 72
93558 102
93579 93
93594 107
93635 76
93638 116
93676 114
93720 24
93742 90
93754 113
93759 63
93765 82
93796 42
93835 114
93874 15
93881 35
93902 125
93927 76
93953 29
93992 46
94035 46
94065 120
94075 1
94118 36
94153 56
94154 79
94166 47
94196 2
94222 66
94231 47
94236 82
94271 104
94279 34
94303 4
94347 6
94382 96
94414 84
94423 48
94457 19
94478 38
94512 104
94553 8
94576 96
94592 84
94596 33
94618 106
94631 65
94656 23
94660 110
94676 59
94717 119
94729 121
94737 45
94747 113
94753 18
94762 54
94775 97
94782 13
94804 58
94820 12
94843 34
94859 9
94882 45
94895 91
94905 81
94946 22
94985 109
95002 2
95024 107
95034 92
95049 126
95089 88
95104 47
95149 48
95149 63
95188 118
95218 55
95235 89
95279 125
95286 91
95296 95
95323 85
95326 83
95358 94
95360 27
95383 7
95418 6
95453 121
95468 96
95508 70
95509 96
95539 79
95567 91
95586 120
95631 97
95659 33
95686 65
95692 8
95695 35
95695 116
95712 45
95743 120
95750 126
95785 84
95787 117
95821 73
95840 11
95856 7
95883 77
95883 77
95923 76
95927 109
95941 116
95970 114
95987 67
96013 70
96019 112
96030 25
96063 18
96086 68
96124 31
96134 55
96173 69
96217 76
96231 84
96266 108
96272 30
96298 61
96298 17
96334 48
96356 62
96399 96
96400 34
96433 11
96470 54
96488 110
96526 107
96527 1
96544 19
96584 65
96624 72
96648 109
96658 44
96669 63
96698 7
96733 38
96747 17
96763 94
96802 11
96844 95
96847 123
96853 92
96866 103
96885 51
96896 13
96897 68
96924 71
96958 114
96967 108
97001 106
97005 29
97029 11
97072 122
97094 95
97121 123
97164 35
97189 91
97209 7
97230 94
97234 48
97269 10
97291 83
97329 19
97349 83
97390 127
97403 20
97413 11
97434 52
97446 80
97456 123
97466 100
97493 97
97525 73
97534 118
97567 45
97608 26
97642 16
97658 75
97676 15
97713 91
97733 4
97738 76
97743 12
97750 88
97755 87
97781 2
97809 8
97836 11
97878 114
97886 104
97926 46
97938 80
97954 13
97954 90
97998 36
98022 102
98026 6
98034 83
98066 30
98092 12
98110 32
98129 49
98139 20
98184 57
98192 39
98204 127
98208 104
98231 56
98238 84
98256 53
98285 115
98330 64
98346 108
98382 19
98388 107
98391 99
98410 73
98416 68
98459 31
98465 54
98491 110
98492 56
98500 99
98506 111
98518 95
98559 85
98586 48
98627 15
98657 98
98680 9
98704 46
98713 65
98718 16
98729 74
98764 27
98794 76
98828 92
98836 6
98847 76
98888 85
98929 83
98936 64
98964 69
98998 13
99016 88
99032 113
99034 27
99055 43
99098 23
99113 52
99120 30
99141 109
99168 26
99198 83
99219 14
99249 33
99265 64
99287 65
99318 61
99324 58
99331 124
99334 21
99354 78
99397 86
99405 95
99407 85
99415 116
99430 66
99439 63
99480 37
99481 45
99520 30
99560 82
99572 102
99599 24
99625 55
99644 45
99680 2
99713 87
99753 127
99797 49
99803 55
99823 12
99828 61
99854 25
99898 37
99924 20
99947 127
99970 88
99999 8
100036 127
100074 95
100088 16
100132 82
100158 121
100170 112
100172 19
100198 122
100226 87
100233 69
100269 78
100308 69
100339 21
100375 2
100412 65
100434 3
100434 71
100469 19
100501 123
100513 48
100515 88
100517 75
100538 47
100543 88
100572 101
100594 63
100634 78
100641 5
100645 1
100645 118
100650 3
100659 4
100691 52
100715 53
100727 27
100763 53
100807 95
100852 113
100871 108
100888 76
100923 66
100928 81
100964 120
100966 51
100980 73
100984 40
100985 26
101022 54
101031 85
101038 17
101083 105
101127 112
101151 86
101170 75
101176 95
101184 105
101209 45
101246 99
101250 4
101264 37
101265 50
101297 77
101332 32
101367 18
101387 25
101397 25
101437 83
101448 94
101459 44
101502 62
101521 65
101555 98
101579 76
101614 8
101623 74
101655 71
101683 99
101714 126
101721 49
101736 2
101757 102
101773 81
101812 68
101843 86
101873 110
101901 32
101924 118
101950 113
101971 22
101972 68
101985 22
101999 123
102027 50
102050 25
102068 15
102112 116
102134 93
102171 43
102197 53
102225 62
102268 93
102284 105
102308 61
102353 73
102395 31
102413 117
102435 39
102454 115
102459 46
102502 4
102508 20
102535 54
102576 10
102599 11
102620 98
102661 71
102694 100
102715 25
102719 16
102762 70
102792 62
102798 14
102827 78
102854 4
102897 6
102937 49
102970 93
103011 99
103044 121
103050 118
103085 79
103087 80
103108 101
103136 107
103179 81
103187 33
103231 53
103234 124
103252 30
103293 17
103319 8
103345 84
103349 85
103364 121
103367 45
103381 86
103400 34
103440 10
103465 6
103487 76
103496 89
103522 95
103558 59
103600 41
103601 121
103607 60
103647 120
103649 7
103694 70
103726 23
103752 33
103783 102
103807 124
103842 31
103874 47
103899 65
103933 26
103937 101
103962 25
103973 7
103990 111
104014 47
104023 104
104034 1
104038 113
104047 73
104083 35
104083 126
104083 112
104085 1
104090 64
104116 121
104146 54
104153 21
104164 87
104209 27
104239 49
104239 125
104280 84
104323 61
104325 89
104361 49
104401 36
104418 110
104439 21
104477 113
104501 45
104512 48
104524 15
104547 51
104578 102
104615 126
104655 122
104656 29
104672 114
104696 27
104723 41
104761 4
104790 99
104802 73
104825 55
104836 27
104876 35
104891 120
104921 35
104949 94
104949 60
104984 97
105017 23
105037 75
105047 29
105092 113
105099 28
105127 99
105136 96
105157 10
105181 34
105183 95
105213 76
105219 94
105226 9
105235 12
105254 13
105271 110
105291 76
105293 42
105329 16
105360 40
105385 95
105386 86
105421 10
105459 114
105460 79
105492 32
105532 108
105573 22
105600 34
105632 19
105677 8
105705 76
105732 127
105772 92
105780 35
105790 66
105823 26
105824 64
105840 44
105854 69
105857 50
105867 4
105898 27
105915 49
105951 101
105989 24
106015 120
106023 124
106057 123
106093 21
106123 68
106142 91
106177 81
106210 69
106228 55
106241 47
106283 8
106308 88
106352 14
106374 59
106392 127
106412 45
106428 17
106439 34
106455 65
106478 90
106517 96
106518 71
106550 110
106579 105
106595 49
106616 110
106640 118
106652 37
106683 61
106685 76
106702 31
106706 92
106718 42
106745 36
106752 73
106792 108
106810 13
106834 88
106864 32
106899 64
106926 9
106966 98
106993 15
107003 119
107006 64
107036 44
107051 36
107084 13
107124 125
107144 35
107181 92
107211 68
107214 27
107241 118
107258 1
107269 115
107284 109
107308 12
107351 7
107360 49
107373 120
107392 90
107408 115
107412 125
107452 108
107462 14
107507 98
107551 94
107576 122
107610 112
107650 127
107674 13
107717 104
107758 124
107775 9
107791 120
107815 7
107842 12
107855 28
107887 56
107893 104
107904 55
107909 61
107927 104
107954 15
107978 6
107979 122
107993 104
108033 5
108073 118
108082 16
108104 126
108113 83
108134 71
108169 91
108207 13
108232 5
108270 86
108303 26
108316 65
108328 44
108344 9
108358 49
108388 60
108391 11
108420 60
108451 94
108464 25
108490 52
108522 62
108542 43
108569 25
108579 25
108608 85
108620 94
108632 36
108666 28
108705 7
108710 123
108716 87
108737 46
108779 108
108815 50
108857 98
108900 115
108932 78
108962 69
108998 57
109020 74
109054 127
109074 21
109116 68
109148 127
109175 58
109176 59
109209 94
109211 81
109244 43
109264 80
109269 11
109274 117
109290 7
109330 107
109343 72
109370 40
109412 70
109451 50
109479 91
109518 71
109559 38
109559 12
109577 88
109601 49
109627 28
109650 104
109672 81
109701 75
109722 99
109725 41
109746 46
109776 93
109815 23
109818 36
109849 122
109882 74
109905 44
109917 97
109946 66
109972 42
109996 22
110012 118
110030 26
110046 90
110091 47
110136 88
110171 40
110185 39
110213 4
110218 34
110237 87
110246 76
110275 84
110297 3
110318 109
110325 37
110344 60
110351 59
110361 8
110406 18
110418 30
110461 122
110488 29
110519 63
110538 44
110562 77
110581 24
110585 86
110628 104
110648 94
110665 48
110675 27
110714 94
110740 45
110746 49
110784 111
110814 79
110828 10
110834 112
110874 64
110891 101
110916 123
110918 43
110947 4
110974 118
111018 44
111058 48
111079 22
111107 17
111135 122
111146 36
111149 84
111188 49
111189 120
111229 61
111253 15
111288 120
111300 66
