0 126
30 126
32 30
73 16
114 9
153 27
165 89
181 122
208 61
223 49
266 112
295 30
317 78
357 117
361 127
404 23
412 7
437 118
443 16
472 2
500 116
545 105
586 117
614 23
648 93
681 107
695 29
725 69
748 11
783 27
818 2
822 56
844 124
864 93
867 95
903 30
937 51
974 83
988 98
1002 115
1030 63
1046 109
1088 120
1114 91
1151 22
1165 84
1192 83
1209 91
1219 69
1243 97
1266 114
1288 39
1315 123
1334 9
1356 118
1393 83
1417 122
1429 9
1456 63
1493 103
1528 8
1558 121
1559 57
1563 52
1603 25
1644 11
1677 123
1689 95
1709 89
1744 15
1755 39
1798 24
1799 39
1823 29
1849 1
1862 53
1863 81
1889 76
1927 3
1948 78
1990 112
1997 43
2039 18
2049 7
2092 23
2128 3
2160 45
2196 102
2233 84
2261 21
2295 10
2300 90
2327 88
2350 24
2386 107
2414 116
2455 3
2495 66
2495 93
2512 1
2534 19
2536 18
2581 101
2609 41
2631 54
2646 106
2674 57
2691 32
2726 37
2732 1
2758 86
2771 54
2773 101
2803 44
2848 111
2892 106
2908 11
2928 4
2945 58
2956 81
2962 34
2999 94
3021 29
3042 71
3047 84
3087 86
3105 57
3113 77
3128 36
3138 84
3178 13
3181 26
3202 46
3213 5
3216 28
3228 103
3252 18
3254 78
3269 97
3296 65
3321 5
3330 90
3361 95
3386 44
3404 67
3416 63
3449 43
3479 106
3522 91
3524 3
3548 32
3587 68
3630 108
3652 40
3680 35
3723 63
3724 38
3762 53
3798 97
3825 63
3832 123
3847 116
3879 52
3915 40
3941 23
3953 70
3980 77
4016 31
4030 115
4069 14
4096 62
4108 30
4136 21
4170 99
4202 125
4224 70
4234 22
4242 45
4243 113
4244 29
4245 14
4282 109
4312 65
4327 4
4352 122
4389 31
4410 7
4416 77
4449 84
4449 79
4453 107
4473 109
4479 112
4489 91
4519 103
4524 42
4531 107
4569 96
4614 45
4646 14
4652 15
4695 71
4731 18
4754 12
4795 57
4832 55
4876 120
4902 79
4907 74
4923 80
4926 105
4966 35
5007 111
5007 71
5020 109
5047 81
5076 13
5096 97
5119 6
5132 123
5151 56
5180 37
5213 35
5214 109
5229 40
5237 38
5251 71
5257 55
5282 79
5304 104
5309 127
5317 65
5323 105
5359 94
5399 98
5423 61
5433 8
5464 53
5483 109
5504 106
5537 94
5580 76
5625 126
5664 57
5707 67
5738 44
5772 75
5774 97
5790 61
5795 8
5820 118
5851 89
5890 125
5910 48
5937 18
5970 100
6005 113
6025 9
6057 8
6059 8
6080 6
6123 67
6134 110
6155 19
6189 47
6217 21
6237 5
6253 3
6270 53
6312 39
6340 11
6343 91
6374 14
6409 111
6422 123
6465 68
6505 103
6536 66
6554 44
6585 102
6596 102
6613 30
6621 78
6654 70
6693 4
6697 102
6739 22
6776 85
6794 126
6829 20
6831 81
6845 9
6854 73
6890 47
6926 53
6935 48
6960 22
6985 118
7021 106
7059 42
7080 19
7094 80
7103 78
7123 31
7123 58
7133 98
7150 43
7179 104
7200 57
7235 101
7265 43
7271 78
7291 112
7326 11
7361 19
7382 44
7403 110
7418 10
7423 127
7451 47
7474 98
7507 122
7540 50
7540 100
7552 119
7561 121
7603 113
7647 101
7687 42
7704 100
7731 39
7756 35
7794 30
7823 44
7851 90
7879 40
7893 58
7893 98
7934 38
7952 22
7962 31
7980 70
7989 31
8001 98
8027 32
8065 71
8067 18
8107 100
8121 40
8134 49
8145 100
8152 19
8197 71
8214 64
8223 121
8268 32
8281 65
8296 19
8314 122
8330 35
8365 46
8371 26
8378 62
8416 18
8436 82
8438 111
8477 61
8491 25
8521 66
8540 27
8552 83
8555 25
8596 107
8603 21
8604 80
8606 35
8606 8
8611 58
8627 1
8670 15
8682 44
8718 93
8747 110
8769 8
8785 99
8813 17
8827 48
8841 37
8852 113
8857 60
8902 26
8923 117
8956 2
8969 48
9014 30
9047 100
9073 66
9111 60
9138 50
9171 98
9210 41
9231 72
9245 26
9263 40
9264 115
9304 3
9305 69
9338 54
9362 94
9384 61
9412 71
9444 51
9466 57
9479 49
9521 20
9529 22
9554 52
9592 103
9631 123
9635 88
9660 37
9694 20
9705 105
9717 92
9720 76
9737 125
9780 2
9820 81
9858 7
9886 61
9917 6
9952 121
9983 80
10019 126
10053 25
10089 17
10109 95
10151 47
10191 17
10227 109
10236 55
10266 29
10282 89
10302 101
10331 34
10333 12
10361 120
10379 24
10390 8
10426 120
10464 4
10478 30
10490 125
10505 74
10534 124
10577 103
10615 25
10615 66
10658 77
10674 121
10688 43
10705 73
10705 49
10706 26
10719 107
10723 6
10734 75
10764 10
10790 95
10824 72
10846 127
10863 14
10867 9
10903 47
10911 95
10913 62
10956 74
10962 36
10996 50
11035 79
11046 29
11067 73
11080 73
11112 15
11112 86
11150 53
11182 61
11206 113
11238 116
11239 36
11250 30
11285 112
11307 58
11346 125
11377 74
11415 90
11457 10
11487 1
11506 52
11543 33
11565 85
11573 75
11607 18
11616 113
11622 88
11622 43
11646 80
11673 114
11702 57
11732 52
11739 101
11770 27
11794 30
11822 2
11830 82
11874 66
11903 22
11946 7
11982 70
11996 55
12036 108
12075 11
12118 125
12148 87
12156 42
12179 116
12185 49
12220 117
12253 20
12275 43
12320 103
12365 94
12392 27
12437 124
12450 23
12473 89
12481 72
12488 92
12522 31
12544 105
12560 127
12578 124
12604 100
12629 55
12673 120
12673 43
12680 55
12709 57
12739 61
12774 57
12798 3
12801 50
12840 72
12855 80
12868 10
12905 100
12916 99
12934 64
12952 124
12992 123
13025 21
13026 50
13064 100
13091 60
13093 60
13137 53
13159 29
13175 96
13183 49
13211 121
13251 96
13274 77
13282 44
13323 28
13323 29
13333 97
13359 46
13396 121
13440 74
13485 31
13514 85
13556 11
13559 25
13586 49
13598 6
13623 12
13629 19
13665 117
13702 30
13708 35
13748 21
13784 89
13816 51
13846 91
13872 36
13888 98
13906 55
13916 95
13940 18
13965 6
14010 56
14016 67
14023 126
14062 17
14098 81
14106 127
14113 38
14125 9
14128 32
14128 13
14140 110
14145 15
14187 106
14201 54
14227 35
14239 16
14250 24
14276 90
14313 67
14355 23
14391 1
14431 67
14449 56
14487 85
14510 70
14533 94
14547 59
14547 17
14550 24
14550 29
14573 42
14591 121
14623 3
14659 95
14668 94
14683 22
14704 116
14724 2
14760 82
14799 19
14800 22
14806 17
14812 1
14839 125
14866 122
14904 102
14916 122
14946 83
14985 75
15028 17
15032 113
15046 63
15091 120
15112 41
15151 102
15192 110
15211 6
15224 16
15260 16
15273 75
15291 72
15333 14
15338 29
15358 33
15381 13
15391 24
15395 123
15408 40
15416 21
15431 71
15463 54
15476 93
15521 87
15542 52
15556 69
15595 17
15595 22
15622 42
15645 7
15653 3
15696 23
15707 118
15709 16
15736 31
15751 57
15787 105
15795 41
15813 71
15855 13
15882 55
15910 15
15955 61
15979 81
16018 46
16038 119
16046 3
16091 41
16118 24
16143 41
16173 24
16189 5
16203 21
16208 50
16216 53
16236 71
16256 62
16281 64
16301 57
16305 33
16330 39
16374 11
16386 37
16393 127
16414 62
16444 118
16456 97
16501 80
16501 87
16523 93
16556 68
16593 18
16626 47
16660 45
16702 31
16732 126
16750 62
16761 83
16793 80
16828 29
16840 24
16878 21
16889 75
16918 15
16950 32
16978 123
16986 64
16992 121
16996 100
17018 59
17041 66
17052 11
17057 47
17085 81
17127 59
17146 104
17163 100
17202 118
17209 57
17221 119
17259 14
17275 87
17310 57
17335 87
17339 76
17347 54
17383 93
17420 29
17433 30
17439 45
17450 40
17466 69
17482 76
17505 51
17532 94
17554 84
17579 28
17613 8
17651 101
17691 80
17723 4
17727 23
17740 12
17777 102
17777 118
17777 29
17786 23
17824 109
17846 87
17883 60
17910 80
17925 50
17929 38
17955 124
17982 17
17993 88
18009 19
18015 119
18015 5
18016 69
18041 73
18043 56
18067 45
18104 20
18111 121
18128 10
18134 16
18148 74
18185 108
18228 88
18248 84
18252 18
18269 101
18313 41
18358 80
18365 107
18384 17
18408 87
18437 86
18437 61
18444 94
18445 29
18460 17
18492 30
18522 79
18523 43
18550 34
18552 105
18587 102
18605 56
18617 32
18644 117
18649 123
18654 7
18657 100
18701 80
18719 77
18730 49
18749 106
18789 29
18833 45
18839 67
18862 88
18898 2
18931 11
18959 99
18987 120
19030 104
19070 71
19109 100
19123 107
19134 125
19140 46
19184 8
19216 120
19256 19
19299 100
19333 89
19339 45
19361 79
19388 92
19408 36
19442 93
19444 101
19454 83
19496 125
19525 54
19555 19
19595 35
19610 80
19635 83
19643 95
19682 106
19687 20
19687 113
19709 6
19738 75
19767 94
19773 11
19784 44
19796 115
19798 101
19838 101
19880 22
19888 93
19893 16
19899 83
19903 10
19906 39
19925 22
19956 69
19960 63
19966 112
19993 70
20022 7
20060 55
20083 22
20120 121
20130 66
20172 78
20175 46
20217 71
20230 39
20269 91
20286 48
20288 27
20315 18
20329 27
20353 56
20355 32
20380 66
20394 10
20416 107
20423 1
20428 8
20468 119
20504 105
20541 45
20571 68
20597 14
20631 56
20674 25
20709 71
20722 36
20742 97
20755 61
20774 75
20790 38
20810 126
20854 28
20870 124
20914 48
20915 73
20918 99
20962 53
20988 125
21006 70
21041 58
21052 78
21081 24
21081 88
21114 49
21135 44
21164 91
21174 99
21190 63
21234 22
21238 46
21269 53
21311 60
21356 75
21371 66
21383 119
21406 60
21427 64
21445 126
21474 65
21493 104
21511 119
21528 81
21531 66
21576 46
21619 106
21628 92
21668 80
21697 7
21731 75
21752 123
21771 39
21815 84
21856 14
21899 64
21931 88
21974 89
21975 31
21993 114
22004 64
22039 48
22066 106
22067 119
22078 20
22099 89
22128 89
22154 96
22193 92
22197 23
22240 117
22260 69
22287 100
22317 35
22361 114
22397 107
22433 92
22457 87
22468 66
22484 78
22512 28
22532 73
22546 109
22558 45
22597 63
22626 114
22647 36
22671 66
22684 94
22703 55
22732 89
22774 7
22808 19
22820 81
22846 88
22873 78
22896 47
22903 84
22921 122
22941 36
22961 72
22998 7
23028 56
23057 59
23082 12
23096 56
23127 85
23160 101
23172 116
23208 92
23240 77
23264 73
23297 33
23304 40
23342 55
23343 7
23384 12
23390 54
23406 48
23445 91
23475 52
23491 114
23511 59
23537 79
23563 70
23572 91
23576 125
23605 43
23605 46
23635 17
23645 43
23661 65
23690 30
23733 20
23744 105
23765 37
23778 55
23806 80
23846 121
23861 83
23872 62
23901 122
23943 53
23957 22
23973 76
24010 49
24033 23
24056 40
24063 52
24092 109
24135 45
24146 16
24174 36
24201 91
24234 107
24247 59
24285 81
24326 94
24367 101
24411 86
24441 28
24456 127
24494 62
24500 102
24512 92
24550 63
24558 103
24579 102
24595 68
24626 87
24663 36
24676 99
24694 85
24705 40
24708 54
24738 91
24747 28
24753 43
24770 57
24789 51
24807 57
24852 53
24887 37
24908 10
24911 44
24915 33
24939 125
24984 84
25004 60
25016 67
25049 110
25074 86
25089 108
25092 116
25105 24
25118 64
25148 47
25164 67
25200 3
25237 30
25248 82
25289 97
25324 89
25329 85
25362 49
25381 103
25407 97
25452 23
25466 44
25475 34
25513 61
25552 106
25561 111
25599 59
25640 113
25662 111
25664 61
25694 119
25696 102
25733 48
25758 75
25775 112
25779 24
25814 63
25820 13
25828 13
25865 120
25909 81
25944 57
25984 66
26002 91
26017 45
26059 114
26064 44
26099 47
26128 22
26141 113
26173 122
26206 10
26246 76
26252 17
26297 89
26311 43
26339 11
26342 84
26367 27
26404 81
26429 72
26455 126
26463 51
26483 14
26487 116
26501 63
26524 38
26528 26
26548 15
26587 75
26614 56
26631 8
26640 18
26677 20
26685 105
26698 112
26701 80
26745 115
26775 74
26792 44
26803 118
26811 66
26842 70
26887 105
26916 123
26943 117
26946 26
26949 14
26958 81
26979 12
26986 42
27012 65
27028 62
27047 6
27055 123
27092 26
27114 89
27150 47
27188 57
27190 64
27210 125
27236 117
27272 117
27304 52
27347 87
27349 113
27375 40
27406 106
27435 91
27471 24
27514 115
27552 22
27562 111
27594 77
27615 9
27634 69
27647 106
27690 23
27722 27
27738 12
27749 119
27780 14
27808 43
27841 3
27852 34
27870 39
27871 118
27887 24
27917 121
27947 125
27968 94
27978 110
28010 92
28050 42
28053 100
28068 25
28099 56
28143 94
28149 19
28152 74
28176 32
28178 73
28181 108
28222 51
28225 75
28270 3
28289 28
28326 39
28363 19
28390 70
28404 15
28405 100
28445 51
28475 71
28510 41
28517 103
28523 120
28559 57
28595 4
28604 114
28605 18
28621 41
28630 118
28668 5
28700 108
28712 30
28736 10
28752 50
28784 41
28792 43
28806 46
28808 6
28832 39
28853 18
28879 109
28889 21
28891 112
28912 4
28921 99
28933 38
28971 85
29007 81
29025 96
29029 28
29074 10
29075 55
29116 53
29138 16
29154 48
29192 68
29194 39
29224 47
29254 26
29294 63
29298 97
29307 64
29324 59
29359 96
29398 99
29424 54
29452 104
29472 66
29503 33
29547 72
29563 85
29576 16
29619 38
29623 20
29623 33
29648 28
29648 112
29683 79
29722 121
29766 62
29779 64
29787 120
29794 11
29830 17
29851 64
29868 98
29895 54
29930 73
29946 8
29970 85
29972 45
29973 32
30004 60
30009 89
30020 126
30028 3
30050 39
30052 4
30070 110
30087 57
30106 28
30139 40
30142 76
30168 118
30211 115
30227 117
30255 10
30294 108
30317 73
30345 73
30381 3
30425 123
30442 103
30465 12
30509 127
30509 91
30548 61
30571 120
30593 104
30622 126
30644 82
30671 42
30690 37
30717 19
30732 29
30770 66
30782 89
30798 4
30830 53
30872 60
30891 112
30902 76
30922 121
30952 72
30965 72
31001 34
31008 15
31025 78
31038 48
31065 20
31065 85
31071 10
31071 86
31098 54
31131 47
31158 100
31173 26
31191 20
31223 41
31253 62
31279 114
31294 46
31311 124
31339 122
31377 74
31407 89
31442 115
31486 55
31505 89
31530 73
31540 35
31547 74
31573 82
31596 75
31611 53
31640 23
31641 2
31676 125
31680 28
31718 80
31749 126
31785 72
31819 8
31832 105
31858 95
31860 14
31896 70
31914 8
31929 84
31931 97
31942 22
31976 15
32011 26
32043 76
32081 124
32100 25
32124 34
32131 103
32147 85
32164 43
32195 44
32232 77
32238 117
32263 15
32273 44
32291 97
32317 5
32343 123
32343 121
32372 35
32404 127
32431 18
32444 42
32460 105
32470 51
32479 12
32521 58
32530 83
32575 79
32605 117
32640 122
32685 5
32685 24
32718 127
32738 25
32764 88
32779 93
32807 111
32826 30
32853 125
32883 42
32895 56
32904 7
32946 115
32967 40
32999 72
33014 43
33023 13
33036 97
33040 121
33040 90
33070 57
33109 93
33132 8
33168 49
33193 69
33216 80
33230 83
33263 6
33274 88
33295 31
33327 98
33351 12
33355 52
33360 6
33367 125
33393 18
33393 5
33432 99
33456 3
33488 95
33508 55
33520 4
33541 117
33565 5
33604 11
33636 4
33654 72
33672 38
33687 118
33689 3
33730 4
33736 62
33748 39
33792 80
33825 35
33836 77
33851 9
33892 64
33922 67
33962 115
33965 37
33973 41
33989 37
34001 82
34037 21
34067 61
34069 25
34101 45
34130 19
34163 91
34197 38
34227 100
34250 84
34279 113
34299 34
34343 120
34353 99
34369 31
34381 109
34397 14
34427 63
34438 95
34457 118
34470 48
34474 72
34505 26
34526 40
34561 23
34565 40
34580 50
34591 21
34629 80
34636 57
34665 27
34701 73
34717 57
34717 96
34741 101
34774 3
34797 69
34797 125
34807 2
34844 114
34882 58
34893 35
34917 56
34939 81
34957 74
34961 91
34998 55
35033 73
35068 83
35093 20
35124 106
35160 11
35182 79
35226 80
35259 77
35299 50
35319 52
35339 39
35339 55
35367 114
35403 40
35439 76
35450 111
35475 55
35510 91
35525 39
35569 92
35605 15
35640 94
35664 67
35664 119
35674 86
35695 76
35740 80
35755 49
35780 34
35825 62
35839 51
35873 7
35905 22
35917 2
35936 90
35936 80
35962 80
35988 93
36001 88
36037 94
36064 74
36107 19
36147 6
36170 82
36170 38
36194 108
36213 31
36222 55
36233 50
36261 7
36298 54
36336 62
36341 6
36352 102
36397 39
36439 51
36477 30
36482 17
36521 118
36536 109
36559 106
36579 126
36595 48
36597 94
36633 104
36669 28
36686 41
36686 71
36699 124
36744 113
36772 91
36782 126
36801 76
36838 53
36843 39
36860 116
36901 79
36908 98
36919 15
36938 48
36962 116
36962 32
36988 115
37025 11
37026 38
37048 49
37064 124
37065 60
37084 66
37103 56
37141 68
37170 50
37193 100
37225 41
37266 19
37276 90
37304 29
37336 29
37363 42
37391 106
37405 20
37431 97
37448 70
37460 117
37467 62
37509 90
37536 52
37562 7
37586 9
37604 6
37649 46
37673 86
37699 56
37706 21
37728 97
37734 119
37744 41
37776 18
37806 71
37812 87
37815 18
37835 122
37848 1
37861 22
37901 114
37914 115
37946 26
37975 117
38017 7
38048 121
38068 121
38076 67
38078 16
38080 9
38083 84
38098 46
38119 43
38130 62
38155 117
38162 6
38170 38
38203 67
38224 23
38259 79
38274 58
38291 123
38295 45
38311 53
38354 5
38356 21
38373 33
38379 51
38395 48
38431 65
38465 94
38490 88
38534 53
38549 80
38587 18
38632 88
38645 111
38646 18
38667 113
38705 121
38726 38
38757 93
38760 81
38788 4
38828 74
38853 73
38887 40
38908 114
38942 89
38959 115
38963 5
38983 73
39028 125
39029 92
39065 123
39102 77
39146 10
39179 107
39187 104
39216 119
39217 56
39237 96
39273 120
39288 45
39300 80
39303 96
39347 56
39378 76
39388 49
39417 40
39455 73
39455 43
39471 96
39499 94
39536 62
39540 29
39583 13
39611 70
39616 116
39632 102
39638 123
39641 24
39676 97
39719 96
39728 25
39761 78
39776 115
39776 78
39787 55
39791 29
39809 10
39839 21
39871 60
39904 97
39905 6
39944 12
39955 6
39974 67
39994 73
40028 29
40049 76
40061 91
40071 25
40087 32
40125 104
40142 101
40174 56
40189 25
40225 53
40228 67
40249 68
40256 29
40283 7
40317 66
40333 39
40355 17
40367 1
40373 105
40387 97
40405 49
40406 64
40429 32
40469 56
40495 92
40513 125
40517 47
40560 87
40561 100
40592 32
40596 123
40605 12
40619 12
40634 85
40668 52
40672 31
40675 51
40685 36
40697 27
40710 18
40714 27
40738 77
40752 24
40766 60
40779 8
40785 30
40830 114
40874 126
40905 19
40937 118
40961 38
40962 66
40978 126
40991 101
40992 1
41033 35
41052 8
41052 65
41094 54
41122 46
41148 13
41193 75
41193 52
41223 72
41263 46
41302 59
41336 114
41353 56
41396 103
41406 105
41411 7
41422 68
41426 121
41428 97
41433 40
41449 89
41482 46
41516 90
41535 104
41562 51
41606 91
41612 33
41647 126
41652 11
41695 51
41723 16
41726 74
41759 101
41763 43
41795 23
41836 80
41877 49
41893 88
41905 13
41932 45
41941 68
41942 101
41975 49
42006 44
42046 45
42063 6
42094 59
42095 87
42100 5
42108 12
42129 93
42157 59
42164 36
42168 117
42209 84
42239 105
42244 60
42276 112
42305 46
42337 73
42370 58
42389 5
42400 9
42435 86
42470 11
42486 17
42523 56
42559 97
42586 56
42620 7
42641 79
42667 6
42678 95
42680 54
42722 78
42760 67
42773 53
42774 114
42784 107
42821 90
42862 15
42883 25
42913 108
42934 25
42934 107
42952 105
42974 25
42998 76
43002 30
43019 75
43031 68
43067 51
43111 109
43153 52
43165 16
43196 64
43200 119
43200 33
43200 89
43200 2
43217 47
43252 125
43287 44
43325 31
43338 107
43365 65
43382 34
43426 54
43457 32
43489 113
43499 93
43527 8
43545 127
43576 54
43607 35
43639 80
43646 15
43654 125
43696 5
43730 16
43771 29
43774 100
43804 55
43836 89
43840 16
43843 39
43855 76
43875 29
43911 32
43938 85
43956 1
43978 85
44004 112
44011 31
44015 13
44043 120
44052 65
44087 28
44124 59
44141 95
44180 115
44207 116
44207 38
44250 64
44255 124
44275 68
44298 106
44298 97
44333 2
44364 102
44401 58
44435 119
44476 31
44481 123
44522 120
44541 11
44567 109
44583 11
44587 51
44593 112
44621 81
44634 15
44650 49
44690 64
44695 72
44720 120
44735 96
44762 100
44792 83
44793 67
44798 61
44822 49
44853 22
44854 111
44880 60
44889 73
44926 102
44965 73
44966 85
44970 9
45013 62
45036 85
45071 57
45085 48
45100 48
45145 1
45165 71
45184 124
45227 110
45247 36
45287 106
45304 102
45319 82
45340 35
45358 113
45391 117
45399 54
45421 35
45434 55
45461 46
45477 16
45506 13
45541 117
45583 58
45621 111
45662 4
45695 53
45699 120
45734 90
45766 86
45806 103
45808 109
45837 93
45856 50
45856 2
45894 62
45902 124
45941 27
45961 17
45978 21
46005 19
46024 34
46037 112
46077 99
46079 77
46113 13
46113 125
46131 118
46148 68
46156 19
46185 60
46218 30
46253 108
46270 122
46272 92
46291 75
46294 122
46305 89
46311 4
46323 50
46324 37
46355 115
46391 91
46402 93
46406 62
46426 24
46435 92
46461 94
46472 112
46494 125
46519 81
46521 1
46545 53
46554 91
46560 59
46574 11
46605 5
46615 33
46616 9
46639 18
46684 25
46726 56
46747 106
46787 122
46810 117
46852 57
46855 59
46891 33
46918 101
46938 1
46955 113
46985 39
47003 56
47006 39
47048 8
47082 124
47109 80
47120 99
47153 7
47198 73
47202 25
47237 51
47259 74
47290 24
47297 34
47300 22
47344 123
47372 112
47389 122
47429 38
47454 64
47497 62
47503 28
47522 112
47550 76
47587 118
47599 54
47613 118
47632 51
47636 50
47653 91
47668 8
47687 20
47717 89
47734 75
47769 41
47798 49
47806 19
47843 94
47877 21
47893 68
47904 35
47939 40
47973 75
47979 86
47991 108
48033 34
48049 103
48077 64
48090 33
48127 85
48148 113
48189 107
48234 56
48273 2
48287 69
48310 43
48311 88
48354 88
48367 102
48380 93
48382 102
48415 95
48454 121
48495 84
48513 45
48543 58
48550 109
48593 73
48622 52
48653 29
48685 54
48686 100
48722 61
48737 4
48749 20
48749 89
48751 48
48782 62
48785 78
48821 60
48839 67
48865 25
48873 67
48894 80
48898 84
48936 35
48950 52
48972 44
48986 6
49008 4
49048 2
49087 53
49106 50
49124 59
49168 112
49212 49
49253 7
49261 43
49285 9
49325 77
49343 119
49370 91
49404 95
49415 109
49418 20
49460 78
49498 122
49539 93
49543 51
49586 79
49617 68
49626 91
49635 50
49660 68
49684 65
49715 31
49724 39
49733 79
49758 95
49776 33
49790 41
49831 125
49861 23
49866 69
49909 13
49922 89
49937 22
49982 89
49984 127
49998 106
50033 29
50051 127
50057 74
50095 9
50113 58
50154 98
50196 110
50196 69
50235 24
50236 44
50272 95
50305 26
50343 55
50375 15
50416 17
50452 76
50453 41
50485 122
50528 79
50569 66
50575 9
50581 22
50625 53
50654 21
50694 21
50700 83
50714 86
50746 39
50749 53
50789 1
50822 89
50846 24
50851 52
50892 102
50898 125
50927 121
50963 71
50982 114
50989 119
51010 88
51013 125
51018 60
51054 53
51078 111
51099 6
51119 100
51150 107
51194 43
51208 116
51229 40
51271 16
51306 114
51340 44
51383 51
51409 40
51442 30
51451 31
51485 38
51513 95
51537 117
51553 56
51559 107
51574 21
51591 91
51607 70
51620 122
51663 36
51707 100
51750 118
51754 13
51764 94
51771 70
51786 51
51788 109
51812 60
51831 108
51870 50
51906 85
51939 57
51941 66
51949 37
51970 6
52006 52
52026 119
52034 95
52040 44
52045 120
52087 20
52125 45
52158 97
52192 103
52236 81
52245 79
52257 55
52300 65
52342 81
52343 92
52386 114
52393 60
52407 42
52442 58
52483 79
52516 95
52551 87
52571 17
52597 126
52641 4
52643 105
52658 70
52690 86
52696 25
52732 127
52735 64
52738 36
52768 33
52809 3
52835 16
52836 51
52857 69
52874 124
52903 77
52921 118
52947 7
52948 9
52969 79
52971 12
53001 71
53015 32
53030 112
53049 50
53083 105
53103 73
53123 125
53164 92
53207 120
53248 36
53284 48
53328 53
53336 29
53354 67
53396 116
53422 31
53433 76
53468 69
53494 21
53516 111
53526 47
53556 21
53569 105
53586 96
53616 110
53636 115
53664 57
53674 45
53695 60
53723 58
53766 77
53803 68
53807 73
53807 91
53838 81
53873 126
53901 58
53908 46
53941 51
53972 115
53986 81
53992 103
54030 68
54061 64
54084 113
54104 108
54132 124
54167 84
54208 102
54250 116
54272 90
54282 112
54318 56
54334 121
54378 109
54399 76
54414 31
54414 31
54449 13
54482 74
54489 77
54512 47
54538 56
54580 18
54590 12
54634 30
54637 115
54657 103
54693 67
54693 37
54707 118
54740 54
54758 28
54795 44
54804 26
54844 18
54869 14
54880 3
54880 101
54895 48
54917 79
54943 97
54969 76
54986 99
54988 10
54998 55
55003 100
55024 69
55033 118
55039 75
55066 95
55104 6
55139 72
55178 69
55202 60
55227 92
55252 41
55269 107
55303 39
55335 127
55351 120
55356 44
55367 120
55398 86
55418 89
55460 15
55476 122
55511 43
55534 50
55534 21
55569 99
55581 88
55620 115
55640 110
55677 119
55706 68
55718 108
55754 64
55768 29
55790 100
55835 36
55836 83
55864 120
55904 56
55921 13
55956 29
55966 2
55979 44
56024 31
56044 120
56063 20
56080 54
56117 86
56140 95
56170 7
56204 64
56236 80
56260 17
56290 13
56319 84
56335 30
56378 16
56401 106
56416 83
56445 74
56467 1
56478 58
56479 39
56484 119
56507 19
56528 31
56569 5
56569 97
56589 43
56628 1
56636 92
56641 44
56684 74
56685 117
56729 41
56744 99
56764 61
56804 124
56829 66
56842 21
56877 83
56900 27
56906 57
56938 65
56938 60
56951 72
56980 33
56988 104
57025 24
57030 74
57059 111
57104 108
57121 109
57152 21
57183 63
57222 57
57231 90
57243 21
57282 19
57284 54
57297 101
57330 7
57364 44
57399 122
57415 120
57436 8
57438 8
57462 16
57500 93
57509 108
57519 68
57540 114
57567 3
57611 11
57613 79
57629 90
57665 117
57699 72
57729 126
57763 115
57786 109
57802 12
57802 73
57844 80
57858 15
57870 35
57910 99
57946 12
57984 127
57997 15
58022 42
58048 120
58089 40
58109 107
58148 16
58183 108
58198 104
58207 22
58214 105
58229 102
58259 118
58285 90
58310 59
58310 106
58336 17
58362 66
58390 42
58430 15
58453 94
58473 88
58516 83
58561 113
58576 80
58612 39
58655 36
58683 61
58728 95
58730 118
58761 39
58762 48
58782 107
58821 40
58826 84
58843 100
58872 58
58895 48
58897 103
58913 45
58952 67
58990 11
59013 112
59026 106
59067 32
59111 80
59117 79
59158 77
59167 77
59171 29
59203 38
59206 101
59248 59
59271 68
59291 117
59312 81
59344 101
59350 110
59395 120
59433 94
59450 46
59452 25
59454 122
59466 10
59497 12
59527 8
59553 34
59583 53
59616 121
59635 113
59651 86
59695 122
59704 122
59735 82
59760 7
59800 19
59842 121
59860 16
59894 16
59923 37
59934 3
59944 38
59969 31
60004 77
60034 35
60078 60
60112 107
60135 85
60174 114
60208 38
60235 65
60266 11
60273 116
60284 87
60300 18
60325 119
60330 3
60345 7
60376 14
60412 94
60450 98
60469 106
60508 30
60553 56
60580 53
60583 98
60622 117
60629 83
60672 46
60676 67
60694 90
60707 99
60728 90
60743 98
60747 13
60757 7
60785 91
60807 95
60837 61
60851 99
60889 18
60901 18
60918 23
60925 47
60965 27
60983 70
61003 29
61005 83
61047 52
61058 97
61088 110
61125 91
61168 25
61198 38
61232 122
61260 98
61268 59
61300 95
61343 62
61386 36
61409 109
61454 42
61456 38
61475 6
61490 69
61518 46
61532 57
61543 123
61561 109
61563 104
61569 51
61584 18
61602 33
61644 91
61666 114
61667 126
61686 43
61726 6
61771 71
61782 119
61810 16
61824 86
61852 88
61861 49
61876 84
61898 6
61922 67
61953 113
61994 27
62029 2
62047 15
62092 52
62115 107
62129 47
62138 82
62141 101
62180 80
62194 105
62206 105
62220 12
62263 53
62298 100
62329 94
62374 44
62395 22
62409 89
62442 72
62462 17
62462 25
62497 106
62533 86
62556 45
62558 114
62577 125
62593 50
62616 18
62645 111
62680 59
62703 122
62737 115
62744 112
62757 55
62788 52
62799 118
62828 103
62856 42
62880 116
62913 88
62930 125
62962 68
62970 47
63007 100
63025 51
63032 92
63062 36
63072 21
63105 127
63135 92
63157 79
63158 104
63166 118
63194 19
63203 41
63205 21
63213 27
63232 119
63269 120
63282 108
63317 96
63330 21
63369 95
63412 106
63426 73
63464 41
63469 35
63497 65
63517 43
63530 109
63575 39
63613 21
63647 79
63653 27
63690 108
63732 114
63761 61
63802 100
63814 76
63835 89
63849 52
63885 89
63913 40
63953 126
63985 86
63999 33
64035 84
64056 68
64067 110
64093 110
64111 97
64127 10
64137 86
64158 105
64178 16
64212 80
64239 9
64272 55
64313 55
64322 90
64331 119
64363 11
64382 98
64422 49
64444 123
64486 43
64530 49
64547 23
64552 89
64590 87
64592 17
64637 125
64655 113
64679 102
64719 21
64735 32
64743 95
64786 81
64796 44
64839 27
64849 107
64884 6
64897 31
64939 31
64982 11
65017 30
65057 1
65073 26
65084 81
65089 7
65101 85
65109 54
65152 71
65166 112
65189 91
65201 5
65231 89
65233 114
65249 46
65262 24
65295 103
65338 7
65342 69
65369 46
65398 118
65405 59
65442 17
65484 46
65511 41
65515 70
65558 91
65568 95
65613 7
65654 36
65677 103
65708 10
65724 108
65726 109
65757 7
65778 21
65782 65
65799 31
65839 43
65849 68
65874 117
65891 16
65935 44
65962 109
66002 82
66015 92
66019 71
66039 120
66049 117
66057 95
66086 69
66096 28
66133 36
66152 101
66154 43
66184 111
66194 10
66234 8
66256 115
66299 15
66328 14
66373 16
66402 102
66434 39
66452 125
66458 88
66470 19
66511 7
66530 22
66542 89
66584 98
66614 98
66659 125
66693 124
66730 71
66775 80
66794 48
66813 34
66851 77
66893 90
66936 114
66980 107
67024 24
67032 95
67072 57
67109 12
67148 21
67186 35
67228 42
67242 79
67287 5
67308 5
67337 3
67375 126
67382 40
67384 55
67416 118
67446 30
67467 20
67494 119
67499 53
67541 102
67584 74
67629 55
67651 93
67678 51
67714 64
67747 127
67762 12
67769 8
67788 22
67812 49
67848 124
67890 96
67901 14
67946 31
67963 59
67975 58
68012 90
68045 15
68055 1
68064 29
68098 13
68128 57
68161 7
68195 34
68231 18
68275 47
68275 54
68309 20
68314 48
68340 90
68375 115
68379 115
68412 8
68418 95
68463 55
68475 29
68475 27
68513 109
68529 36
68543 36
68563 112
68603 61
68629 4
68669 56
68672 65
68682 121
68682 89
68696 57
68721 46
68738 15
68748 90
68753 94
68777 75
68810 125
68818 44
68826 4
68843 65
68858 20
68891 52
68933 34
68950 49
68969 96
68993 14
69016 36
69031 70
69073 3
69086 48
69089 91
69089 23
69108 103
69108 61
69134 48
69145 127
69145 98
69165 61
69181 101
69220 17
69249 87
69283 86
69289 64
69295 104
69333 68
69346 62
69361 34
69379 119
69390 56
69433 113
69474 93
69513 29
69532 90
69567 39
69609 19
69652 49
69691 11
69703 99
69728 7
69760 115
69783 11
69804 121
69828 101
69830 14
69868 48
69897 12
69917 87
69958 46
69964 114
69971 51
69997 26
70041 112
70059 30
70091 93
70122 84
70154 110
70175 32
70203 47
70205 69
70216 58
70229 22
70250 120
70294 88
70303 36
70340 43
70384 99
70414 16
70436 36
70437 24
70469 14
70504 82
70517 104
70544 119
70547 101
70562 19
70577 54
70611 109
70651 26
70688 114
70727 50
70771 29
70808 32
70820 42
70835 54
70873 9
70873 92
70881 125
70911 50
70911 127
70914 81
70928 2
70954 79
70966 74
70985 23
71030 74
71047 105
71087 98
71103 106
71113 7
71120 86
71121 125
71142 11
71142 43
71182 6
71217 73
71219 83
71257 123
71293 114
71305 36
71308 19
71308 63
71351 99
71376 35
71383 40
71405 18
71413 82
71425 35
71426 123
71431 26
71448 1
71483 88
71494 69
71508 69
71524 9
71558 52
71599 28
71628 14
71662 28
71675 47
71690 102
71719 3
71751 27
71793 104
71820 85
71825 103
71863 15
71874 93
71881 53
71910 116
71936 71
71954 44
71960 45
71998 100
72004 75
72023 88
72031 54
72074 50
72084 87
72092 84
72124 119
72169 44
72188 55
72202 37
72247 102
72284 31
72313 114
72343 48
72381 36
72394 64
72431 70
72456 50
72501 59
72519 42
72561 67
72564 22
72564 120
72607 120
72617 71
72650 41
72664 15
72705 72
72707 105
72723 60
72747 41
72766 124
72777 126
72807 100
72831 109
72876 112
72920 12
72939 59
72961 101
72992 28
73030 95
73033 34
73047 127
73065 26
73090 61
73133 92
73150 32
73181 28
73195 8
73207 18
73218 102
73221 49
73225 82
73261 25
73289 94
73293 122
73302 10
73312 52
73354 3
73392 107
73426 86
73445 62
73482 114
73512 121
73531 15
73576 39
73595 89
73619 115
73631 112
73669 59
73710 66
73751 113
73787 105
73809 93
73832 18
73876 99
73908 4
73931 23
73940 24
73947 39
73977 47
73977 16
74009 46
74054 9
74075 89
74077 104
74086 42
74089 65
74091 42
74136 83
74162 87
74165 12
74208 115
74233 122
74234 69
74238 124
74273 6
74315 113
74346 78
74391 34
74392 105
74412 119
74444 47
74489 79
74490 110
74530 92
74548 30
74569 62
74588 56
74591 121
74635 40
74646 23
74656 113
74700 51
74714 120
74719 34
74757 60
74795 69
74824 41
74867 82
74908 1
74938 54
74970 59
74991 88
74993 98
75035 95
75063 98
75102 122
75147 94
75150 39
75190 94
75192 127
75212 56
75213 56
75255 106
75262 113
75305 49
75323 11
75341 79
75363 113
75363 65
75375 107
75384 48
75421 127
75428 68
75462 64
75506 84
75518 121
75541 35
75554 81
75573 47
75577 8
75578 46
75586 104
75587 61
75619 17
75624 125
75635 31
75649 125
75663 30
75665 95
75671 69
75673 17
75694 24
75706 12
75710 3
75749 22
75771 82
75792 20
75816 14
75838 91
75880 74
75906 115
75907 107
75914 104
75923 69
75929 63
75952 124
75971 34
76009 72
76032 16
76034 85
76063 94
76100 11
76111 59
76131 19
76133 65
76172 48
76207 117
76250 12
76253 37
76255 27
76274 11
76275 108
76289 29
76314 121
76328 39
76360 106
76363 63
76380 125
76415 6
76426 49
76444 41
76469 69
76503 93
76504 56
76532 52
76558 38
76585 31
76624 24
76650 84
76674 71
76689 14
76700 16
76711 74
76754 90
76769 102
76802 117
76806 2
76843 36
76880 59
76923 41
76943 29
76973 86
76982 43
76985 56
76993 44
77022 7
77040 96
77067 59
77084 25
77104 97
77132 106
77136 17
77161 29
77183 82
77191 15
77205 35
77221 109
77257 70
77296 50
77326 1
77353 45
77382 30
77416 2
77458 49
77492 3
77519 84
77555 41
77572 9
77612 38
77638 121
77652 77
77678 15
77720 55
77749 79
77758 60
77778 112
77808 37
77811 117
77814 65
77838 48
77883 123
77923 23
77940 28
77972 41
77982 95
78024 84
78045 103
78070 41
78083 90
78105 72
78114 75
78157 38
78184 5
78216 96
78257 7
78292 108
78334 48
78368 59
78389 32
78422 37
78422 20
78453 102
78480 17
78488 123
78521 70
78556 69
78575 57
78587 30
78612 75
78652 24
78688 119
78701 66
78718 27
78750 18
78782 70
78815 9
78835 13
78871 108
78901 120
78902 64
78905 19
78926 48
78959 32
78984 3
78999 10
79027 73
79053 71
79098 86
79143 93
79167 81
79208 12
79250 126
79281 67
79290 29
79332 3
79332 59
79370 118
79405 36
79447 71
79479 40
79518 59
79527 102
79530 22
79560 79
79568 44
79605 37
79649 122
79675 66
79691 12
79714 24
79744 59
79766 32
79780 68
79799 33
79833 92
79862 70
79876 17
79899 89
79912 35
79930 108
79975 108
80001 88
80032 30
80072 92
80088 67
80129 74
80163 56
80180 32
80202 35
80206 75
80243 107
80265 105
80284 114
80301 97
80340 121
80341 60
80352 114
80353 113
80375 116
80417 48
80421 55
80424 86
80424 123
80445 67
80482 63
80515 46
80516 4
80524 74
80557 40
80565 35
80590 73
80631 122
80663 84
80702 5
80713 26
80723 34
80729 83
80747 96
80773 19
80775 123
80795 86
80805 43
80821 35
80859 76
80862 46
80904 92
80931 111
80955 2
80986 121
81015 29
81047 40
81089 93
81106 41
81107 69
81131 41
81132 110
81148 42
81166 24
81185 68
81217 91
81217 28
81227 53
81267 48
81272 59
81295 59
81308 47
81340 24
81377 104
81393 80
81397 60
81404 10
81438 58
81481 122
81489 69
81497 85
81511 90
81544 35
81581 17
81611 83
81628 94
81655 41
81679 34
81692 53
81699 80
81701 22
81707 119
81731 6
81744 34
81778 1
81816 31
81821 41
81825 28
81825 111
81844 4
81851 64
81867 45
81885 124
81894 48
81931 26
81943 19
81943 47
81979 40
82014 22
82057 6
82094 98
82113 82
82145 45
82173 98
82199 86
82210 3
82225 116
82261 38
82282 71
82295 7
82295 75
82334 7
82337 85
82347 109
82390 31
82428 120
82428 111
82428 82
82435 59
82466 81
82500 97
82504 101
82512 76
82523 13
82566 125
82576 31
82614 96
82652 118
82676 35
82705 68
82720 104
82760 55
82794 53
82809 24
82831 20
82876 121
82885 15
82919 56
82937 88
82954 123
82984 105
83029 100
83043 10
83060 17
83073 86
83105 70
83120 16
83148 92
83174 40
83207 66
83209 71
83227 87
83229 109
83251 71
83292 75
83311 111
83342 36
83365 34
83399 124
83434 106
83471 81
83473 114
83473 84
83481 91
83501 21
83524 50
83525 44
83566 82
83591 33
83626 94
83664 47
83693 106
83708 61
83750 68
83774 41
83804 48
83833 76
83844 4
83861 80
83899 54
83902 88
83924 100
83927 127
83963 87
83990 83
84023 101
84060 47
84081 17
84121 2
84130 29
84136 14
84176 103
84193 66
84213 48
84241 5
84264 1
84300 51
84335 90
84376 46
84420 110
84457 22
84482 36
84482 103
84486 74
84499 92
84535 89
84577 39
84593 106
84593 112
84613 26
84618 125
84641 43
84675 104
84705 67
84705 44
84730 52
84762 1
84770 103
84803 33
84823 101
84847 123
84881 52
84885 1
84915 13
84936 108
84959 25
84988 108
85022 117
85062 41
85075 51
85075 115
85100 32
85105 95
85118 116
85134 77
85145 79
85150 101
85194 119
85203 121
85207 43
85218 48
85252 28
85297 54
85326 93
85365 13
85368 90
85372 106
85394 106
85434 50
85451 6
85491 18
85523 29
85557 116
85572 75
85603 34
85627 81
85654 40
85666 32
85671 118
85711 3
85742 76
85783 118
85805 85
85829 84
85831 105
85869 49
85900 9
85923 108
85962 31
85964 21
85996 60
86011 86
86053 30
86064 119
86066 2
86095 31
86138 118
86162 84
86188 62
86216 71
86242 93
86266 50
86301 39
86323 119
86342 77
86353 10
86358 101
86360 10
86399 58
86431 75
86467 112
86509 6
86541 8
86550 116
86585 35
86608 117
86649 86
86681 72
86683 58
86685 96
86691 120
86692 93
86697 101
86719 91
86759 3
86775 124
86782 103
86799 30
86802 89
86834 112
86849 1
86890 120
86908 56
86913 78
86913 124
86932 90
86957 41
86972 123
87000 11
87031 27
87067 61
87092 53
87112 73
87140 88
87177 94
87199 51
87212 13
87216 43
87240 73
87244 94
87258 10
87261 15
87268 97
87311 58
87346 115
87356 117
87388 55
87428 45
87445 111
87480 64
87494 40
87518 12
87550 73
87558 52
87600 66
87604 86
87620 19
87643 66
87646 117
87659 14
87685 108
87693 112
87712 97
87718 96
87738 123
87743 108
87760 56
87774 60
87796 33
87809 86
87827 69
87828 10
87849 45
87854 56
87862 65
87882 77
87890 31
87921 113
87951 96
87960 72
87983 105
88024 42
88033 46
88065 37
88096 72
88108 30
88123 54
88140 94
88164 100
88175 75
88191 38
88231 4
88262 113
88271 50
88282 14
88324 47
88358 62
88374 119
88415 37
88428 111
88436 38
88467 69
88477 23
88520 93
88544 16
88588 28
88600 40
88633 31
88635 35
88658 48
88699 48
88715 117
88759 56
88785 34
88799 31
88812 30
88825 110
88830 58
88869 20
88880 12
88925 120
88967 7
88990 46
89003 49
89017 10
89061 81
89078 70
89115 67
89117 103
89128 89
89140 1
89170 86
89182 53
89186 40
89203 25
89234 72
89262 90
89269 65
89313 104
89326 106
89329 47
89348 92
89352 32
89376 124
89404 25
89417 65
89435 83
89453 104
89478 30
89512 26
89551 46
89562 90
89563 23
89602 15
89624 78
89656 63
89667 39
89678 28
89705 77
89719 125
89752 63
89764 35
89803 23
89842 63
89870 7
89910 99
89938 106
89948 92
89966 100
89973 67
89975 76
89998 95
90008 107
90013 80
90029 52
90039 120
90052 24
90063 25
90067 94
90110 97
90123 101
90153 105
90156 10
90163 40
90168 16
90179 125
90207 14
90237 120
90257 13
90301 94
90333 8
90363 57
90384 83
90393 11
90397 43
90429 80
90460 104
90462 109
90499 36
90504 114
90521 123
90528 81
90537 11
90581 29
90601 99
90607 123
90611 80
90634 77
90665 45
90674 3
90691 15
90715 31
90715 27
90725 11
90730 4
90774 27
90792 28
90816 94
90852 126
90896 40
90922 109
90939 19
90948 27
90964 121
90966 51
90989 85
90991 62
91020 120
91054 56
91066 7
91103 55
91120 107
91163 83
91207 41
91214 38
91224 42
91242 90
91254 26
91272 82
91287 16
91330 51
91337 67
91376 93
91411 44
91434 20
91459 49
91477 43
91520 101
91520 53
91539 48
91571 52
91576 52
91600 45
91603 51
91640 64
91673 120
91679 92
91700 85
91732 127
91752 23
91775 78
91813 73
91850 5
91876 24
91887 24
91917 34
91945 75
91987 122
92004 123
92043 74
92082 10
92090 4
92095 67
92127 103
92144 48
92164 96
92203 121
92234 127
92270 122
92299 95
92326 62
92337 75
92358 21
92390 17
92429 125
92431 50
92448 6
92449 118
92470 115
92499 8
92533 47
92546 104
92589 126
92591 83
92601 102
92620 67
92665 7
92685 13
92703 41
92746 18
92780 120
92792 10
92832 42
92848 85
92872 80
92889 71
92899 79
92922 17
92943 46
92976 16
92985 22
93029 81
93070 15
93086 109
93108 97
93115 115
93157 40
93183 63
93228 11
93235 55
93259 46
93261 83
93296 121
93301 29
93322 104
93346 55
93370 14
93371 112
93377 4
93394 48
93429 120
93469 15
93494 94
93533 112
93534 103
93570 71
93589 40
93613 108
93623 64
93626 122
93667 92
93701 36
93730 126
93751 90
93788 19
93823 49
93867 79
93912 41
93938 45
93960 16
94005 56
94007 79
94010 10
94013 42
94017 78
94050 102
94051 10
94078 87
94118 22
94159 97
94191 18
94217 76
94218 30
94232 13
94264 12
94268 60
94301 110
94313 81
94333 60
94334 63
94365 26
94377 118
94391 79
94418 39
94460 126
94485 121
94507 60
94512 9
94534 41
94545 78
94580 6
94602 117
94628 35
94649 79
94660 42
94697 109
94723 79
94758 106
94766 30
94787 39
94826 16
94855 127
94862 10
94903 19
94933 66
94970 72
95014 32
95051 110
95056 72
95075 67
95077 95
95085 61
95104 17
95147 65
95160 106
95195 92
95215 47
95240 83
95274 50
95295 33
95321 18
95332 55
95334 39
95375 103
95411 25
95422 64
95455 47
95483 120
95507 57
95551 115
95565 17
95589 35
95622 10
95646 44
95649 5
95656 38
95678 12
95682 49
95709 14
95739 89
95739 12
95777 123
95785 41
95788 32
95791 22
95806 62
95844 26
95870 91
95872 110
95892 44
95930 93
95968 109
95975 123
96011 1
96029 2
96062 14
96076 28
96102 127
96107 120
96110 14
96154 52
96161 70
96180 118
96185 14
96200 90
96215 66
96219 3
96248 109
96292 55
96308 103
96309 63
96314 62
96335 68
96362 30
96385 62
96399 53
96419 113
96459 94
96489 85
96534 92
96579 122
96613 71
96636 104
96636 43
96650 98
96687 33
96696 100
96728 20
96758 100
96778 71
96812 14
96815 88
96844 48
96855 95
96896 112
96934 94
96934 114
96962 112
96963 11
97002 60
97008 25
97037 51
97062 110
97103 115
97141 106
97176 13
97202 39
97216 17
97234 9
97275 88
97281 112
97308 4
97329 74
97349 99
97389 83
97389 58
97404 92
97419 106
97451 91
97494 117
97510 102
97552 104
97579 73
97620 73
97630 91
97640 86
97654 38
97669 13
97690 10
97707 53
97733 22
97756 57
97761 117
97775 53
97815 35
97820 93
97856 117
97877 67
97922 21
97923 51
97933 68
97954 85
97963 39
97973 89
98008 67
98035 19
98046 34
98091 65
98096 78
98111 30
98137 92
98154 98
98167 79
98205 94
98237 74
98243 72
98248 110
98275 114
98305 58
98335 109
98336 111
98374 55
98383 55
98400 83
98426 120
98432 63
98462 23
98475 55
98477 100
98522 95
98566 83
98577 83
98580 109
98582 108
98598 113
98621 124
98627 2
98644 31
98663 68
98694 113
98731 107
98772 85
98804 95
98809 19
98833 1
98866 42
98872 66
98894 98
98897 45
98908 64
98938 55
98981 25
99026 87
99051 28
99094 41
99094 55
99105 88
99138 17
99158 72
99188 9
99232 11
99265 104
99281 91
99314 3
99340 25
99355 73
99398 31
99401 21
99404 6
99441 7
99446 61
99449 57
99461 17
99481 67
99497 51
99501 25
99503 47
99520 40
99534 55
99568 29
99613 9
99638 126
99681 115
99694 34
99735 88
99737 47
99779 94
99806 82
99813 28
99829 58
99852 52
99873 57
99892 104
99930 78
99959 116
99964 26
99997 3
100014 125
100041 42
100069 47
100079 37
100119 78
100148 57
100172 5
100197 32
100228 2
100249 11
100257 74
100285 29
100325 27
100356 89
100359 3
100365 89
100403 70
100406 35
100416 28
100423 28
100423 126
100433 24
100455 75
100470 11
100475 52
100517 118
100546 69
100570 86
100582 63
100590 58
100629 31
100652 98
100687 87
100702 32
100739 15
100769 1
100790 10
100820 22
100827 110
100859 75
100869 70
100913 79
100919 10
100923 4
100968 1
101004 91
101043 14
101078 95
101082 1
101103 40
101107 70
101111 38
101132 125
101167 115
101203 112
101207 99
101209 99
101230 25
101256 67
101274 63
101315 42
101352 37
101359 88
101386 98
101388 6
101395 56
101440 120
101466 9
101510 22
101548 92
101569 9
101603 56
101632 66
101640 38
101665 55
101702 47
101737 102
101778 67
101781 65
101801 117
101843 102
101883 5
101903 15
101935 8
101942 80
101967 113
101989 77
101989 13
102014 38
102039 58
102068 11
102078 125
102108 12
102116 58
102127 68
102152 106
102176 24
102216 22
102227 32
102228 36
102266 56
102301 24
102341 110
102365 19
102375 108
102393 95
102436 89
102480 67
102525 16
102566 47
102572 106
102617 69
102646 61
102665 119
102705 60
102738 62
102741 59
102754 14
102771 106
102797 32
102817 90
102850 30
102869 73
102907 7
102936 111
102972 94
102978 107
102988 38
103026 9
103049 94
103059 114
103077 114
103099 97
103106 7
103118 59
103132 37
103149 55
103157 111
103158 59
103176 17
103190 19
103225 48
103247 98
103289 48
103312 9
103324 43
103366 11
103378 56
103421 21
103460 93
103467 8
103470 16
103495 109
103510 32
103513 126
103534 41
103570 68
103590 77
103630 27
103651 46
103664 78
103697 35
103739 12
103774 5
103796 26
103804 122
103837 124
103854 8
103878 86
103903 56
103917 114
103941 61
103983 18
103998 28
104016 55
104050 55
104071 114
104083 88
104085 45
104103 119
104106 37
104129 5
104174 111
104191 72
104207 92
104235 26
104275 70
104309 95
104346 86
104365 41
104379 16
104408 26
104417 81
104438 55
104474 89
104515 37
104517 121
104531 76
104559 64
104597 90
104611 59
104611 55
104630 30
104650 31
104682 63
104710 89
104724 104
104729 84
104765 5
104781 40
104789 1
104812 91
104838 16
104844 98
104866 119
104874 90
104897 65
104930 84
104974 85
104975 126
105017 46
105051 15
105095 65
105108 73
105131 3
105174 85
105211 51
105248 33
105289 18
105308 90
105319 96
105355 29
105396 11
105405 49
105412 76
105430 111
105465 68
105466 62
105480 41
105518 102
105543 105
105584 30
105601 32
105641 86
105672 62
105694 18
105720 122
105757 18
105774 90
105775 2
105789 17
105802 16
105824 6
105838 63
105883 18
105906 73
105915 115
105915 77
105921 5
105948 13
105969 66
105992 60
106033 44
106073 41
106108 66
106117 112
106143 60
106170 121
106176 50
106219 56
106245 26
106284 8
106289 80
106304 19
106327 96
106349 70
106367 66
106372 127
106404 85
106442 21
106486 21
106513 47
106550 45
106553 103
106580 13
106601 99
106634 6
106660 52
106681 51
106702 45
106714 62
106732 75
106732 48
106753 64
106795 81
106813 5
106824 34
106851 106
106872 100
106905 11
106928 64
106973 101
106987 124
107000 105
107008 23
107023 34
107047 22
107079 24
107091 81
107114 120
107142 80
107181 19
107206 20
107215 41
107238 72
107238 17
107263 23
107292 16
107320 5
107341 22
107386 1
107428 29
107469 31
107470 72
107483 55
107522 120
107563 61
107572 65
107589 71
107629 109
107664 17
107707 118
107736 127
107761 26
107767 97
107771 77
107776 38
107818 20
107841 10
107867 36
107871 34
107875 76
107877 39
107920 85
107921 56
107951 109
107992 8
107993 2
108038 49
108074 105
108092 2
108105 79
108110 67
108132 73
108158 23
108173 36
108208 54
108230 90
108268 60
108308 117
108321 76
108344 100
108369 3
108382 21
108391 98
108429 89
108460 112
108496 73
108535 56
108547 92
108567 47
108570 79
108573 77
108596 56
108618 19
108643 98
108661 58
108674 58
108686 34
108716 82
108749 93
108752 11
108784 70
108789 118
108830 28
108850 107
108872 36
108894 118
108935 32
108980 78
109003 85
109014 103
109053 19
109087 109
109092 111
109109 81
109116 32
109117 30
109139 39
109164 57
109178 35
109195 3
109220 39
109220 120
109253 67
109253 24
109296 19
109310 44
109333 13
109342 63
109355 14
109381 2
109416 35
109446 81
109479 43
109482 36
109499 78
109518 22
109523 35
109550 58
109552 65
109564 37
109566 88
109581 47
109614 9
109629 39
109657 67
109679 19
109694 14
109704 71
109743 119
109786 34
109811 15
109848 20
109876 88
109921 10
109928 40
109967 118
110009 17
110010 47
110025 13
110037 102
110060 117
110078 63
110095 97
110107 40
110149 53
110164 119
110203 25
110209 64
110233 34
110272 54
110290 51
110316 80
110361 56
110392 103
110398 41
110406 71
110409 22
110432 88
110465 29
110499 37
110516 26
110525 18
110554 85
110555 19
110562 31
110605 113
110607 81
110626 3
110658 73
110690 119
110705 124
110750 99
110766 8
110804 24
110843 62
110879 93
110915 118
110959 90
110975 72
111000 57
111038 94
111054 46
111096 90
111114 98
111135 59
111135 57
111175 84
111191 90
111191 76
111222 34
111242 63
111264 23
111285 68
111302 101
111337 75
111361 101
111394 79
111415 10
111445 26
111476 72
111482 61
111492 110
111519 13
111560 15
111566 91
111603 81
111613 13
111643 127
111678 49
111716 109
111716 50
111759 12
111770 95
111774 67
111813 35
111849 19
111857 47
111868 125
111881 32
111910 116
111947 58
111978 10
112005 49
112014 41
112036 75
112061 89
112077 114
112119 93
112139 79
112173 83
112209 87
112247 38
112286 63
112302 89
112332 80
112370 110
112377 25
112401 33
112429 76
112474 19
112490 11
112533 119
112550 101
112561 113
112567 7
112599 106
112625 41
112648 96
112676 18
112696 107
112716 36
112756 95
112758 67
112793 34
112837 40
112881 107
112899 126
112903 75
112931 97
112961 6
112969 79
112986 64
113021 66
113048 99
113089 93
113102 120
113129 119
113149 107
113165 60
113175 94
113188 97
113194 121
113226 89
113248 26
113262 7
113262 81
